1.305596923828125000e+02 1.333248748779296875e+02 1.124568023681640625e+02
1.305765991210937500e+02 1.332968902587890625e+02 1.125206985473632812e+02
1.306179962158203125e+02 1.332263183593750000e+02 1.126854019165039062e+02
1.306698760986328125e+02 1.331332702636718750e+02 1.129104614257812500e+02
1.307182464599609375e+02 1.330378570556640625e+02 1.131554107666015625e+02
1.307493591308593750e+02 1.329600372314453125e+02 1.133805313110351562e+02
1.307587738037109375e+02 1.329141082763671875e+02 1.135738220214843750e+02
1.307537384033203125e+02 1.329068298339843750e+02 1.137580871582031250e+02
1.307390747070312500e+02 1.329358367919921875e+02 1.139456710815429688e+02
1.307164001464843750e+02 1.329903564453125000e+02 1.141363983154296875e+02
1.306871948242187500e+02 1.330592193603515625e+02 1.143295288085937500e+02
1.306529541015625000e+02 1.331312866210937500e+02 1.145243453979492188e+02
1.306151580810546875e+02 1.331953887939453125e+02 1.147201309204101562e+02
1.305752716064453125e+02 1.332403717041015625e+02 1.149161529541015625e+02
1.305348205566406250e+02 1.332551116943359375e+02 1.151116943359375000e+02
1.304929962158203125e+02 1.332320556640625000e+02 1.153055877685546875e+02
1.304279327392578125e+02 1.331979522705078125e+02 1.154925155639648438e+02
1.303290557861328125e+02 1.331844787597656250e+02 1.156703262329101562e+02
1.302327880859375000e+02 1.331949005126953125e+02 1.158480148315429688e+02
1.301805572509765625e+02 1.332286987304687500e+02 1.160357513427734375e+02
1.301573638916015625e+02 1.332683715820312500e+02 1.162316894531250000e+02
1.301340026855468750e+02 1.332983398437500000e+02 1.164324569702148438e+02
1.301146545410156250e+02 1.333201141357421875e+02 1.166365890502929688e+02
1.301030426025390625e+02 1.333353576660156250e+02 1.168420562744140625e+02
1.301028442382812500e+02 1.333457183837890625e+02 1.170468139648437500e+02
1.301177673339843750e+02 1.333528594970703125e+02 1.172488021850585938e+02
1.301515197753906250e+02 1.333584289550781250e+02 1.174459838867187500e+02
1.302077941894531250e+02 1.333640899658203125e+02 1.176363220214843750e+02
1.302892456054687500e+02 1.333710632324218750e+02 1.178181457519531250e+02
1.303814086914062500e+02 1.333735198974609375e+02 1.179960708618164062e+02
1.304649658203125000e+02 1.333648834228515625e+02 1.181768417358398438e+02
1.305395355224609375e+02 1.333489990234375000e+02 1.183610076904296875e+02
1.306072235107421875e+02 1.333310852050781250e+02 1.185483322143554688e+02
1.306701202392578125e+02 1.333163146972656250e+02 1.187385482788085938e+02
1.307302856445312500e+02 1.333098907470703125e+02 1.189314117431640625e+02
1.307896575927734375e+02 1.333166656494140625e+02 1.191266555786132812e+02
1.308465728759765625e+02 1.333338623046875000e+02 1.193236465454101562e+02
1.308958740234375000e+02 1.333513336181640625e+02 1.195214004516601562e+02
1.309322662353515625e+02 1.333586425781250000e+02 1.197189178466796875e+02
1.309504547119140625e+02 1.333453063964843750e+02 1.199152069091796875e+02
1.309469299316406250e+02 1.333028717041015625e+02 1.201096191406250000e+02
1.309427947998046875e+02 1.332501068115234375e+02 1.203052978515625000e+02
1.309487304687500000e+02 1.331938171386718750e+02 1.205008926391601562e+02
1.309686126708984375e+02 1.331332244873046875e+02 1.206933670043945312e+02
1.310063171386718750e+02 1.330674896240234375e+02 1.208797073364257812e+02
1.310657043457031250e+02 1.329957885742187500e+02 1.210568923950195312e+02
1.311353912353515625e+02 1.329147796630859375e+02 1.212254486083984375e+02
1.311655120849609375e+02 1.328189697265625000e+02 1.213979644775390625e+02
1.311792755126953125e+02 1.327230682373046875e+02 1.215756149291992188e+02
1.312080841064453125e+02 1.326430358886718750e+02 1.217574996948242188e+02
1.312593841552734375e+02 1.325836181640625000e+02 1.219425506591796875e+02
1.313294830322265625e+02 1.325443572998046875e+02 1.221296234130859375e+02
1.314146423339843750e+02 1.325247955322265625e+02 1.223175506591796875e+02
1.315111083984375000e+02 1.325244140625000000e+02 1.225051879882812500e+02
1.316151275634765625e+02 1.325427703857421875e+02 1.226913757324218750e+02
1.317229614257812500e+02 1.325793609619140625e+02 1.228749694824218750e+02
1.318308715820312500e+02 1.326337127685546875e+02 1.230548095703125000e+02
1.319350891113281250e+02 1.327053527832031250e+02 1.232297439575195312e+02
1.320318908691406250e+02 1.327937927246093750e+02 1.233986129760742188e+02
1.321175079345703125e+02 1.328985595703125000e+02 1.235602722167968750e+02
1.321654357910156250e+02 1.330021057128906250e+02 1.237250061035156250e+02
1.321746673583984375e+02 1.330673980712890625e+02 1.239133682250976562e+02
1.322080993652343750e+02 1.331308746337890625e+02 1.241007919311523438e+02
1.322506256103515625e+02 1.331974334716796875e+02 1.242865829467773438e+02
1.322875366210937500e+02 1.332717895507812500e+02 1.244700546264648438e+02
1.323123779296875000e+02 1.333552246093750000e+02 1.246511840820312500e+02
1.323265228271484375e+02 1.334456939697265625e+02 1.248305358886718750e+02
1.323316345214843750e+02 1.335411071777343750e+02 1.250086975097656250e+02
1.323294067382812500e+02 1.336392974853515625e+02 1.251862716674804688e+02
1.323215026855468750e+02 1.337381286621093750e+02 1.253638458251953125e+02
1.323095855712890625e+02 1.338354949951171875e+02 1.255420150756835938e+02
1.322953491210937500e+02 1.339292602539062500e+02 1.257213745117187500e+02
1.322804412841796875e+02 1.340172729492187500e+02 1.259025115966796875e+02
1.322665405273437500e+02 1.340973968505859375e+02 1.260860214233398438e+02
1.322553405761718750e+02 1.341675109863281250e+02 1.262724990844726562e+02
1.322484741210937500e+02 1.342254943847656250e+02 1.264625320434570312e+02
1.322476501464843750e+02 1.342691802978515625e+02 1.266567153930664062e+02
1.322473754882812500e+02 1.342962036132812500e+02 1.268551559448242188e+02
1.322248382568359375e+02 1.343048858642578125e+02 1.270563583374023438e+02
1.321808013916015625e+02 1.342996368408203125e+02 1.272590332031250000e+02
1.321227569580078125e+02 1.342863159179687500e+02 1.274620285034179688e+02
1.320581665039062500e+02 1.342707366943359375e+02 1.276641998291015625e+02
1.319945526123046875e+02 1.342587890625000000e+02 1.278643798828125000e+02
1.319393768310546875e+02 1.342562866210937500e+02 1.280614166259765625e+02
1.319001617431640625e+02 1.342690887451171875e+02 1.282541656494140625e+02
1.318843688964843750e+02 1.343030395507812500e+02 1.284414672851562500e+02
1.318995056152343750e+02 1.343639984130859375e+02 1.286221771240234375e+02
1.319470367431640625e+02 1.344530487060546875e+02 1.287961273193359375e+02
1.320041503906250000e+02 1.345520324707031250e+02 1.289672393798828125e+02
1.320417785644531250e+02 1.346378936767578125e+02 1.291404876708984375e+02
1.320350799560546875e+02 1.346905517578125000e+02 1.293202819824218750e+02
1.319886016845703125e+02 1.347109527587890625e+02 1.295071105957031250e+02
1.319195251464843750e+02 1.347090148925781250e+02 1.296998138427734375e+02
1.318450622558593750e+02 1.346947326660156250e+02 1.298972625732421875e+02
1.317824401855468750e+02 1.346780853271484375e+02 1.300982513427734375e+02
1.317476043701171875e+02 1.346686401367187500e+02 1.303016052246093750e+02
1.317421112060546875e+02 1.346713714599609375e+02 1.305056915283203125e+02
1.317585144042968750e+02 1.346883392333984375e+02 1.307086029052734375e+02
1.317892150878906250e+02 1.347215881347656250e+02 1.309084625244140625e+02
1.318265838623046875e+02 1.347731323242187500e+02 1.311033477783203125e+02
1.318630523681640625e+02 1.348450164794921875e+02 1.312913818359375000e+02
1.318909759521484375e+02 1.349392547607421875e+02 1.314706573486328125e+02
1.319032897949218750e+02 1.350501251220703125e+02 1.316421356201171875e+02
1.318997650146484375e+02 1.351018218994140625e+02 1.318328857421875000e+02
1.318953857421875000e+02 1.351254577636718750e+02 1.320331573486328125e+02
1.318941650390625000e+02 1.351458282470703125e+02 1.322344207763671875e+02
1.318963928222656250e+02 1.351639099121093750e+02 1.324362792968750000e+02
1.319023742675781250e+02 1.351807098388671875e+02 1.326383361816406250e+02
1.319124145507812500e+02 1.351972198486328125e+02 1.328401794433593750e+02
1.319267883300781250e+02 1.352144470214843750e+02 1.330414276123046875e+02
1.319458007812500000e+02 1.352333831787109375e+02 1.332416839599609375e+02
1.319697418212890625e+02 1.352550354003906250e+02 1.334405364990234375e+02
1.319989013671875000e+02 1.352804107666015625e+02 1.336376190185546875e+02
1.320335845947265625e+02 1.353105010986328125e+02 1.338325042724609375e+02
1.320740814208984375e+02 1.353463134765625000e+02 1.340248260498046875e+02
1.321206970214843750e+02 1.353888244628906250e+02 1.342141571044921875e+02
1.321737060546875000e+02 1.354390563964843750e+02 1.344001159667968750e+02
1.322329559326171875e+02 1.354971771240234375e+02 1.345826416015625000e+02
1.322956085205078125e+02 1.355587921142578125e+02 1.347634582519531250e+02
1.323580169677734375e+02 1.356180114746093750e+02 1.349449157714843750e+02
1.324164886474609375e+02 1.356688842773437500e+02 1.351293487548828125e+02
1.324674072265625000e+02 1.357055053710937500e+02 1.353190765380859375e+02
1.325305023193359375e+02 1.357135925292968750e+02 1.355092620849609375e+02
1.325985717773437500e+02 1.357232208251953125e+02 1.356959991455078125e+02
1.326352844238281250e+02 1.357767639160156250e+02 1.358840637207031250e+02
1.326533355712890625e+02 1.358456573486328125e+02 1.360746459960937500e+02
1.326689910888671875e+02 1.358990478515625000e+02 1.362681579589843750e+02
1.326844940185546875e+02 1.359354248046875000e+02 1.364642944335937500e+02
1.326993713378906250e+02 1.359590454101562500e+02 1.366625366210937500e+02
1.327131347656250000e+02 1.359741363525390625e+02 1.368624420166015625e+02
1.327252960205078125e+02 1.359849548339843750e+02 1.370635070800781250e+02
1.327374877929687500e+02 1.359654541015625000e+02 1.372584228515625000e+02
1.327495727539062500e+02 1.358814239501953125e+02 1.374389648437500000e+02
1.327539367675781250e+02 1.357718658447265625e+02 1.376143188476562500e+02
1.327427062988281250e+02 1.356785430908203125e+02 1.377943420410156250e+02
1.327118072509765625e+02 1.356186370849609375e+02 1.379826507568359375e+02
1.326667480468750000e+02 1.355760345458984375e+02 1.381747741699218750e+02
1.326165161132812500e+02 1.355380554199218750e+02 1.383674163818359375e+02
1.325701751708984375e+02 1.354921569824218750e+02 1.385573272705078125e+02
1.325368194580078125e+02 1.354258575439453125e+02 1.387412567138671875e+02
1.325253143310546875e+02 1.353307647705078125e+02 1.389168548583984375e+02
1.325432891845703125e+02 1.352275390625000000e+02 1.390879211425781250e+02
1.325931701660156250e+02 1.351401214599609375e+02 1.392594451904296875e+02
1.326642303466796875e+02 1.350662994384765625e+02 1.394321746826171875e+02
1.327434387207031250e+02 1.349992218017578125e+02 1.396061096191406250e+02
1.328177185058593750e+02 1.349320220947265625e+02 1.397812194824218750e+02
1.328740539550781250e+02 1.348578796386718750e+02 1.399575195312500000e+02
1.329057922363281250e+02 1.347732696533203125e+02 1.401349639892578125e+02
1.329191436767578125e+02 1.346814422607421875e+02 1.403135070800781250e+02
1.329219055175781250e+02 1.345864562988281250e+02 1.404930572509765625e+02
1.329218902587890625e+02 1.344923858642578125e+02 1.406735839843750000e+02
1.329268646240234375e+02 1.344033050537109375e+02 1.408549804687500000e+02
1.329446716308593750e+02 1.343232574462890625e+02 1.410372009277343750e+02
1.329830780029296875e+02 1.342563171386718750e+02 1.412201690673828125e+02
1.330484008789062500e+02 1.342017364501953125e+02 1.414013824462890625e+02
1.331312255859375000e+02 1.341275634765625000e+02 1.415671997070312500e+02
1.331899566650390625e+02 1.340089263916015625e+02 1.417187347412109375e+02
1.332538146972656250e+02 1.338886566162109375e+02 1.418615570068359375e+02
1.333468170166015625e+02 1.337920074462890625e+02 1.419979858398437500e+02
1.334646606445312500e+02 1.337156677246093750e+02 1.421300048828125000e+02
1.336010284423828125e+02 1.336542968750000000e+02 1.422595062255859375e+02
1.337495880126953125e+02 1.336025390625000000e+02 1.423884429931640625e+02
1.339039916992187500e+02 1.335550689697265625e+02 1.425187530517578125e+02
1.340579376220703125e+02 1.335065155029296875e+02 1.426523284912109375e+02
1.342050933837890625e+02 1.334515533447265625e+02 1.427911071777343750e+02
1.343391265869140625e+02 1.333848114013671875e+02 1.429370422363281250e+02
1.344556121826171875e+02 1.333030853271484375e+02 1.430910949707031250e+02
1.345613861083984375e+02 1.332154693603515625e+02 1.432488861083984375e+02
1.346673278808593750e+02 1.331355895996093750e+02 1.434040069580078125e+02
1.347843627929687500e+02 1.330770721435546875e+02 1.435500640869140625e+02
1.349233703613281250e+02 1.330535278320312500e+02 1.436806640625000000e+02
1.350854034423828125e+02 1.330728759765625000e+02 1.437963714599609375e+02
1.352333984375000000e+02 1.331208953857421875e+02 1.439246215820312500e+02
1.353451995849609375e+02 1.331717681884765625e+02 1.440828399658203125e+02
1.354619293212890625e+02 1.331935577392578125e+02 1.442436828613281250e+02
1.355830383300781250e+02 1.332056579589843750e+02 1.444032135009765625e+02
1.356955261230468750e+02 1.332241973876953125e+02 1.445678405761718750e+02
1.357968292236328125e+02 1.332447204589843750e+02 1.447398376464843750e+02
1.358876342773437500e+02 1.332670745849609375e+02 1.449181671142578125e+02
1.359685668945312500e+02 1.332911376953125000e+02 1.451018066406250000e+02
1.360402984619140625e+02 1.333168029785156250e+02 1.452897186279296875e+02
1.361034698486328125e+02 1.333439178466796875e+02 1.454808807373046875e+02
1.361587524414062500e+02 1.333723754882812500e+02 1.456742401123046875e+02
1.362067718505859375e+02 1.334020233154296875e+02 1.458688049316406250e+02
1.362481994628906250e+02 1.334327545166015625e+02 1.460634918212890625e+02
1.362867431640625000e+02 1.334641723632812500e+02 1.462583160400390625e+02
1.363287963867187500e+02 1.334947509765625000e+02 1.464546356201171875e+02
1.363738708496093750e+02 1.335227813720703125e+02 1.466520080566406250e+02
1.364212493896484375e+02 1.335465240478515625e+02 1.468498992919921875e+02
1.364702301025390625e+02 1.335642852783203125e+02 1.470477752685546875e+02
1.365200653076171875e+02 1.335743408203125000e+02 1.472451477050781250e+02
1.365700683593750000e+02 1.335749511718750000e+02 1.474414672851562500e+02
1.366195068359375000e+02 1.335644226074218750e+02 1.476362457275390625e+02
1.366676788330078125e+02 1.335410461425781250e+02 1.478289184570312500e+02
1.367138671875000000e+02 1.335030822753906250e+02 1.480189971923828125e+02
1.367573394775390625e+02 1.334488067626953125e+02 1.482059478759765625e+02
1.368056640625000000e+02 1.333736724853515625e+02 1.483850708007812500e+02
1.368425445556640625e+02 1.332881317138671875e+02 1.485603179931640625e+02
1.368457336425781250e+02 1.332072448730468750e+02 1.487415618896484375e+02
1.368231658935546875e+02 1.331325683593750000e+02 1.489276428222656250e+02
1.367832031250000000e+02 1.330654907226562500e+02 1.491172332763671875e+02
1.367341766357421875e+02 1.330073852539062500e+02 1.493090362548828125e+02
1.366844177246093750e+02 1.329595642089843750e+02 1.495017395019531250e+02
1.366402740478515625e+02 1.329197692871093750e+02 1.496944732666015625e+02
1.366052703857421875e+02 1.328807373046875000e+02 1.498870239257812500e+02
1.365827636718750000e+02 1.328348236083984375e+02 1.500792083740234375e+02
1.365753021240234375e+02 1.327768554687500000e+02 1.502708129882812500e+02
1.365829620361328125e+02 1.327103576660156250e+02 1.504615631103515625e+02
1.366051940917968750e+02 1.326406860351562500e+02 1.506511535644531250e+02
1.366415100097656250e+02 1.325732727050781250e+02 1.508392944335937500e+02
1.366913757324218750e+02 1.325134582519531250e+02 1.510256958007812500e+02
1.367543029785156250e+02 1.324666595458984375e+02 1.512100524902343750e+02
1.368295440673828125e+02 1.324367370605468750e+02 1.513920898437500000e+02
1.369156341552734375e+02 1.324216918945312500e+02 1.515716247558593750e+02
1.370108947753906250e+02 1.324181213378906250e+02 1.517484893798828125e+02
1.371136474609375000e+02 1.324226074218750000e+02 1.519225463867187500e+02
1.372221984863281250e+02 1.324317474365234375e+02 1.520936126708984375e+02
1.373349151611328125e+02 1.324421234130859375e+02 1.522615356445312500e+02
1.374500579833984375e+02 1.324504394531250000e+02 1.524262695312500000e+02
1.375657958984375000e+02 1.324550323486328125e+02 1.525893554687500000e+02
1.376801605224609375e+02 1.324552917480468750e+02 1.527533111572265625e+02
1.377923278808593750e+02 1.324510192871093750e+02 1.529191436767578125e+02
1.379025421142578125e+02 1.324423522949218750e+02 1.530864868164062500e+02
1.380110168457031250e+02 1.324294128417968750e+02 1.532549133300781250e+02
1.381180419921875000e+02 1.324123687744140625e+02 1.534239959716796875e+02
1.382238311767578125e+02 1.323913421630859375e+02 1.535932922363281250e+02
1.383286743164062500e+02 1.323664703369140625e+02 1.537623748779296875e+02
1.384328002929687500e+02 1.323379058837890625e+02 1.539308166503906250e+02
1.385364074707031250e+02 1.323056488037109375e+02 1.540982666015625000e+02
1.386389770507812500e+02 1.322684631347656250e+02 1.542649383544921875e+02
1.387395935058593750e+02 1.322242889404296875e+02 1.544314727783203125e+02
1.388373260498046875e+02 1.321710968017578125e+02 1.545984954833984375e+02
1.389312438964843750e+02 1.321068267822265625e+02 1.547666473388671875e+02
1.390203094482421875e+02 1.320298156738281250e+02 1.549364013671875000e+02
1.391028747558593750e+02 1.319407958984375000e+02 1.551073608398437500e+02
1.391770019531250000e+02 1.318415069580078125e+02 1.552787322998046875e+02
1.392407531738281250e+02 1.317336578369140625e+02 1.554497528076171875e+02
1.392922363281250000e+02 1.316190032958984375e+02 1.556196289062500000e+02
1.393295135498046875e+02 1.314992675781250000e+02 1.557875823974609375e+02
1.393506469726562500e+02 1.313761749267578125e+02 1.559528503417968750e+02
1.393537139892578125e+02 1.312514495849609375e+02 1.561146240234375000e+02
1.393368072509765625e+02 1.311268615722656250e+02 1.562721405029296875e+02
1.392979736328125000e+02 1.310041046142578125e+02 1.564246215820312500e+02
1.392353210449218750e+02 1.308849182128906250e+02 1.565712890625000000e+02
1.391517181396484375e+02 1.307677764892578125e+02 1.567107086181640625e+02
1.390685729980468750e+02 1.306386718750000000e+02 1.568390808105468750e+02
1.390008850097656250e+02 1.304886627197265625e+02 1.569534454345703125e+02
1.389418640136718750e+02 1.303250732421875000e+02 1.570539550781250000e+02
1.388853454589843750e+02 1.301548767089843750e+02 1.571431121826171875e+02
1.388298797607421875e+02 1.299815216064453125e+02 1.572265319824218750e+02
1.387744445800781250e+02 1.298082275390625000e+02 1.573100891113281250e+02
1.387178802490234375e+02 1.296395874023437500e+02 1.574016418457031250e+02
1.386613464355468750e+02 1.294777526855468750e+02 1.575050811767578125e+02
1.386075592041015625e+02 1.293213500976562500e+02 1.576190795898437500e+02
1.385592041015625000e+02 1.291690521240234375e+02 1.577422180175781250e+02
1.385171203613281250e+02 1.290207366943359375e+02 1.578735809326171875e+02
1.384793090820312500e+02 1.288781890869140625e+02 1.580128326416015625e+02
1.384435272216796875e+02 1.287434234619140625e+02 1.581597442626953125e+02
1.384075469970703125e+02 1.286183776855468750e+02 1.583140563964843750e+02
1.383691101074218750e+02 1.285050354003906250e+02 1.584754943847656250e+02
1.383259887695312500e+02 1.284053802490234375e+02 1.586438446044921875e+02
1.382763519287109375e+02 1.283208923339843750e+02 1.588186798095703125e+02
1.382282562255859375e+02 1.282415924072265625e+02 1.589963531494140625e+02
1.381967926025390625e+02 1.281483917236328125e+02 1.591705017089843750e+02
1.381680755615234375e+02 1.280503082275390625e+02 1.593429565429687500e+02
1.381385650634765625e+02 1.279535980224609375e+02 1.595160217285156250e+02
1.381102752685546875e+02 1.278603973388671875e+02 1.596909790039062500e+02
1.380852508544921875e+02 1.277728500366210938e+02 1.598691253662109375e+02
1.380642395019531250e+02 1.276919097900390625e+02 1.600510253906250000e+02
1.380460357666015625e+02 1.276062240600585938e+02 1.602301025390625000e+02
1.380390777587890625e+02 1.275044784545898438e+02 1.604004211425781250e+02
1.380417938232421875e+02 1.273901977539062500e+02 1.605639343261718750e+02
1.380521545410156250e+02 1.272672882080078125e+02 1.607228393554687500e+02
1.380681610107421875e+02 1.271396560668945312e+02 1.608793029785156250e+02
1.380877990722656250e+02 1.270111999511718750e+02 1.610354919433593750e+02
1.381090545654296875e+02 1.268858261108398438e+02 1.611935729980468750e+02
1.381299285888671875e+02 1.267674407958984375e+02 1.613557586669921875e+02
1.381484069824218750e+02 1.266599426269531250e+02 1.615241851806640625e+02
1.381633300781250000e+02 1.265661392211914062e+02 1.617003326416015625e+02
1.381765594482421875e+02 1.264849700927734375e+02 1.618831024169921875e+02
1.381906280517578125e+02 1.264145126342773438e+02 1.620708618164062500e+02
1.382080230712890625e+02 1.263528594970703125e+02 1.622619628906250000e+02
1.382312774658203125e+02 1.262980957031250000e+02 1.624547882080078125e+02
1.382629089355468750e+02 1.262483291625976562e+02 1.626477050781250000e+02
1.383053588867187500e+02 1.262016372680664062e+02 1.628390808105468750e+02
1.383584594726562500e+02 1.261568450927734375e+02 1.630282745361328125e+02
1.384181518554687500e+02 1.261137695312500000e+02 1.632160339355468750e+02
1.384800872802734375e+02 1.260723190307617188e+02 1.634032745361328125e+02
1.385399017333984375e+02 1.260324020385742188e+02 1.635908203125000000e+02
1.385932464599609375e+02 1.259939270019531250e+02 1.637795867919921875e+02
1.386357574462890625e+02 1.259568023681640625e+02 1.639704437255859375e+02
1.386630859375000000e+02 1.259209365844726562e+02 1.641642456054687500e+02
1.386739501953125000e+02 1.258836441040039062e+02 1.643606262207031250e+02
1.386777801513671875e+02 1.258331832885742188e+02 1.645547485351562500e+02
1.386841735839843750e+02 1.257590408325195312e+02 1.647418212890625000e+02
1.386942596435546875e+02 1.256628723144531250e+02 1.649209136962890625e+02
1.387071228027343750e+02 1.255492630004882812e+02 1.650920104980468750e+02
1.387219238281250000e+02 1.254227828979492188e+02 1.652551116943359375e+02
1.387377471923828125e+02 1.252879943847656250e+02 1.654101867675781250e+02
1.387537078857421875e+02 1.251494827270507812e+02 1.655572204589843750e+02
1.387689514160156250e+02 1.250118179321289062e+02 1.656962127685546875e+02
1.387826538085937500e+02 1.248793029785156250e+02 1.658274841308593750e+02
1.387967529296875000e+02 1.247483825683593750e+02 1.659619903564453125e+02
1.388163146972656250e+02 1.246064834594726562e+02 1.661228485107421875e+02
1.388448333740234375e+02 1.244461135864257812e+02 1.663247680664062500e+02
1.388764343261718750e+02 1.242903060913085938e+02 1.665328674316406250e+02
1.389020385742187500e+02 1.241723785400390625e+02 1.666955566406250000e+02
1.389125823974609375e+02 1.241256637573242188e+02 1.667612609863281250e+02
