1.303546600341796875e+02 1.352233123779296875e+02 1.116697158813476562e+02
1.303445587158203125e+02 1.352533569335937500e+02 1.117569046020507812e+02
1.303239593505859375e+02 1.353222503662109375e+02 1.119670639038085938e+02
1.303074493408203125e+02 1.353981933593750000e+02 1.122230682373046875e+02
1.303081207275390625e+02 1.354512939453125000e+02 1.124524002075195312e+02
1.303190917968750000e+02 1.354780426025390625e+02 1.126444015502929688e+02
1.303197021484375000e+02 1.354934844970703125e+02 1.128320846557617188e+02
1.303060455322265625e+02 1.355053710937500000e+02 1.130310134887695312e+02
1.302938537597656250e+02 1.355125427246093750e+02 1.132355194091796875e+02
1.302975006103515625e+02 1.355135040283203125e+02 1.134394760131835938e+02
1.303157806396484375e+02 1.355077972412109375e+02 1.136412429809570312e+02
1.303413543701171875e+02 1.354954071044921875e+02 1.138409576416015625e+02
1.303669128417968750e+02 1.354762725830078125e+02 1.140387420654296875e+02
1.303850860595703125e+02 1.354503784179687500e+02 1.142347488403320312e+02
1.303888092041015625e+02 1.354177093505859375e+02 1.144291076660156250e+02
1.303761291503906250e+02 1.353789215087890625e+02 1.146220626831054688e+02
1.303496856689453125e+02 1.353352966308593750e+02 1.148139419555664062e+02
1.303123016357421875e+02 1.352881164550781250e+02 1.150050659179687500e+02
1.302668304443359375e+02 1.352386474609375000e+02 1.151957626342773438e+02
1.302160949707031250e+02 1.351882019042968750e+02 1.153863677978515625e+02
1.301629180908203125e+02 1.351380615234375000e+02 1.155772094726562500e+02
1.301101379394531250e+02 1.350894927978515625e+02 1.157686080932617188e+02
1.300605773925781250e+02 1.350438079833984375e+02 1.159608993530273438e+02
1.300170593261718750e+02 1.350022735595703125e+02 1.161544113159179688e+02
1.299824218750000000e+02 1.349661865234375000e+02 1.163494720458984375e+02
1.299595031738281250e+02 1.349368438720703125e+02 1.165464019775390625e+02
1.299511108398437500e+02 1.349154968261718750e+02 1.167455444335937500e+02
1.299485321044921875e+02 1.349039611816406250e+02 1.169460601806640625e+02
1.299149780273437500e+02 1.349053039550781250e+02 1.171441421508789062e+02
1.298453674316406250e+02 1.349229736328125000e+02 1.173367919921875000e+02
1.297590484619140625e+02 1.349604644775390625e+02 1.175219039916992188e+02
1.296758270263671875e+02 1.350213165283203125e+02 1.176973876953125000e+02
1.296154785156250000e+02 1.351090087890625000e+02 1.178611679077148438e+02
1.295905609130859375e+02 1.352239379882812500e+02 1.180127410888671875e+02
1.295973663330078125e+02 1.353593139648437500e+02 1.181552124023437500e+02
1.296298980712890625e+02 1.355074310302734375e+02 1.182921905517578125e+02
1.296821746826171875e+02 1.356605377197265625e+02 1.184272613525390625e+02
1.297481842041015625e+02 1.358108978271484375e+02 1.185640411376953125e+02
1.298219451904296875e+02 1.359507598876953125e+02 1.187061233520507812e+02
1.298974609375000000e+02 1.360724029541015625e+02 1.188571090698242188e+02
1.299687652587890625e+02 1.361682128906250000e+02 1.190205383300781250e+02
1.300364379882812500e+02 1.362678985595703125e+02 1.191809844970703125e+02
1.301044769287109375e+02 1.363923034667968750e+02 1.193276596069335938e+02
1.301734619140625000e+02 1.365300750732421875e+02 1.194660949707031250e+02
1.302439880371093750e+02 1.366699218750000000e+02 1.196018524169921875e+02
1.303166351318359375e+02 1.368005218505859375e+02 1.197404785156250000e+02
1.303919677734375000e+02 1.369105224609375000e+02 1.198875427246093750e+02
1.304705963134765625e+02 1.369886474609375000e+02 1.200485763549804688e+02
1.305501708984375000e+02 1.370264739990234375e+02 1.202280578613281250e+02
1.306030883789062500e+02 1.370411682128906250e+02 1.204210281372070312e+02
1.306066436767578125e+02 1.370561828613281250e+02 1.206194686889648438e+02
1.305800323486328125e+02 1.370790252685546875e+02 1.208195343017578125e+02
1.305484161376953125e+02 1.371149749755859375e+02 1.210179901123046875e+02
1.305370178222656250e+02 1.371692047119140625e+02 1.212116012573242188e+02
1.305643768310546875e+02 1.371904754638671875e+02 1.214073638916015625e+02
1.306071777343750000e+02 1.371576995849609375e+02 1.216061782836914062e+02
1.306440277099609375e+02 1.371054534912109375e+02 1.218009719848632812e+02
1.306768798828125000e+02 1.370442352294921875e+02 1.219924392700195312e+02
1.307093353271484375e+02 1.369828491210937500e+02 1.221818466186523438e+02
1.307450256347656250e+02 1.369300537109375000e+02 1.223704528808593750e+02
1.307875671386718750e+02 1.368946380615234375e+02 1.225595169067382812e+02
1.308404235839843750e+02 1.368850097656250000e+02 1.227502670288085938e+02
1.308990020751953125e+02 1.368876953125000000e+02 1.229424514770507812e+02
1.309533081054687500e+02 1.368751983642578125e+02 1.231345367431640625e+02
1.310034790039062500e+02 1.368480834960937500e+02 1.233264007568359375e+02
1.310506896972656250e+02 1.368096313476562500e+02 1.235180435180664062e+02
1.310960693359375000e+02 1.367631378173828125e+02 1.237094879150390625e+02
1.311407470703125000e+02 1.367118835449218750e+02 1.239007263183593750e+02
1.311861572265625000e+02 1.366590728759765625e+02 1.240916442871093750e+02
1.312351379394531250e+02 1.366073303222656250e+02 1.242813796997070312e+02
1.312909240722656250e+02 1.365591888427734375e+02 1.244689025878906250e+02
1.313567199707031250e+02 1.365171356201171875e+02 1.246531524658203125e+02
1.314357604980468750e+02 1.364837036132812500e+02 1.248330841064453125e+02
1.315299530029296875e+02 1.364588012695312500e+02 1.250083770751953125e+02
1.316314544677734375e+02 1.364277801513671875e+02 1.251828460693359375e+02
1.317327423095703125e+02 1.363869934082031250e+02 1.253576965332031250e+02
1.318273162841796875e+02 1.363364257812500000e+02 1.255331954956054688e+02
1.319086761474609375e+02 1.362760162353515625e+02 1.257095870971679688e+02
1.319703521728515625e+02 1.362057495117187500e+02 1.258871536254882812e+02
1.320058135986328125e+02 1.361255950927734375e+02 1.260661468505859375e+02
1.320095520019531250e+02 1.360377960205078125e+02 1.262469558715820312e+02
1.319841461181640625e+02 1.359635467529296875e+02 1.264310226440429688e+02
1.319368438720703125e+02 1.359193572998046875e+02 1.266190338134765625e+02
1.318761749267578125e+02 1.358902893066406250e+02 1.268088150024414062e+02
1.318108367919921875e+02 1.358572082519531250e+02 1.269977951049804688e+02
1.317489929199218750e+02 1.358030090332031250e+02 1.271837005615234375e+02
1.316932830810546875e+02 1.357296295166015625e+02 1.273670043945312500e+02
1.316435241699218750e+02 1.356490631103515625e+02 1.275495910644531250e+02
1.315994567871093750e+02 1.355734405517578125e+02 1.277334060668945312e+02
1.315608215332031250e+02 1.355148925781250000e+02 1.279203491210937500e+02
1.315273895263671875e+02 1.354855346679687500e+02 1.281123504638671875e+02
1.315097808837890625e+02 1.354845123291015625e+02 1.283096008300781250e+02
1.315505828857421875e+02 1.354607696533203125e+02 1.285041809082031250e+02
1.316261291503906250e+02 1.354245147705078125e+02 1.286943511962890625e+02
1.317051391601562500e+02 1.353944702148437500e+02 1.288796997070312500e+02
1.317792663574218750e+02 1.353681488037109375e+02 1.290632629394531250e+02
1.318310852050781250e+02 1.353381042480468750e+02 1.292523498535156250e+02
1.318635864257812500e+02 1.353053894042968750e+02 1.294464111328125000e+02
1.318871612548828125e+02 1.352706451416015625e+02 1.296433563232421875e+02
1.319121704101562500e+02 1.352344970703125000e+02 1.298411254882812500e+02
1.319490051269531250e+02 1.351975860595703125e+02 1.300376281738281250e+02
1.320072021484375000e+02 1.351606597900390625e+02 1.302309417724609375e+02
1.320860137939453125e+02 1.351258392333984375e+02 1.304207305908203125e+02
1.321776885986328125e+02 1.350961456298828125e+02 1.306077880859375000e+02
1.322743225097656250e+02 1.350746459960937500e+02 1.307929534912109375e+02
1.323680267333984375e+02 1.350643920898437500e+02 1.309770507812500000e+02
1.324509429931640625e+02 1.350684509277343750e+02 1.311608734130859375e+02
1.325151519775390625e+02 1.350898590087890625e+02 1.313452453613281250e+02
1.325527954101562500e+02 1.351316986083984375e+02 1.315309906005859375e+02
1.325586700439453125e+02 1.351955413818359375e+02 1.317187194824218750e+02
1.325580291748046875e+02 1.352665252685546875e+02 1.319067077636718750e+02
1.325795898437500000e+02 1.353279418945312500e+02 1.320929565429687500e+02
1.326227874755859375e+02 1.353791961669921875e+02 1.322776641845703125e+02
1.326837005615234375e+02 1.354214324951171875e+02 1.324613494873046875e+02
1.327584838867187500e+02 1.354558105468750000e+02 1.326444396972656250e+02
1.328432312011718750e+02 1.354834747314453125e+02 1.328274536132812500e+02
1.329340972900390625e+02 1.355056152343750000e+02 1.330108489990234375e+02
1.330271759033203125e+02 1.355233764648437500e+02 1.331950988769531250e+02
1.331185913085937500e+02 1.355379180908203125e+02 1.333806762695312500e+02
1.332044830322265625e+02 1.355503997802734375e+02 1.335680694580078125e+02
1.332809600830078125e+02 1.355619964599609375e+02 1.337577514648437500e+02
1.333442840576171875e+02 1.355737609863281250e+02 1.339501800537109375e+02
1.333938903808593750e+02 1.355849609375000000e+02 1.341452484130859375e+02
1.334325103759765625e+02 1.355929260253906250e+02 1.343423461914062500e+02
1.334630584716796875e+02 1.355949096679687500e+02 1.345407867431640625e+02
1.334884033203125000e+02 1.355881500244140625e+02 1.347399139404296875e+02
1.335114593505859375e+02 1.355699005126953125e+02 1.349390563964843750e+02
1.335351104736328125e+02 1.355374145507812500e+02 1.351375579833984375e+02
1.335622558593750000e+02 1.354879302978515625e+02 1.353347473144531250e+02
1.336035003662109375e+02 1.354350128173828125e+02 1.355271453857421875e+02
1.336889648437500000e+02 1.354868927001953125e+02 1.357009582519531250e+02
1.337458343505859375e+02 1.355491638183593750e+02 1.358873596191406250e+02
1.337790985107421875e+02 1.356078491210937500e+02 1.360847473144531250e+02
1.337946624755859375e+02 1.356488189697265625e+02 1.362872314453125000e+02
1.337984313964843750e+02 1.356579437255859375e+02 1.364888610839843750e+02
1.337962951660156250e+02 1.356213989257812500e+02 1.366837921142578125e+02
1.337916412353515625e+02 1.355551452636718750e+02 1.368735504150390625e+02
1.337855834960937500e+02 1.355146942138671875e+02 1.370698089599609375e+02
1.337904510498046875e+02 1.354705200195312500e+02 1.372653808593750000e+02
1.338074645996093750e+02 1.354108734130859375e+02 1.374573516845703125e+02
1.338321075439453125e+02 1.353437347412109375e+02 1.376473388671875000e+02
1.338598327636718750e+02 1.352770996093750000e+02 1.378369445800781250e+02
1.338861083984375000e+02 1.352189331054687500e+02 1.380278015136718750e+02
1.339064178466796875e+02 1.351772308349609375e+02 1.382215118408203125e+02
1.339163665771484375e+02 1.351598968505859375e+02 1.384196472167968750e+02
1.339169464111328125e+02 1.351705627441406250e+02 1.386212768554687500e+02
1.339167022705078125e+02 1.352070465087890625e+02 1.388219757080078125e+02
1.339247436523437500e+02 1.352667236328125000e+02 1.390170898437500000e+02
1.339501342773437500e+02 1.353469543457031250e+02 1.392019653320312500e+02
1.339991760253906250e+02 1.354434204101562500e+02 1.393738250732421875e+02
1.340680389404296875e+02 1.355455169677734375e+02 1.395367431640625000e+02
1.341505584716796875e+02 1.356412658691406250e+02 1.396963348388671875e+02
1.342405395507812500e+02 1.357186431884765625e+02 1.398582458496093750e+02
1.343318328857421875e+02 1.357656402587890625e+02 1.400280914306640625e+02
1.344172363281250000e+02 1.357807922363281250e+02 1.402091064453125000e+02
1.344867858886718750e+02 1.357904663085937500e+02 1.403980255126953125e+02
1.345329132080078125e+02 1.358214416503906250e+02 1.405906524658203125e+02
1.345677490234375000e+02 1.358714294433593750e+02 1.407831573486328125e+02
1.346118621826171875e+02 1.359256591796875000e+02 1.409719085693359375e+02
1.346851959228515625e+02 1.359701538085937500e+02 1.411532287597656250e+02
1.347609863281250000e+02 1.360383605957031250e+02 1.413246307373046875e+02
1.348395690917968750e+02 1.360827331542968750e+02 1.415010986328125000e+02
1.349228973388671875e+02 1.360967712402343750e+02 1.416842498779296875e+02
1.350044708251953125e+02 1.360927734375000000e+02 1.418726501464843750e+02
1.350777893066406250e+02 1.360830383300781250e+02 1.420648040771484375e+02
1.351363067626953125e+02 1.360794067382812500e+02 1.422593078613281250e+02
1.351707000732421875e+02 1.360726165771484375e+02 1.424566192626953125e+02
1.351818237304687500e+02 1.360571289062500000e+02 1.426560363769531250e+02
1.351948242187500000e+02 1.360957336425781250e+02 1.428529052734375000e+02
1.351568756103515625e+02 1.360731201171875000e+02 1.430452880859375000e+02
1.350794525146484375e+02 1.360043182373046875e+02 1.432184753417968750e+02
1.349817657470703125e+02 1.359266967773437500e+02 1.433831481933593750e+02
1.348830261230468750e+02 1.358778228759765625e+02 1.435506134033203125e+02
1.347926025390625000e+02 1.358771514892578125e+02 1.437276153564453125e+02
1.346958465576171875e+02 1.358997650146484375e+02 1.439097137451171875e+02
1.345866851806640625e+02 1.359228668212890625e+02 1.440928192138671875e+02
1.344766845703125000e+02 1.359364166259765625e+02 1.442757568359375000e+02
1.343787689208984375e+02 1.359313964843750000e+02 1.444575500488281250e+02
1.343058624267578125e+02 1.358987426757812500e+02 1.446372528076171875e+02
1.342708892822265625e+02 1.358294219970703125e+02 1.448139038085937500e+02
1.342760314941406250e+02 1.357371368408203125e+02 1.449915466308593750e+02
1.342951354980468750e+02 1.356831207275390625e+02 1.451829528808593750e+02
1.343265838623046875e+02 1.356493530273437500e+02 1.453800659179687500e+02
1.343733367919921875e+02 1.356046905517578125e+02 1.455715637207031250e+02
1.344352416992187500e+02 1.355263366699218750e+02 1.457491607666015625e+02
1.345010528564453125e+02 1.354207153320312500e+02 1.459155731201171875e+02
1.345570983886718750e+02 1.353007049560546875e+02 1.460758972167968750e+02
1.345897369384765625e+02 1.351792297363281250e+02 1.462352447509765625e+02
1.345852661132812500e+02 1.350691680908203125e+02 1.463987274169921875e+02
1.345354919433593750e+02 1.349804687500000000e+02 1.465703277587890625e+02
1.344828491210937500e+02 1.348957214355468750e+02 1.467435302734375000e+02
1.344749298095703125e+02 1.347933044433593750e+02 1.469102783203125000e+02
1.345024719238281250e+02 1.346784820556640625e+02 1.470731201171875000e+02
1.345471954345703125e+02 1.345607757568359375e+02 1.472362670898437500e+02
1.345908966064453125e+02 1.344497222900390625e+02 1.474039306640625000e+02
1.346152954101562500e+02 1.343548431396484375e+02 1.475803070068359375e+02
1.346488952636718750e+02 1.342732086181640625e+02 1.477582702636718750e+02
1.347268218994140625e+02 1.341910400390625000e+02 1.479261322021484375e+02
1.348163299560546875e+02 1.341059875488281250e+02 1.480885620117187500e+02
1.349048156738281250e+02 1.340150299072265625e+02 1.482431182861328125e+02
1.350175628662109375e+02 1.339177246093750000e+02 1.483778686523437500e+02
1.351524658203125000e+02 1.338193054199218750e+02 1.484952545166015625e+02
1.353052825927734375e+02 1.337253112792968750e+02 1.485987548828125000e+02
1.354716949462890625e+02 1.336412963867187500e+02 1.486918334960937500e+02
1.356474456787109375e+02 1.335727691650390625e+02 1.487779541015625000e+02
1.358282470703125000e+02 1.335252990722656250e+02 1.488605804443359375e+02
1.360103912353515625e+02 1.335018157958984375e+02 1.489423065185546875e+02
1.361994934082031250e+02 1.334651336669921875e+02 1.490204772949218750e+02
1.363941345214843750e+02 1.333972778320312500e+02 1.490991516113281250e+02
1.365848236083984375e+02 1.333076629638671875e+02 1.491829528808593750e+02
1.367620544433593750e+02 1.332056274414062500e+02 1.492764587402343750e+02
1.369163360595703125e+02 1.331005554199218750e+02 1.493843078613281250e+02
1.370381622314453125e+02 1.330018157958984375e+02 1.495111083984375000e+02
1.371180419921875000e+02 1.329188079833984375e+02 1.496614532470703125e+02
1.371468505859375000e+02 1.328606414794921875e+02 1.498397979736328125e+02
1.371426544189453125e+02 1.328178710937500000e+02 1.500374908447265625e+02
1.371653594970703125e+02 1.327526092529296875e+02 1.502256164550781250e+02
1.372021026611328125e+02 1.326772155761718750e+02 1.504080963134765625e+02
1.372430114746093750e+02 1.326057739257812500e+02 1.505904388427734375e+02
1.372956237792968750e+02 1.325374755859375000e+02 1.507702636718750000e+02
1.373584899902343750e+02 1.324718933105468750e+02 1.509479522705078125e+02
1.374294281005859375e+02 1.324085998535156250e+02 1.511240234375000000e+02
1.375063171386718750e+02 1.323471679687500000e+02 1.512990570068359375e+02
1.375869750976562500e+02 1.322872161865234375e+02 1.514736175537109375e+02
1.376692657470703125e+02 1.322283020019531250e+02 1.516482543945312500e+02
1.377510375976562500e+02 1.321700286865234375e+02 1.518235168457031250e+02
1.378301239013671875e+02 1.321119842529296875e+02 1.519999694824218750e+02
1.379043579101562500e+02 1.320537414550781250e+02 1.521781768798828125e+02
1.379728240966796875e+02 1.319958496093750000e+02 1.523584594726562500e+02
1.380416870117187500e+02 1.319446563720703125e+02 1.525397949218750000e+02
1.381196899414062500e+02 1.319085540771484375e+02 1.527206573486328125e+02
1.382066192626953125e+02 1.318913116455078125e+02 1.529013824462890625e+02
1.382890930175781250e+02 1.318898925781250000e+02 1.530849914550781250e+02
1.383529663085937500e+02 1.319006652832031250e+02 1.532746429443359375e+02
1.383925628662109375e+02 1.319190368652343750e+02 1.534707031250000000e+02
1.384111175537109375e+02 1.319394073486328125e+02 1.536706390380859375e+02
1.384133148193359375e+02 1.319572296142578125e+02 1.538721313476562500e+02
1.384068450927734375e+02 1.319714508056640625e+02 1.540738525390625000e+02
1.383999938964843750e+02 1.319816741943359375e+02 1.542746887207031250e+02
1.384010772705078125e+02 1.319875183105468750e+02 1.544735260009765625e+02
1.384181213378906250e+02 1.319886474609375000e+02 1.546693115234375000e+02
1.384536895751953125e+02 1.319853973388671875e+02 1.548618011474609375e+02
1.385050201416015625e+02 1.319788665771484375e+02 1.550516052246093750e+02
1.385690460205078125e+02 1.319701385498046875e+02 1.552393798828125000e+02
1.386427764892578125e+02 1.319603271484375000e+02 1.554257812500000000e+02
1.387231750488281250e+02 1.319505004882812500e+02 1.556114196777343750e+02
1.388072204589843750e+02 1.319417724609375000e+02 1.557969818115234375e+02
1.388918762207031250e+02 1.319352569580078125e+02 1.559830780029296875e+02
1.389741363525390625e+02 1.319320220947265625e+02 1.561703796386718750e+02
1.390509643554687500e+02 1.319331817626953125e+02 1.563595275878906250e+02
1.391193237304687500e+02 1.319398345947265625e+02 1.565511474609375000e+02
1.391762237548828125e+02 1.319530792236328125e+02 1.567459106445312500e+02
1.392186279296875000e+02 1.319740142822265625e+02 1.569444427490234375e+02
1.392440185546875000e+02 1.320034942626953125e+02 1.571472167968750000e+02
1.392583618164062500e+02 1.320388641357421875e+02 1.573515625000000000e+02
1.392742767333984375e+02 1.320746154785156250e+02 1.575523681640625000e+02
1.393046417236328125e+02 1.321051330566406250e+02 1.577444610595703125e+02
1.393622131347656250e+02 1.321248626708984375e+02 1.579226684570312500e+02
1.394539184570312500e+02 1.321309051513671875e+02 1.580843811035156250e+02
1.395748138427734375e+02 1.321257324218750000e+02 1.582321472167968750e+02
1.397185668945312500e+02 1.321124267578125000e+02 1.583691558837890625e+02
1.398788299560546875e+02 1.320940856933593750e+02 1.584985656738281250e+02
1.400492858886718750e+02 1.320738067626953125e+02 1.586235351562500000e+02
1.402235717773437500e+02 1.320546875000000000e+02 1.587472229003906250e+02
1.403953704833984375e+02 1.320398254394531250e+02 1.588728027343750000e+02
1.405583953857421875e+02 1.320323028564453125e+02 1.590034179687500000e+02
1.407095947265625000e+02 1.320333862304687500e+02 1.591405334472656250e+02
1.408513031005859375e+02 1.320414581298828125e+02 1.592829132080078125e+02
1.409863433837890625e+02 1.320546264648437500e+02 1.594290161132812500e+02
1.411175079345703125e+02 1.320709686279296875e+02 1.595773620605468750e+02
1.412476196289062500e+02 1.320886077880859375e+02 1.597264099121093750e+02
1.413795013427734375e+02 1.321056060791015625e+02 1.598746795654296875e+02
1.415159301757812500e+02 1.321201019287109375e+02 1.600206604003906250e+02
1.416597595214843750e+02 1.321301727294921875e+02 1.601628112792968750e+02
1.418119964599609375e+02 1.321348266601562500e+02 1.603003540039062500e+02
1.419524230957031250e+02 1.321438446044921875e+02 1.604408721923828125e+02
1.420517425537109375e+02 1.321715698242187500e+02 1.605956420898437500e+02
1.421082305908203125e+02 1.322178649902343750e+02 1.607658386230468750e+02
1.421301727294921875e+02 1.322774200439453125e+02 1.609489135742187500e+02
1.421258544921875000e+02 1.323449096679687500e+02 1.611423492431640625e+02
1.421035766601562500e+02 1.324150085449218750e+02 1.613436279296875000e+02
1.420716094970703125e+02 1.324823608398437500e+02 1.615502166748046875e+02
1.420382385253906250e+02 1.325416717529296875e+02 1.617595825195312500e+02
1.420117797851562500e+02 1.325875854492187500e+02 1.619691925048828125e+02
1.420004882812500000e+02 1.326147766113281250e+02 1.621765136718750000e+02
1.420111541748046875e+02 1.326199340820312500e+02 1.623794250488281250e+02
1.420415191650390625e+02 1.326115264892578125e+02 1.625780792236328125e+02
1.420861206054687500e+02 1.326023406982421875e+02 1.627734527587890625e+02
1.421394653320312500e+02 1.326051330566406250e+02 1.629665374755859375e+02
1.421962280273437500e+02 1.326280364990234375e+02 1.631581115722656250e+02
1.422515106201171875e+02 1.326688995361328125e+02 1.633484497070312500e+02
1.423004913330078125e+02 1.327241821289062500e+02 1.635377655029296875e+02
1.423383483886718750e+02 1.327903442382812500e+02 1.637263031005859375e+02
1.423602142333984375e+02 1.328638458251953125e+02 1.639142761230468750e+02
1.423612670898437500e+02 1.329411468505859375e+02 1.641019134521484375e+02
1.423391571044921875e+02 1.330173797607421875e+02 1.642895660400390625e+02
1.423005981445312500e+02 1.330829162597656250e+02 1.644781494140625000e+02
1.422543792724609375e+02 1.331270446777343750e+02 1.646687316894531250e+02
1.422092132568359375e+02 1.331391601562500000e+02 1.648623352050781250e+02
1.421651000976562500e+02 1.331231384277343750e+02 1.650576171875000000e+02
1.421072235107421875e+02 1.331081695556640625e+02 1.652493743896484375e+02
1.420372161865234375e+02 1.331015472412109375e+02 1.654376525878906250e+02
1.419664916992187500e+02 1.330972442626953125e+02 1.656255950927734375e+02
1.419065704345703125e+02 1.330891113281250000e+02 1.658163757324218750e+02
1.418624114990234375e+02 1.330724334716796875e+02 1.660113067626953125e+02
1.418137512207031250e+02 1.330480194091796875e+02 1.662045440673828125e+02
1.417389526367187500e+02 1.330177917480468750e+02 1.663897094726562500e+02
1.416402435302734375e+02 1.329821777343750000e+02 1.665660552978515625e+02
1.415272369384765625e+02 1.329412384033203125e+02 1.667346954345703125e+02
1.414095458984375000e+02 1.328949737548828125e+02 1.668966827392578125e+02
1.412968139648437500e+02 1.328434295654296875e+02 1.670530853271484375e+02
1.411986389160156250e+02 1.327866210937500000e+02 1.672050018310546875e+02
1.411213989257812500e+02 1.327247161865234375e+02 1.673539428710937500e+02
1.410583190917968750e+02 1.326583557128906250e+02 1.675033721923828125e+02
1.409994201660156250e+02 1.325883483886718750e+02 1.676571655273437500e+02
1.409346466064453125e+02 1.325154418945312500e+02 1.678192138671875000e+02
1.408539886474609375e+02 1.324404449462890625e+02 1.679934539794921875e+02
1.407474517822265625e+02 1.323641357421875000e+02 1.681837310791015625e+02
1.406051635742187500e+02 1.322873382568359375e+02 1.683938293457031250e+02
1.404495697021484375e+02 1.322196350097656250e+02 1.685949859619140625e+02
1.403746795654296875e+02 1.321900482177734375e+02 1.686865539550781250e+02
