1.317896881103515625e+02 1.217900161743164062e+02 1.617778472900390625e+02
1.317622833251953125e+02 1.218091354370117188e+02 1.615966949462890625e+02
1.315646972656250000e+02 1.218618240356445312e+02 1.615083160400390625e+02
1.314870300292968750e+02 1.220021591186523438e+02 1.613866729736328125e+02
1.314496154785156250e+02 1.221616973876953125e+02 1.612653045654296875e+02
1.314254913330078125e+02 1.223274993896484375e+02 1.611527557373046875e+02
1.314088592529296875e+02 1.224981689453125000e+02 1.610480194091796875e+02
1.313939361572265625e+02 1.226723098754882812e+02 1.609500427246093750e+02
1.313749542236328125e+02 1.228485183715820312e+02 1.608578186035156250e+02
1.313461303710937500e+02 1.230254058837890625e+02 1.607703247070312500e+02
1.313018798828125000e+02 1.232014694213867188e+02 1.606862945556640625e+02
1.312579803466796875e+02 1.233670578002929688e+02 1.605839996337890625e+02
1.312260284423828125e+02 1.235219039916992188e+02 1.604596557617187500e+02
1.311871948242187500e+02 1.236834106445312500e+02 1.603486633300781250e+02
1.311424255371093750e+02 1.238565368652343750e+02 1.602462615966796875e+02
1.310989532470703125e+02 1.240366058349609375e+02 1.601393280029296875e+02
1.310587310791015625e+02 1.242195892333984375e+02 1.600271453857421875e+02
1.310237274169921875e+02 1.244014739990234375e+02 1.599090118408203125e+02
1.309958953857421875e+02 1.245782394409179688e+02 1.597842407226562500e+02
1.309772186279296875e+02 1.247458724975585938e+02 1.596521301269531250e+02
1.309696197509765625e+02 1.249003524780273438e+02 1.595119934082031250e+02
1.309750976562500000e+02 1.250376510620117188e+02 1.593631439208984375e+02
1.309955749511718750e+02 1.251537551879882812e+02 1.592048645019531250e+02
1.310330200195312500e+02 1.252446517944335938e+02 1.590364837646484375e+02
1.310894165039062500e+02 1.253063125610351562e+02 1.588572998046875000e+02
1.311602172851562500e+02 1.253420944213867188e+02 1.586688079833984375e+02
1.312075500488281250e+02 1.253933944702148438e+02 1.584838256835937500e+02
1.312008361816406250e+02 1.254991455078125000e+02 1.583157806396484375e+02
1.311884002685546875e+02 1.256329269409179688e+02 1.581641235351562500e+02
1.311886596679687500e+02 1.257684249877929688e+02 1.580174102783203125e+02
1.312158813476562500e+02 1.258864212036132812e+02 1.578581695556640625e+02
1.312655487060546875e+02 1.259899444580078125e+02 1.576910858154296875e+02
1.313200836181640625e+02 1.260886840820312500e+02 1.575244140625000000e+02
1.313750762939453125e+02 1.261858825683593750e+02 1.573587646484375000e+02
1.314290313720703125e+02 1.262823638916015625e+02 1.571922454833984375e+02
1.314655609130859375e+02 1.263667984008789062e+02 1.570157470703125000e+02
1.314846954345703125e+02 1.264399032592773438e+02 1.568299255371093750e+02
1.314949188232421875e+02 1.265088729858398438e+02 1.566400299072265625e+02
1.315046691894531250e+02 1.265808944702148438e+02 1.564512481689453125e+02
1.315199432373046875e+02 1.266611404418945312e+02 1.562673950195312500e+02
1.315393218994140625e+02 1.267487106323242188e+02 1.560879364013671875e+02
1.315600585937500000e+02 1.268415451049804688e+02 1.559114990234375000e+02
1.315793609619140625e+02 1.269376220703125000e+02 1.557367858886718750e+02
1.315944519042968750e+02 1.270348892211914062e+02 1.555624542236328125e+02
1.316025543212890625e+02 1.271313095092773438e+02 1.553871307373046875e+02
1.316008911132812500e+02 1.272248306274414062e+02 1.552095184326171875e+02
1.315866546630859375e+02 1.273134155273437500e+02 1.550283050537109375e+02
1.315549621582031250e+02 1.273946685791015625e+02 1.548448638916015625e+02
1.314979248046875000e+02 1.274656600952148438e+02 1.546645202636718750e+02
1.314073333740234375e+02 1.275234375000000000e+02 1.544929504394531250e+02
1.312776947021484375e+02 1.275657196044921875e+02 1.543346862792968750e+02
1.311222229003906250e+02 1.275950546264648438e+02 1.541864318847656250e+02
1.309622039794921875e+02 1.276160583496093750e+02 1.540414886474609375e+02
1.308189697265625000e+02 1.276333618164062500e+02 1.538931732177734375e+02
1.307138519287109375e+02 1.276515960693359375e+02 1.537347717285156250e+02
1.306681823730468750e+02 1.276753997802734375e+02 1.535595855712890625e+02
1.306919250488281250e+02 1.277025375366210938e+02 1.533657379150390625e+02
1.307557983398437500e+02 1.277070846557617188e+02 1.531681060791015625e+02
1.308238067626953125e+02 1.276626815795898438e+02 1.529833984375000000e+02
1.308894653320312500e+02 1.276108551025390625e+02 1.528023376464843750e+02
1.309587097167968750e+02 1.275748214721679688e+02 1.526180419921875000e+02
1.310330352783203125e+02 1.275483169555664062e+02 1.524330444335937500e+02
1.311139221191406250e+02 1.275250473022460938e+02 1.522498626708984375e+02
1.312028198242187500e+02 1.274987106323242188e+02 1.520710449218750000e+02
1.313012084960937500e+02 1.274630050659179688e+02 1.518991241455078125e+02
1.314095611572265625e+02 1.274145736694335938e+02 1.517354278564453125e+02
1.315251922607421875e+02 1.273589019775390625e+02 1.515778045654296875e+02
1.316448822021484375e+02 1.273031158447265625e+02 1.514233703613281250e+02
1.317653808593750000e+02 1.272543640136718750e+02 1.512692718505859375e+02
1.318834533691406250e+02 1.272197799682617188e+02 1.511126861572265625e+02
1.319958496093750000e+02 1.272065124511718750e+02 1.509507141113281250e+02
1.321003417968750000e+02 1.272205429077148438e+02 1.507816009521484375e+02
1.322017211914062500e+02 1.272596130371093750e+02 1.506111907958984375e+02
1.323079376220703125e+02 1.273177871704101562e+02 1.504487609863281250e+02
1.324263000488281250e+02 1.273887176513671875e+02 1.503027496337890625e+02
1.325375518798828125e+02 1.274534912109375000e+02 1.501498718261718750e+02
1.326313629150390625e+02 1.275088119506835938e+02 1.499804992675781250e+02
1.327104034423828125e+02 1.275610656738281250e+02 1.498013763427734375e+02
1.327772827148437500e+02 1.276165008544921875e+02 1.496191406250000000e+02
1.328328552246093750e+02 1.276746520996093750e+02 1.494358825683593750e+02
1.328759918212890625e+02 1.277268447875976562e+02 1.492477722167968750e+02
1.329092254638671875e+02 1.277735061645507812e+02 1.490553588867187500e+02
1.329366149902343750e+02 1.278190460205078125e+02 1.488611907958984375e+02
1.329622192382812500e+02 1.278679046630859375e+02 1.486678009033203125e+02
1.329900970458984375e+02 1.279245071411132812e+02 1.484777069091796875e+02
1.330243225097656250e+02 1.279932937622070312e+02 1.482934722900390625e+02
1.330659027099609375e+02 1.280760345458984375e+02 1.481160430908203125e+02
1.331074218750000000e+02 1.281671295166015625e+02 1.479421081542968750e+02
1.331404876708984375e+02 1.282601470947265625e+02 1.477678222656250000e+02
1.331629180908203125e+02 1.283536529541015625e+02 1.475924835205078125e+02
1.331767425537109375e+02 1.284496765136718750e+02 1.474174652099609375e+02
1.331840515136718750e+02 1.285502624511718750e+02 1.472442169189453125e+02
1.331869354248046875e+02 1.286574707031250000e+02 1.470741424560546875e+02
1.331874847412109375e+02 1.287733764648437500e+02 1.469086761474609375e+02
1.331876525878906250e+02 1.288999023437500000e+02 1.467491912841796875e+02
1.331865844726562500e+02 1.290360565185546875e+02 1.465958862304687500e+02
1.331804351806640625e+02 1.291778717041015625e+02 1.464476623535156250e+02
1.331652221679687500e+02 1.293211517333984375e+02 1.463034057617187500e+02
1.331370086669921875e+02 1.294617919921875000e+02 1.461620178222656250e+02
1.330917816162109375e+02 1.295956268310546875e+02 1.460223541259765625e+02
1.330256195068359375e+02 1.297185058593750000e+02 1.458833007812500000e+02
1.329360961914062500e+02 1.298277435302734375e+02 1.457441253662109375e+02
1.328302764892578125e+02 1.299290008544921875e+02 1.456063537597656250e+02
1.327185516357421875e+02 1.300310516357421875e+02 1.454723510742187500e+02
1.326083831787109375e+02 1.301391754150390625e+02 1.453428649902343750e+02
1.325014648437500000e+02 1.302521057128906250e+02 1.452156372070312500e+02
1.323989257812500000e+02 1.303678283691406250e+02 1.450880279541015625e+02
1.323018341064453125e+02 1.304843597412109375e+02 1.449574432373046875e+02
1.322113189697265625e+02 1.305996704101562500e+02 1.448212585449218750e+02
1.321284332275390625e+02 1.307117614746093750e+02 1.446768646240234375e+02
1.320543975830078125e+02 1.308187103271484375e+02 1.445217895507812500e+02
1.319920501708984375e+02 1.309200897216796875e+02 1.443563385009765625e+02
1.319458007812500000e+02 1.310168609619140625e+02 1.441833801269531250e+02
1.319200744628906250e+02 1.311100463867187500e+02 1.440058441162109375e+02
1.319193420410156250e+02 1.312006378173828125e+02 1.438267059326171875e+02
1.319190368652343750e+02 1.312829284667968750e+02 1.436450347900390625e+02
1.318927612304687500e+02 1.313459014892578125e+02 1.434559326171875000e+02
1.318668975830078125e+02 1.314154663085937500e+02 1.432704925537109375e+02
1.318263092041015625e+02 1.314940490722656250e+02 1.430934143066406250e+02
1.317709197998046875e+02 1.315782165527343750e+02 1.429228515625000000e+02
1.317028503417968750e+02 1.316650085449218750e+02 1.427567443847656250e+02
1.316242065429687500e+02 1.317514648437500000e+02 1.425930633544921875e+02
1.315370941162109375e+02 1.318345947265625000e+02 1.424297637939453125e+02
1.314436492919921875e+02 1.319114532470703125e+02 1.422648010253906250e+02
1.313459777832031250e+02 1.319790649414062500e+02 1.420961303710937500e+02
1.312463989257812500e+02 1.320344390869140625e+02 1.419216918945312500e+02
1.311749420166015625e+02 1.320735931396484375e+02 1.417371063232421875e+02
1.311769866943359375e+02 1.321079254150390625e+02 1.415398254394531250e+02
1.312017517089843750e+02 1.321829528808593750e+02 1.413568267822265625e+02
1.312602691650390625e+02 1.322857666015625000e+02 1.411944732666015625e+02
1.313091278076171875e+02 1.323881988525390625e+02 1.410257568359375000e+02
1.313391571044921875e+02 1.324806365966796875e+02 1.408453063964843750e+02
1.313541717529296875e+02 1.325597686767578125e+02 1.406556854248046875e+02
1.313579711914062500e+02 1.326222381591796875e+02 1.404594726562500000e+02
1.313543701171875000e+02 1.326647338867187500e+02 1.402592010498046875e+02
1.313471527099609375e+02 1.326839141845703125e+02 1.400574645996093750e+02
1.313399810791015625e+02 1.326768188476562500e+02 1.398567810058593750e+02
1.313303527832031250e+02 1.326558990478515625e+02 1.396577911376953125e+02
1.313105316162109375e+02 1.326486053466796875e+02 1.394588317871093750e+02
1.312939605712890625e+02 1.326430816650390625e+02 1.392589263916015625e+02
1.312876892089843750e+02 1.326277770996093750e+02 1.390582580566406250e+02
1.312869567871093750e+02 1.326049194335937500e+02 1.388575744628906250e+02
1.312867736816406250e+02 1.325769805908203125e+02 1.386576385498046875e+02
1.312821807861328125e+02 1.325464630126953125e+02 1.384591979980468750e+02
1.312681884765625000e+02 1.325158538818359375e+02 1.382630004882812500e+02
1.312398529052734375e+02 1.324876098632812500e+02 1.380698242187500000e+02
1.311949768066406250e+02 1.324629364013671875e+02 1.378799591064453125e+02
1.311356811523437500e+02 1.324410705566406250e+02 1.376929779052734375e+02
1.310644073486328125e+02 1.324210815429687500e+02 1.375084381103515625e+02
1.309836578369140625e+02 1.324020385742187500e+02 1.373258666992187500e+02
1.308959045410156250e+02 1.323829956054687500e+02 1.371447906494140625e+02
1.308036041259765625e+02 1.323630218505859375e+02 1.369647369384765625e+02
1.307092437744140625e+02 1.323411560058593750e+02 1.367852325439453125e+02
1.306152954101562500e+02 1.323164978027343750e+02 1.366058349609375000e+02
1.305242309570312500e+02 1.322880859375000000e+02 1.364260559082031250e+02
1.304385528564453125e+02 1.322549896240234375e+02 1.362454376220703125e+02
1.303607635498046875e+02 1.322170867919921875e+02 1.360633697509765625e+02
1.302936553955078125e+02 1.321766510009765625e+02 1.358788299560546875e+02
1.302400207519531250e+02 1.321364440917968750e+02 1.356907196044921875e+02
1.302017669677734375e+02 1.320986938476562500e+02 1.354982452392578125e+02
1.301761474609375000e+02 1.320630035400390625e+02 1.353022460937500000e+02
1.301588745117187500e+02 1.320280761718750000e+02 1.351040802001953125e+02
1.301456604003906250e+02 1.319926605224609375e+02 1.349051208496093750e+02
1.301321868896484375e+02 1.319554595947265625e+02 1.347067565917968750e+02
1.301141967773437500e+02 1.319152221679687500e+02 1.345103302001953125e+02
1.300873565673828125e+02 1.318706359863281250e+02 1.343172149658203125e+02
1.300474090576171875e+02 1.318204650878906250e+02 1.341287994384765625e+02
1.299902038574218750e+02 1.317634429931640625e+02 1.339463806152343750e+02
1.299668121337890625e+02 1.316973419189453125e+02 1.337638549804687500e+02
1.299916076660156250e+02 1.316269378662109375e+02 1.335764465332031250e+02
1.300185546875000000e+02 1.315575866699218750e+02 1.333902740478515625e+02
1.300668640136718750e+02 1.314856872558593750e+02 1.332088012695312500e+02
1.301443328857421875e+02 1.314102020263671875e+02 1.330347137451171875e+02
1.302265777587890625e+02 1.313431854248046875e+02 1.328618621826171875e+02
1.302779541015625000e+02 1.313012237548828125e+02 1.326810150146484375e+02
1.302809448242187500e+02 1.312899017333984375e+02 1.324872589111328125e+02
1.302569274902343750e+02 1.312912902832031250e+02 1.322848968505859375e+02
1.302322387695312500e+02 1.312843780517578125e+02 1.320794219970703125e+02
1.302275085449218750e+02 1.312509002685546875e+02 1.318765106201171875e+02
1.302283782958984375e+02 1.311891326904296875e+02 1.316826019287109375e+02
1.302070770263671875e+02 1.311036224365234375e+02 1.315044708251953125e+02
1.301445922851562500e+02 1.310009918212890625e+02 1.313453063964843750e+02
1.300805664062500000e+02 1.309007873535156250e+02 1.311840515136718750e+02
1.300332183837890625e+02 1.308104400634765625e+02 1.310119628906250000e+02
1.299957427978515625e+02 1.307280883789062500e+02 1.308323822021484375e+02
1.299611816406250000e+02 1.306518096923828125e+02 1.306487579345703125e+02
1.299225311279296875e+02 1.305796508789062500e+02 1.304645080566406250e+02
1.298728332519531250e+02 1.305096893310546875e+02 1.302830505371093750e+02
1.298078918457031250e+02 1.304418945312500000e+02 1.301061706542968750e+02
1.297461242675781250e+02 1.303887023925781250e+02 1.299232940673828125e+02
1.296911468505859375e+02 1.303451843261718750e+02 1.297349090576171875e+02
1.296408691406250000e+02 1.303015136718750000e+02 1.295452270507812500e+02
1.295932159423828125e+02 1.302478332519531250e+02 1.293584899902343750e+02
1.295462799072265625e+02 1.301762390136718750e+02 1.291781311035156250e+02
1.294995117187500000e+02 1.300913238525390625e+02 1.290026245117187500e+02
1.294529113769531250e+02 1.300028381347656250e+02 1.288284149169921875e+02
1.294112701416015625e+02 1.299179534912109375e+02 1.286518859863281250e+02
1.293906097412109375e+02 1.298341217041015625e+02 1.284707183837890625e+02
1.293778076171875000e+02 1.297587738037109375e+02 1.282848663330078125e+02
1.293574981689453125e+02 1.297002258300781250e+02 1.280944519042968750e+02
1.293296508789062500e+02 1.296585235595703125e+02 1.279001693725585938e+02
1.293043365478515625e+02 1.296282348632812500e+02 1.277031784057617188e+02
1.292910614013671875e+02 1.296041717529296875e+02 1.275045852661132812e+02
1.292792510986328125e+02 1.295897827148437500e+02 1.273051300048828125e+02
1.292422332763671875e+02 1.295922088623046875e+02 1.271088638305664062e+02
1.291753387451171875e+02 1.296067962646484375e+02 1.269223785400390625e+02
1.290889434814453125e+02 1.296304168701171875e+02 1.267427139282226562e+02
1.289946136474609375e+02 1.296603088378906250e+02 1.265658950805664062e+02
1.289039306640625000e+02 1.296937255859375000e+02 1.263879470825195312e+02
1.288280029296875000e+02 1.297266387939453125e+02 1.262050094604492188e+02
1.287743988037109375e+02 1.297495422363281250e+02 1.260143051147460938e+02
1.287361145019531250e+02 1.297645568847656250e+02 1.258181152343750000e+02
1.286978607177734375e+02 1.297823181152343750e+02 1.256216506958007812e+02
1.286469116210937500e+02 1.298126373291015625e+02 1.254297332763671875e+02
1.285837860107421875e+02 1.298608856201171875e+02 1.252450637817382812e+02
1.285131530761718750e+02 1.299310302734375000e+02 1.250696640014648438e+02
1.284420776367187500e+02 1.300230865478515625e+02 1.249032897949218750e+02
1.283874511718750000e+02 1.301207580566406250e+02 1.247364883422851562e+02
1.283678436279296875e+02 1.302040405273437500e+02 1.245577239990234375e+02
1.283683776855468750e+02 1.302723083496093750e+02 1.243687973022460938e+02
1.283497924804687500e+02 1.303424072265625000e+02 1.241827774047851562e+02
1.283130493164062500e+02 1.304152679443359375e+02 1.240000610351562500e+02
1.282648010253906250e+02 1.304895019531250000e+02 1.238192291259765625e+02
1.282116851806640625e+02 1.305637207031250000e+02 1.236388702392578125e+02
1.281603393554687500e+02 1.306365509033203125e+02 1.234575881958007812e+02
1.281173858642578125e+02 1.307065887451171875e+02 1.232739715576171875e+02
1.280894927978515625e+02 1.307724761962890625e+02 1.230865936279296875e+02
1.280832672119140625e+02 1.308328094482421875e+02 1.228940582275390625e+02
1.281027832031250000e+02 1.308866119384765625e+02 1.226955871582031250e+02
1.281338653564453125e+02 1.309356842041015625e+02 1.224948348999023438e+02
1.281544799804687500e+02 1.309830322265625000e+02 1.222974014282226562e+02
1.281426086425781250e+02 1.310316467285156250e+02 1.221088562011718750e+02
1.280774230957031250e+02 1.310846252441406250e+02 1.219344787597656250e+02
1.279772338867187500e+02 1.311471710205078125e+02 1.217694168090820312e+02
1.278880386352539062e+02 1.312218780517578125e+02 1.216012878417968750e+02
1.278150482177734375e+02 1.312989807128906250e+02 1.214274673461914062e+02
1.277570571899414062e+02 1.313668975830078125e+02 1.212468414306640625e+02
1.277128829956054688e+02 1.314140625000000000e+02 1.210583267211914062e+02
1.276772155761718750e+02 1.314389648437500000e+02 1.208631744384765625e+02
1.276311416625976562e+02 1.314833831787109375e+02 1.206722106933593750e+02
1.275797195434570312e+02 1.315444488525390625e+02 1.204849624633789062e+02
1.275314865112304688e+02 1.316116485595703125e+02 1.202991027832031250e+02
1.274949798583984375e+02 1.316744689941406250e+02 1.201123199462890625e+02
1.274787521362304688e+02 1.317223968505859375e+02 1.199222946166992188e+02
1.274880981445312500e+02 1.317487792968750000e+02 1.197275085449218750e+02
1.275163726806640625e+02 1.317611541748046875e+02 1.195294036865234375e+02
1.275541839599609375e+02 1.317702789306640625e+02 1.193301086425781250e+02
1.275921401977539062e+02 1.317869567871093750e+02 1.191317367553710938e+02
1.276213455200195312e+02 1.318210906982421875e+02 1.189362258911132812e+02
1.276403503417968750e+02 1.318686218261718750e+02 1.187425918579101562e+02
1.276537704467773438e+02 1.319144592285156250e+02 1.185475997924804688e+02
1.276712722778320312e+02 1.319418945312500000e+02 1.183500595092773438e+02
1.277052078247070312e+02 1.319375610351562500e+02 1.181523971557617188e+02
1.277557144165039062e+02 1.319049835205078125e+02 1.179601135253906250e+02
1.278187866210937500e+02 1.318513031005859375e+02 1.177771148681640625e+02
1.278856887817382812e+02 1.317834625244140625e+02 1.176000976562500000e+02
1.279467163085937500e+02 1.317083587646484375e+02 1.174243164062500000e+02
1.279922103881835938e+02 1.316328887939453125e+02 1.172450332641601562e+02
1.280187225341796875e+02 1.315605316162109375e+02 1.170602416992187500e+02
1.280350952148437500e+02 1.314880065917968750e+02 1.168733367919921875e+02
1.280515899658203125e+02 1.314112243652343750e+02 1.166883468627929688e+02
1.280785217285156250e+02 1.313261260986328125e+02 1.165093154907226562e+02
1.281182250976562500e+02 1.312372436523437500e+02 1.163354492187500000e+02
1.281520233154296875e+02 1.311918792724609375e+02 1.161500396728515625e+02
1.281771697998046875e+02 1.311888122558593750e+02 1.159535064697265625e+02
1.281921997070312500e+02 1.312145996093750000e+02 1.157493667602539062e+02
1.281956481933593750e+02 1.312557373046875000e+02 1.155411300659179688e+02
1.281860656738281250e+02 1.312987976074218750e+02 1.153322982788085938e+02
1.281620025634765625e+02 1.313303070068359375e+02 1.151263885498046875e+02
1.281220092773437500e+02 1.313368072509765625e+02 1.149269027709960938e+02
1.280709381103515625e+02 1.313159790039062500e+02 1.147340774536132812e+02
1.280298004150390625e+02 1.312940826416015625e+02 1.145397720336914062e+02
1.280200500488281250e+02 1.313015747070312500e+02 1.143353652954101562e+02
1.279312820434570312e+02 1.313256072998046875e+02 1.141610336303710938e+02
1.277990264892578125e+02 1.313538665771484375e+02 1.140104217529296875e+02
1.276512222290039062e+02 1.313958435058593750e+02 1.138940887451171875e+02
1.274542770385742188e+02 1.314227142333984375e+02 1.137669906616210938e+02
1.272397308349609375e+02 1.314238433837890625e+02 1.136337890625000000e+02
1.271383895874023438e+02 1.314194793701171875e+02 1.135716857910156250e+02
