-4.809162139892578125e+01 -1.131918907165527344e+01 8.641158342361450195e-01
-4.804034042358398438e+01 -1.150627994537353516e+01 9.090698957443237305e-01
-4.799904632568359375e+01 -1.168756389617919922e+01 9.884509444236755371e-01
-4.794831848144531250e+01 -1.186662387847900391e+01 1.065926790237426758e+00
-4.788246917724609375e+01 -1.204556655883789062e+01 1.126905322074890137e+00
-4.780754089355468750e+01 -1.222514533996582031e+01 1.175906658172607422e+00
-4.772994995117187500e+01 -1.240606975555419922e+01 1.218038439750671387e+00
-4.765610885620117188e+01 -1.258905029296875000e+01 1.258408665657043457e+00
-4.759236907958984375e+01 -1.277479267120361328e+01 1.302042841911315918e+00
-4.754205703735351562e+01 -1.296369743347167969e+01 1.349693417549133301e+00
-4.750405120849609375e+01 -1.315572261810302734e+01 1.395842790603637695e+00
-4.747687530517578125e+01 -1.335079288482666016e+01 1.434473276138305664e+00
-4.745941162109375000e+01 -1.354875469207763672e+01 1.460442066192626953e+00
-4.745524597167968750e+01 -1.374844932556152344e+01 1.480378389358520508e+00
-4.746220779418945312e+01 -1.394766521453857422e+01 1.507090687751770020e+00
-4.746125793457031250e+01 -1.414356136322021484e+01 1.549369335174560547e+00
-4.743785476684570312e+01 -1.433441829681396484e+01 1.610561251640319824e+00
-4.741126251220703125e+01 -1.452485370635986328e+01 1.667375564575195312e+00
-4.740903091430664062e+01 -1.472095012664794922e+01 1.691043496131896973e+00
-4.742833709716796875e+01 -1.492216682434082031e+01 1.687752604484558105e+00
-4.744837951660156250e+01 -1.512403583526611328e+01 1.684373617172241211e+00
-4.744825363159179688e+01 -1.532207870483398438e+01 1.707856297492980957e+00
-4.742848205566406250e+01 -1.551719570159912109e+01 1.756017208099365234e+00
-4.740536117553710938e+01 -1.571335411071777344e+01 1.806852340698242188e+00
-4.738108444213867188e+01 -1.591038703918457031e+01 1.858605623245239258e+00
-4.735765457153320312e+01 -1.610807037353515625e+01 1.909803628921508789e+00
-4.733706283569335938e+01 -1.630617904663085938e+01 1.958972573280334473e+00
-4.732130813598632812e+01 -1.650449371337890625e+01 2.004638671875000000e+00
-4.731238555908203125e+01 -1.670278930664062500e+01 2.045328378677368164e+00
-4.731229782104492188e+01 -1.690084075927734375e+01 2.079568147659301758e+00
-4.732303237915039062e+01 -1.709842872619628906e+01 2.105884075164794922e+00
-4.734659576416015625e+01 -1.729532623291015625e+01 2.122802495956420898e+00
-4.738497924804687500e+01 -1.749131202697753906e+01 2.128849983215332031e+00
-4.743943786621093750e+01 -1.768620300292968750e+01 2.123079776763916016e+00
-4.749537658691406250e+01 -1.788067245483398438e+01 2.115792274475097656e+00
-4.752304458618164062e+01 -1.807621955871582031e+01 2.128037691116333008e+00
-4.751502990722656250e+01 -1.827382278442382812e+01 2.164473533630371094e+00
-4.750969696044921875e+01 -1.847305107116699219e+01 2.196164846420288086e+00
-4.751134109497070312e+01 -1.867340469360351562e+01 2.219133377075195312e+00
-4.751638793945312500e+01 -1.887441062927246094e+01 2.235161781311035156e+00
-4.752126312255859375e+01 -1.907559394836425781e+01 2.246032953262329102e+00
-4.752239990234375000e+01 -1.927648353576660156e+01 2.253530025482177734e+00
-4.751622009277343750e+01 -1.947660636901855469e+01 2.259435892105102539e+00
-4.749915313720703125e+01 -1.967548942565917969e+01 2.265533208847045898e+00
-4.746781539916992188e+01 -1.987269401550292969e+01 2.273685216903686523e+00
-4.743510818481445312e+01 -2.007070159912109375e+01 2.291956901550292969e+00
-4.741632461547851562e+01 -2.027160072326660156e+01 2.321420192718505859e+00
-4.740907669067382812e+01 -2.047368240356445312e+01 2.350420236587524414e+00
-4.741060638427734375e+01 -2.067516326904296875e+01 2.367051839828491211e+00
-4.741814422607421875e+01 -2.087425613403320312e+01 2.359409332275390625e+00
-4.742852020263671875e+01 -2.106972122192382812e+01 2.320273399353027344e+00
-4.743567657470703125e+01 -2.126609992980957031e+01 2.291294574737548828e+00
-4.743948745727539062e+01 -2.146447944641113281e+01 2.282411336898803711e+00
-4.744139862060546875e+01 -2.166439056396484375e+01 2.289926052093505859e+00
-4.744284439086914062e+01 -2.186536598205566406e+01 2.310141563415527344e+00
-4.744526672363281250e+01 -2.206693458557128906e+01 2.339360475540161133e+00
-4.745010757446289062e+01 -2.226862907409667969e+01 2.373885631561279297e+00
-4.745880508422851562e+01 -2.246998023986816406e+01 2.410019397735595703e+00
-4.747280120849609375e+01 -2.267051887512207031e+01 2.444064617156982422e+00
-4.749353408813476562e+01 -2.286977767944335938e+01 2.472324132919311523e+00
-4.752202606201171875e+01 -2.306749725341796875e+01 2.492012262344360352e+00
-4.755343246459960938e+01 -2.326613807678222656e+01 2.512458562850952148e+00
-4.758474349975585938e+01 -2.346644783020019531e+01 2.536889791488647461e+00
-4.761486816406250000e+01 -2.366802978515625000e+01 2.563900947570800781e+00
-4.764272308349609375e+01 -2.387048721313476562e+01 2.592087268829345703e+00
-4.766721725463867188e+01 -2.407342720031738281e+01 2.620043277740478516e+00
-4.768725585937500000e+01 -2.427645301818847656e+01 2.646364450454711914e+00
-4.770175933837890625e+01 -2.447916984558105469e+01 2.669645786285400391e+00
-4.770962905883789062e+01 -2.468118286132812500e+01 2.688482284545898438e+00
-4.770977783203125000e+01 -2.488209533691406250e+01 2.701468944549560547e+00
-4.770111846923828125e+01 -2.508151245117187500e+01 2.707200765609741211e+00
-4.768255996704101562e+01 -2.527903938293457031e+01 2.704272747039794922e+00
-4.765301513671875000e+01 -2.547428131103515625e+01 2.691280364990234375e+00
-4.761139297485351562e+01 -2.566684150695800781e+01 2.666818141937255859e+00
-4.755752944946289062e+01 -2.585657691955566406e+01 2.630624055862426758e+00
-4.749502944946289062e+01 -2.604436111450195312e+01 2.587085485458374023e+00
-4.742845916748046875e+01 -2.623133087158203125e+01 2.541772365570068359e+00
-4.736237716674804688e+01 -2.641862297058105469e+01 2.500254392623901367e+00
-4.730135345458984375e+01 -2.660737037658691406e+01 2.468101739883422852e+00
-4.724994659423828125e+01 -2.679870986938476562e+01 2.450883865356445312e+00
-4.721269989013671875e+01 -2.699376487731933594e+01 2.454141855239868164e+00
-4.719145202636718750e+01 -2.719178390502929688e+01 2.479426860809326172e+00
-4.718248748779296875e+01 -2.738857650756835938e+01 2.520117759704589844e+00
-4.717972564697265625e+01 -2.758368873596191406e+01 2.566584110260009766e+00
-4.717587661743164062e+01 -2.777962112426757812e+01 2.607746362686157227e+00
-4.716795730590820312e+01 -2.797821235656738281e+01 2.635415315628051758e+00
-4.718577575683593750e+01 -2.817559242248535156e+01 2.663113832473754883e+00
-4.722591781616210938e+01 -2.837186241149902344e+01 2.677563667297363281e+00
-4.725831604003906250e+01 -2.856998252868652344e+01 2.666830062866210938e+00
-4.726197814941406250e+01 -2.877045631408691406e+01 2.656813383102416992e+00
-4.725096130371093750e+01 -2.896715927124023438e+01 2.691060066223144531e+00
-4.726277542114257812e+01 -2.916180038452148438e+01 2.726758956909179688e+00
-4.729630661010742188e+01 -2.936027908325195312e+01 2.718448162078857422e+00
-4.733649063110351562e+01 -2.955993461608886719e+01 2.694945096969604492e+00
-4.736798095703125000e+01 -2.975790214538574219e+01 2.686789274215698242e+00
-4.737799453735351562e+01 -2.995171165466308594e+01 2.720244884490966797e+00
-4.737468719482421875e+01 -3.014212226867675781e+01 2.786788225173950195e+00
-4.737641525268554688e+01 -3.033145523071289062e+01 2.860962867736816406e+00
-4.739636993408203125e+01 -3.052167701721191406e+01 2.922654628753662109e+00
-4.742827224731445312e+01 -3.071337127685546875e+01 2.972151994705200195e+00
-4.746127319335937500e+01 -3.090679931640625000e+01 3.014511823654174805e+00
-4.748450851440429688e+01 -3.110221290588378906e+01 3.054750680923461914e+00
-4.748480987548828125e+01 -3.129899215698242188e+01 3.093273878097534180e+00
-4.745719528198242188e+01 -3.149580001831054688e+01 3.122132062911987305e+00
-4.744410705566406250e+01 -3.169470787048339844e+01 3.134677171707153320e+00
-4.746106338500976562e+01 -3.189579010009765625e+01 3.136280536651611328e+00
-4.748741531372070312e+01 -3.209642028808593750e+01 3.143001317977905273e+00
-4.750117492675781250e+01 -3.229387664794921875e+01 3.171297311782836914e+00
-4.749193954467773438e+01 -3.248783493041992188e+01 3.222350120544433594e+00
-4.747571182250976562e+01 -3.268061447143554688e+01 3.278071165084838867e+00
-4.746253967285156250e+01 -3.287125778198242188e+01 3.339669704437255859e+00
-4.746224594116210938e+01 -3.305872344970703125e+01 3.408741474151611328e+00
-4.747845077514648438e+01 -3.324323272705078125e+01 3.484544754028320312e+00
-4.749351882934570312e+01 -3.342928695678710938e+01 3.558330297470092773e+00
-4.748676300048828125e+01 -3.362182235717773438e+01 3.620328426361083984e+00
-4.747586822509765625e+01 -3.381362152099609375e+01 3.678628206253051758e+00
-4.751261520385742188e+01 -3.398690795898437500e+01 3.757216691970825195e+00
-4.759537124633789062e+01 -3.414300537109375000e+01 3.855431318283081055e+00
-4.769521713256835938e+01 -3.429296112060546875e+01 3.960021734237670898e+00
-4.778305435180664062e+01 -3.444788360595703125e+01 4.057650089263916016e+00
-4.783102035522460938e+01 -3.461840438842773438e+01 4.135396957397460938e+00
-4.783385086059570312e+01 -3.480665969848632812e+01 4.187925815582275391e+00
-4.780594635009765625e+01 -3.500737380981445312e+01 4.216498851776123047e+00
-4.776235198974609375e+01 -3.521501922607421875e+01 4.222599029541015625e+00
-4.771812057495117188e+01 -3.542407989501953125e+01 4.207708835601806641e+00
-4.768830108642578125e+01 -3.562903213500976562e+01 4.173311710357666016e+00
-4.768720245361328125e+01 -3.582468032836914062e+01 4.121299266815185547e+00
-4.770272064208984375e+01 -3.601750564575195312e+01 4.068088054656982422e+00
-4.770909881591796875e+01 -3.621983337402343750e+01 4.037414550781250000e+00
-4.773315429687500000e+01 -3.642016983032226562e+01 4.023596286773681641e+00
-4.780669784545898438e+01 -3.660465621948242188e+01 4.013320922851562500e+00
-4.786313629150390625e+01 -3.679233551025390625e+01 4.021091938018798828e+00
-4.787556457519531250e+01 -3.698527908325195312e+01 4.085506439208984375e+00
-4.785800933837890625e+01 -3.718317413330078125e+01 4.141114234924316406e+00
-4.782462692260742188e+01 -3.738492965698242188e+01 4.151759147644042969e+00
-4.778948974609375000e+01 -3.758749389648437500e+01 4.138763427734375000e+00
-4.776667785644531250e+01 -3.778762435913085938e+01 4.129372119903564453e+00
-4.777026748657226562e+01 -3.798207092285156250e+01 4.150829792022705078e+00
-4.780088424682617188e+01 -3.817145156860351562e+01 4.204424858093261719e+00
-4.781362152099609375e+01 -3.836909103393554688e+01 4.208162307739257812e+00
-4.781655502319335938e+01 -3.857230758666992188e+01 4.192050933837890625e+00
-4.782768630981445312e+01 -3.877540206909179688e+01 4.206112384796142578e+00
-4.784883117675781250e+01 -3.897526931762695312e+01 4.261880397796630859e+00
-4.786454010009765625e+01 -3.917157745361328125e+01 4.329819202423095703e+00
-4.785853576660156250e+01 -3.936413192749023438e+01 4.378390312194824219e+00
-4.781478500366210938e+01 -3.955276489257812500e+01 4.376330375671386719e+00
-4.776401519775390625e+01 -3.974184417724609375e+01 4.343881607055664062e+00
-4.775325393676757812e+01 -3.993640899658203125e+01 4.331877708435058594e+00
-4.777199172973632812e+01 -4.013517761230468750e+01 4.338022232055664062e+00
-4.780821990966796875e+01 -4.033670425415039062e+01 4.358583927154541016e+00
-4.784993362426757812e+01 -4.053955078125000000e+01 4.389833927154541016e+00
-4.788511657714843750e+01 -4.074226760864257812e+01 4.428041458129882812e+00
-4.790177154541015625e+01 -4.094340896606445312e+01 4.469476222991943359e+00
-4.788791275024414062e+01 -4.114154052734375000e+01 4.510381698608398438e+00
-4.786056137084960938e+01 -4.133692169189453125e+01 4.520008563995361328e+00
-4.785213088989257812e+01 -4.153124237060546875e+01 4.466891765594482422e+00
-4.782400512695312500e+01 -4.172262573242187500e+01 4.402668952941894531e+00
-4.775069808959960938e+01 -4.190203475952148438e+01 4.349407672882080078e+00
-4.766515731811523438e+01 -4.205635452270507812e+01 4.254802227020263672e+00
-4.762332916259765625e+01 -4.219897460937500000e+01 4.122115612030029297e+00
-4.759670257568359375e+01 -4.233726882934570312e+01 3.984295845031738281e+00
-4.757715606689453125e+01 -4.249959182739257812e+01 3.878355979919433594e+00
-4.755919647216796875e+01 -4.267840957641601562e+01 3.791701555252075195e+00
-4.753733062744140625e+01 -4.286608123779296875e+01 3.711598396301269531e+00
-4.750606155395507812e+01 -4.305496215820312500e+01 3.625312805175781250e+00
-4.746059417724609375e+01 -4.323803710937500000e+01 3.521986722946166992e+00
-4.740407180786132812e+01 -4.341529846191406250e+01 3.412235736846923828e+00
-4.734471511840820312e+01 -4.359123229980468750e+01 3.320372104644775391e+00
-4.729082489013671875e+01 -4.377039337158203125e+01 3.270930051803588867e+00
-4.725050735473632812e+01 -4.395706558227539062e+01 3.288359880447387695e+00
-4.721306228637695312e+01 -4.412910079956054688e+01 3.387441873550415039e+00
-4.716225051879882812e+01 -4.427219772338867188e+01 3.522610187530517578e+00
-4.711952590942382812e+01 -4.444498062133789062e+01 3.592588424682617188e+00
-4.709608459472656250e+01 -4.465412521362304688e+01 3.600540876388549805e+00
-4.709397888183593750e+01 -4.487117004394531250e+01 3.605147838592529297e+00
-4.711706924438476562e+01 -4.508263015747070312e+01 3.619924783706665039e+00
-4.716939926147460938e+01 -4.527647018432617188e+01 3.654074668884277344e+00
-4.725501251220703125e+01 -4.544067001342773438e+01 3.716800689697265625e+00
-4.737597656250000000e+01 -4.556560134887695312e+01 3.815441131591796875e+00
-4.751235580444335938e+01 -4.566840744018554688e+01 3.936547517776489258e+00
-4.763043975830078125e+01 -4.578297424316406250e+01 4.053669929504394531e+00
-4.769709014892578125e+01 -4.594255828857421875e+01 4.140856266021728516e+00
-4.772650909423828125e+01 -4.612635803222656250e+01 4.214599609375000000e+00
-4.778355789184570312e+01 -4.625880813598632812e+01 4.333679676055908203e+00
-4.787145614624023438e+01 -4.634378814697265625e+01 4.492382526397705078e+00
-4.798099517822265625e+01 -4.640102767944335938e+01 4.672163486480712891e+00
-4.810297012329101562e+01 -4.645024490356445312e+01 4.854479312896728516e+00
-4.822816848754882812e+01 -4.651116943359375000e+01 5.020785808563232422e+00
-4.834738540649414062e+01 -4.660352706909179688e+01 5.152539253234863281e+00
-4.845167541503906250e+01 -4.674612808227539062e+01 5.232165813446044922e+00
-4.854335403442382812e+01 -4.691905975341796875e+01 5.283103942871093750e+00
-4.863816833496093750e+01 -4.706132125854492188e+01 5.372032165527343750e+00
-4.874260711669921875e+01 -4.717434692382812500e+01 5.497731208801269531e+00
-4.885936355590820312e+01 -4.728403472900390625e+01 5.632431983947753906e+00
-4.898932647705078125e+01 -4.741405868530273438e+01 5.750281333923339844e+00
-4.911764526367187500e+01 -4.756819152832031250e+01 5.842742443084716797e+00
-4.922124481201171875e+01 -4.773981094360351562e+01 5.910315513610839844e+00
-4.927699279785156250e+01 -4.792219924926757812e+01 5.953576564788818359e+00
-4.926263427734375000e+01 -4.810873794555664062e+01 5.973314762115478516e+00
-4.919033432006835938e+01 -4.829653549194335938e+01 5.978424549102783203e+00
-4.911652755737304688e+01 -4.848748779296875000e+01 5.988174915313720703e+00
-4.907733917236328125e+01 -4.868315887451171875e+01 6.008493900299072266e+00
-4.906166458129882812e+01 -4.888377380371093750e+01 6.016790866851806641e+00
-4.905429840087890625e+01 -4.908876800537109375e+01 5.993933677673339844e+00
-4.904690170288085938e+01 -4.929494476318359375e+01 5.949886798858642578e+00
-4.903295135498046875e+01 -4.949840545654296875e+01 5.902259349822998047e+00
-4.900592422485351562e+01 -4.969525527954101562e+01 5.868659973144531250e+00
-4.895928955078125000e+01 -4.988159561157226562e+01 5.866697311401367188e+00
-4.888740539550781250e+01 -5.005408859252929688e+01 5.912451744079589844e+00
-4.880337524414062500e+01 -5.022121810913085938e+01 5.989583015441894531e+00
-4.873716354370117188e+01 -5.040195846557617188e+01 6.051893234252929688e+00
-4.869828796386718750e+01 -5.059916687011718750e+01 6.074645519256591797e+00
-4.867639541625976562e+01 -5.080019760131835938e+01 6.054483413696289062e+00
-4.866276550292968750e+01 -5.099660491943359375e+01 5.995229244232177734e+00
-4.865308380126953125e+01 -5.118876266479492188e+01 5.912377357482910156e+00
-4.864349365234375000e+01 -5.137798690795898438e+01 5.822672843933105469e+00
-4.863015365600585938e+01 -5.156560134887695312e+01 5.742861747741699219e+00
-4.860921859741210938e+01 -5.175292205810546875e+01 5.689689636230468750e+00
-4.857683563232421875e+01 -5.194126892089843750e+01 5.679902076721191406e+00
-4.853182601928710938e+01 -5.213143920898437500e+01 5.719383716583251953e+00
-4.848335266113281250e+01 -5.232409667968750000e+01 5.750388145446777344e+00
-4.843496704101562500e+01 -5.252299118041992188e+01 5.740798473358154297e+00
-4.840436172485351562e+01 -5.271913909912109375e+01 5.739408016204833984e+00
-4.840651702880859375e+01 -5.290429687500000000e+01 5.790302276611328125e+00
-4.843237686157226562e+01 -5.308077621459960938e+01 5.885364055633544922e+00
-4.846404266357421875e+01 -5.325476074218750000e+01 5.997286796569824219e+00
-4.848359680175781250e+01 -5.343244171142578125e+01 6.098733901977539062e+00
-4.847333526611328125e+01 -5.361996078491210938e+01 6.162608623504638672e+00
-4.844804382324218750e+01 -5.381558609008789062e+01 6.200220584869384766e+00
-4.846001815795898438e+01 -5.400718688964843750e+01 6.262396812438964844e+00
-4.851117706298828125e+01 -5.419230651855468750e+01 6.331147670745849609e+00
-4.859478378295898438e+01 -5.437063217163085938e+01 6.378265857696533203e+00
-4.866592788696289062e+01 -5.455593490600585938e+01 6.366414070129394531e+00
-4.871143722534179688e+01 -5.474301147460937500e+01 6.386351108551025391e+00
-4.872692871093750000e+01 -5.497684860229492188e+01 6.483008861541748047e+00
-4.872703552246093750e+01 -5.511694335937500000e+01 6.556889057159423828e+00
