-4.841445541381835938e+01 -1.096192169189453125e+01 4.739886820316314697e-01
-4.838807678222656250e+01 -1.101487159729003906e+01 4.985245466232299805e-01
-4.832006454467773438e+01 -1.115446472167968750e+01 5.626870393753051758e-01
-4.822710800170898438e+01 -1.135181617736816406e+01 6.523086428642272949e-01
-4.812590408325195312e+01 -1.157804107666015625e+01 7.532216310501098633e-01
-4.803314208984375000e+01 -1.180425357818603516e+01 8.512585163116455078e-01
-4.796167373657226562e+01 -1.200610065460205078e+01 9.352174401283264160e-01
-4.790386199951171875e+01 -1.218337535858154297e+01 1.009698867797851562e+00
-4.784529113769531250e+01 -1.234388065338134766e+01 1.084544777870178223e+00
-4.777161788940429688e+01 -1.249542236328125000e+01 1.169534802436828613e+00
-4.767872619628906250e+01 -1.264551353454589844e+01 1.265928030014038086e+00
-4.758273315429687500e+01 -1.280109405517578125e+01 1.358160495758056641e+00
-4.750210952758789062e+01 -1.296903610229492188e+01 1.428696036338806152e+00
-4.745077133178710938e+01 -1.315406990051269531e+01 1.465239524841308594e+00
-4.742533874511718750e+01 -1.335280609130859375e+01 1.475378870964050293e+00
-4.741832733154296875e+01 -1.355992889404296875e+01 1.471416354179382324e+00
-4.742226028442382812e+01 -1.377012443542480469e+01 1.465654015541076660e+00
-4.742965316772460938e+01 -1.397807502746582031e+01 1.470394372940063477e+00
-4.743302154541015625e+01 -1.417846775054931641e+01 1.497939586639404297e+00
-4.742488861083984375e+01 -1.436598587036132812e+01 1.560591816902160645e+00
-4.740250396728515625e+01 -1.453999519348144531e+01 1.658117055892944336e+00
-4.738338470458984375e+01 -1.471967220306396484e+01 1.737373471260070801e+00
-4.737407302856445312e+01 -1.491160583496093750e+01 1.780331492424011230e+00
-4.737192916870117188e+01 -1.511239051818847656e+01 1.796458959579467773e+00
-4.737422180175781250e+01 -1.531853294372558594e+01 1.795468211174011230e+00
-4.737823104858398438e+01 -1.552654075622558594e+01 1.787071466445922852e+00
-4.738123321533203125e+01 -1.573291873931884766e+01 1.780979514122009277e+00
-4.738122558593750000e+01 -1.593530368804931641e+01 1.784737348556518555e+00
-4.737836456298828125e+01 -1.613470649719238281e+01 1.799398183822631836e+00
-4.737321090698242188e+01 -1.633276748657226562e+01 1.824804782867431641e+00
-4.736660385131835938e+01 -1.653084373474121094e+01 1.859900951385498047e+00
-4.736047744750976562e+01 -1.672914886474609375e+01 1.900087475776672363e+00
-4.735704803466796875e+01 -1.692761802673339844e+01 1.939892053604125977e+00
-4.735852813720703125e+01 -1.712618827819824219e+01 1.973842501640319824e+00
-4.736712265014648438e+01 -1.732479476928710938e+01 1.996466755867004395e+00
-4.738504409790039062e+01 -1.752337455749511719e+01 2.002292633056640625e+00
-4.741224670410156250e+01 -1.772183990478515625e+01 1.990206122398376465e+00
-4.743865203857421875e+01 -1.792002296447753906e+01 1.978415131568908691e+00
-4.745518112182617188e+01 -1.811782646179199219e+01 1.983327388763427734e+00
-4.746197509765625000e+01 -1.831540870666503906e+01 2.003830909729003906e+00
-4.746057510375976562e+01 -1.851296997070312500e+01 2.036185026168823242e+00
-4.745251083374023438e+01 -1.871070671081542969e+01 2.076649188995361328e+00
-4.743931961059570312e+01 -1.890881538391113281e+01 2.121483087539672852e+00
-4.742253112792968750e+01 -1.910749244689941406e+01 2.166945934295654297e+00
-4.740369033813476562e+01 -1.930693435668945312e+01 2.209316015243530273e+00
-4.738454055786132812e+01 -1.950714302062988281e+01 2.246240377426147461e+00
-4.736718750000000000e+01 -1.970779800415039062e+01 2.277637004852294922e+00
-4.735376739501953125e+01 -1.990855598449707031e+01 2.303636550903320312e+00
-4.734642410278320312e+01 -2.010906982421875000e+01 2.324371099472045898e+00
-4.734728622436523438e+01 -2.030898857116699219e+01 2.339971780776977539e+00
-4.735849380493164062e+01 -2.050796890258789062e+01 2.350570201873779297e+00
-4.738218307495117188e+01 -2.070565986633300781e+01 2.356297492980957031e+00
-4.742037963867187500e+01 -2.090172195434570312e+01 2.357403755187988281e+00
-4.747120285034179688e+01 -2.109598922729492188e+01 2.358092546463012695e+00
-4.752806854248046875e+01 -2.128850746154785156e+01 2.367362260818481445e+00
-4.758083724975585938e+01 -2.148044776916503906e+01 2.389233112335205078e+00
-4.761649322509765625e+01 -2.167510414123535156e+01 2.412545680999755859e+00
-4.763669204711914062e+01 -2.187220382690429688e+01 2.436540842056274414e+00
-4.764426803588867188e+01 -2.207114601135253906e+01 2.461663484573364258e+00
-4.764204788208007812e+01 -2.227133178710937500e+01 2.488358497619628906e+00
-4.763286590576171875e+01 -2.247215843200683594e+01 2.517071247100830078e+00
-4.761955261230468750e+01 -2.267302894592285156e+01 2.548246622085571289e+00
-4.760493469238281250e+01 -2.287334060668945312e+01 2.582329511642456055e+00
-4.759184646606445312e+01 -2.307249259948730469e+01 2.619765043258666992e+00
-4.758311843872070312e+01 -2.326988792419433594e+01 2.660998344421386719e+00
-4.758158111572265625e+01 -2.346492385864257812e+01 2.706474304199218750e+00
-4.758938217163085938e+01 -2.365741539001464844e+01 2.756510257720947266e+00
-4.760377883911132812e+01 -2.385014152526855469e+01 2.810506582260131836e+00
-4.762004089355468750e+01 -2.404701042175292969e+01 2.867415189743041992e+00
-4.763587570190429688e+01 -2.424912261962890625e+01 2.925452232360839844e+00
-4.765093612670898438e+01 -2.445533943176269531e+01 2.982245445251464844e+00
-4.766494369506835938e+01 -2.466445732116699219e+01 3.035406351089477539e+00
-4.767760848999023438e+01 -2.487527275085449219e+01 3.082546234130859375e+00
-4.768865203857421875e+01 -2.508658218383789062e+01 3.121276855468750000e+00
-4.769778823852539062e+01 -2.529718208312988281e+01 3.149209260940551758e+00
-4.770473098754882812e+01 -2.550586891174316406e+01 3.163955211639404297e+00
-4.770919036865234375e+01 -2.571144104003906250e+01 3.163125753402709961e+00
-4.771089172363281250e+01 -2.591269302368164062e+01 3.144332647323608398e+00
-4.770954513549804688e+01 -2.610842132568359375e+01 3.105187177658081055e+00
-4.770486450195312500e+01 -2.629742431640625000e+01 3.043300867080688477e+00
-4.769656753540039062e+01 -2.647849845886230469e+01 2.956284999847412109e+00
-4.768436813354492188e+01 -2.665044975280761719e+01 2.841794013977050781e+00
-4.766633224487304688e+01 -2.681700134277343750e+01 2.718030691146850586e+00
-4.763632965087890625e+01 -2.699458312988281250e+01 2.656277656555175781e+00
-4.759681320190429688e+01 -2.719012069702148438e+01 2.685271501541137695e+00
-4.756750488281250000e+01 -2.738804244995117188e+01 2.732836723327636719e+00
-4.754687881469726562e+01 -2.758415985107421875e+01 2.755459785461425781e+00
-4.752181625366210938e+01 -2.778241920471191406e+01 2.748796701431274414e+00
-4.749259185791015625e+01 -2.798087501525878906e+01 2.722332954406738281e+00
-4.746109771728515625e+01 -2.817691612243652344e+01 2.686990022659301758e+00
-4.742889404296875000e+01 -2.837165451049804688e+01 2.649205923080444336e+00
-4.739787292480468750e+01 -2.856863594055175781e+01 2.613355159759521484e+00
-4.737119293212890625e+01 -2.876683807373046875e+01 2.590622901916503906e+00
-4.735210418701171875e+01 -2.896483993530273438e+01 2.592750549316406250e+00
-4.734260177612304688e+01 -2.916183280944824219e+01 2.623748540878295898e+00
-4.734162139892578125e+01 -2.935847282409667969e+01 2.669026136398315430e+00
-4.734764862060546875e+01 -2.955562591552734375e+01 2.711381435394287109e+00
-4.735875701904296875e+01 -2.975357437133789062e+01 2.742805004119873047e+00
-4.737235260009765625e+01 -2.995165061950683594e+01 2.770403385162353516e+00
-4.738578033447265625e+01 -3.014909172058105469e+01 2.802690744400024414e+00
-4.739751434326171875e+01 -3.034543991088867188e+01 2.844759941101074219e+00
-4.741157150268554688e+01 -3.054170799255371094e+01 2.884918212890625000e+00
-4.743340301513671875e+01 -3.073935317993164062e+01 2.906677484512329102e+00
-4.745267868041992188e+01 -3.093901634216308594e+01 2.914084434509277344e+00
-4.745405578613281250e+01 -3.113810348510742188e+01 2.933560609817504883e+00
-4.744336700439453125e+01 -3.133476066589355469e+01 2.969942331314086914e+00
-4.742610931396484375e+01 -3.152926635742187500e+01 3.019701719284057617e+00
-4.740774917602539062e+01 -3.172192955017089844e+01 3.079220056533813477e+00
-4.739376068115234375e+01 -3.191305923461914062e+01 3.144878625869750977e+00
-4.738961029052734375e+01 -3.210296630859375000e+01 3.213058233261108398e+00
-4.740076065063476562e+01 -3.229195404052734375e+01 3.280143022537231445e+00
-4.742625808715820312e+01 -3.248064041137695312e+01 3.343740940093994141e+00
-4.744863510131835938e+01 -3.267040252685546875e+01 3.404623985290527344e+00
-4.745133209228515625e+01 -3.286238098144531250e+01 3.464114189147949219e+00
-4.743787765502929688e+01 -3.305559158325195312e+01 3.523792982101440430e+00
-4.741884994506835938e+01 -3.324831771850585938e+01 3.585333824157714844e+00
-4.740483856201171875e+01 -3.343883514404296875e+01 3.650409936904907227e+00
-4.740643692016601562e+01 -3.362542343139648438e+01 3.720694303512573242e+00
-4.743418884277343750e+01 -3.380635452270507812e+01 3.797868728637695312e+00
-4.749116516113281250e+01 -3.397865295410156250e+01 3.885111570358276367e+00
-4.756419754028320312e+01 -3.413664245605468750e+01 3.988850831985473633e+00
-4.764004898071289062e+01 -3.427618408203125000e+01 4.112483501434326172e+00
-4.773537826538085938e+01 -3.443872070312500000e+01 4.185606479644775391e+00
-4.776974868774414062e+01 -3.462755584716796875e+01 4.235461711883544922e+00
-4.775981140136718750e+01 -3.482585906982421875e+01 4.276933193206787109e+00
-4.778998947143554688e+01 -3.502368927001953125e+01 4.281626701354980469e+00
-4.779511260986328125e+01 -3.522184371948242188e+01 4.251921176910400391e+00
-4.777826690673828125e+01 -3.541837692260742188e+01 4.219506263732910156e+00
-4.775532531738281250e+01 -3.561461639404296875e+01 4.189718723297119141e+00
-4.773849105834960938e+01 -3.581259918212890625e+01 4.163894653320312500e+00
-4.773996734619140625e+01 -3.601437377929687500e+01 4.143370151519775391e+00
-4.776440811157226562e+01 -3.622009658813476562e+01 4.132746219635009766e+00
-4.775964355468750000e+01 -3.641575241088867188e+01 4.161194801330566406e+00
-4.770665359497070312e+01 -3.660478591918945312e+01 4.190388679504394531e+00
-4.768307876586914062e+01 -3.680635070800781250e+01 4.169723987579345703e+00
-4.770248794555664062e+01 -3.700746917724609375e+01 4.168883800506591797e+00
-4.774448013305664062e+01 -3.720697021484375000e+01 4.184659957885742188e+00
-4.778429794311523438e+01 -3.740535354614257812e+01 4.203705310821533203e+00
-4.779716491699218750e+01 -3.760312271118164062e+01 4.212672233581542969e+00
-4.776048278808593750e+01 -3.780017852783203125e+01 4.201610088348388672e+00
-4.768807601928710938e+01 -3.798624801635742188e+01 4.217697620391845703e+00
-4.762413787841796875e+01 -3.816305923461914062e+01 4.284518241882324219e+00
-4.759193038940429688e+01 -3.836037063598632812e+01 4.309390068054199219e+00
-4.758835220336914062e+01 -3.857080841064453125e+01 4.305653095245361328e+00
-4.760899353027343750e+01 -3.878435134887695312e+01 4.294669151306152344e+00
-4.764944076538085938e+01 -3.899098968505859375e+01 4.297799587249755859e+00
-4.770528411865234375e+01 -3.918070602416992188e+01 4.336404800415039062e+00
-4.777996063232421875e+01 -3.934748458862304688e+01 4.417171478271484375e+00
-4.782647705078125000e+01 -3.953118515014648438e+01 4.457366466522216797e+00
-4.780191040039062500e+01 -3.973719787597656250e+01 4.469964027404785156e+00
-4.778596115112304688e+01 -3.994087982177734375e+01 4.478711605072021484e+00
-4.778109741210937500e+01 -4.013913345336914062e+01 4.474512577056884766e+00
-4.776924514770507812e+01 -4.033683013916015625e+01 4.445231914520263672e+00
-4.776887893676757812e+01 -4.053832244873046875e+01 4.419667243957519531e+00
-4.780347824096679688e+01 -4.073488998413085938e+01 4.414875984191894531e+00
-4.787500381469726562e+01 -4.092165374755859375e+01 4.430252552032470703e+00
-4.793073654174804688e+01 -4.111534118652343750e+01 4.437179088592529297e+00
-4.795232772827148438e+01 -4.131726837158203125e+01 4.426558494567871094e+00
-4.794160079956054688e+01 -4.151996612548828125e+01 4.400475978851318359e+00
-4.790053939819335938e+01 -4.171577835083007812e+01 4.360648632049560547e+00
-4.783437347412109375e+01 -4.188986587524414062e+01 4.288872718811035156e+00
-4.777981567382812500e+01 -4.203615188598632812e+01 4.161245346069335938e+00
-4.776130294799804688e+01 -4.217908859252929688e+01 4.015891075134277344e+00
-4.772961425781250000e+01 -4.233367919921875000e+01 3.908091545104980469e+00
-4.765708160400390625e+01 -4.250592803955078125e+01 3.862654685974121094e+00
-4.755582427978515625e+01 -4.268858718872070312e+01 3.855326175689697266e+00
-4.744151306152343750e+01 -4.287324142456054688e+01 3.857485532760620117e+00
-4.732981872558593750e+01 -4.305146789550781250e+01 3.840512514114379883e+00
-4.723640441894531250e+01 -4.321485519409179688e+01 3.775786638259887695e+00
-4.717534637451171875e+01 -4.335646820068359375e+01 3.639520645141601562e+00
-4.714139938354492188e+01 -4.348747634887695312e+01 3.466541290283203125e+00
-4.711646270751953125e+01 -4.363108444213867188e+01 3.330677747726440430e+00
-4.708385086059570312e+01 -4.380938339233398438e+01 3.303789377212524414e+00
-4.707836532592773438e+01 -4.400288009643554688e+01 3.374698877334594727e+00
-4.709795379638671875e+01 -4.417835998535156250e+01 3.462305068969726562e+00
-4.706252288818359375e+01 -4.435115051269531250e+01 3.559548616409301758e+00
-4.700760650634765625e+01 -4.451353836059570312e+01 3.674735307693481445e+00
-4.697234344482421875e+01 -4.465882110595703125e+01 3.812662601470947266e+00
-4.699112319946289062e+01 -4.480897140502929688e+01 3.925925970077514648e+00
-4.705944442749023438e+01 -4.497452163696289062e+01 3.998851060867309570e+00
-4.715672302246093750e+01 -4.514994049072265625e+01 4.050018310546875000e+00
-4.726231765747070312e+01 -4.532966232299804688e+01 4.098108291625976562e+00
-4.735558700561523438e+01 -4.550810623168945312e+01 4.161800861358642578e+00
-4.741937637329101562e+01 -4.567755126953125000e+01 4.259226799011230469e+00
-4.748143386840820312e+01 -4.580340957641601562e+01 4.400334835052490234e+00
-4.751142883300781250e+01 -4.596278381347656250e+01 4.513451576232910156e+00
-4.753289031982421875e+01 -4.615055847167968750e+01 4.598115444183349609e+00
-4.761320114135742188e+01 -4.628848266601562500e+01 4.705986499786376953e+00
-4.774078750610351562e+01 -4.638496780395507812e+01 4.834403514862060547e+00
-4.788912582397460938e+01 -4.646483230590820312e+01 4.970415592193603516e+00
-4.803168869018554688e+01 -4.655289459228515625e+01 5.101072311401367188e+00
-4.814195251464843750e+01 -4.667398071289062500e+01 5.213421821594238281e+00
-4.820920181274414062e+01 -4.683594512939453125e+01 5.306342601776123047e+00
-4.831409454345703125e+01 -4.694828033447265625e+01 5.444001197814941406e+00
-4.842244720458984375e+01 -4.704269027709960938e+01 5.597470760345458984e+00
-4.846872711181640625e+01 -4.718449783325195312e+01 5.713358879089355469e+00
-4.847036743164062500e+01 -4.736753845214843750e+01 5.798939228057861328e+00
-4.851580810546875000e+01 -4.753543472290039062e+01 5.913880348205566406e+00
-4.859834289550781250e+01 -4.769275665283203125e+01 6.039407253265380859e+00
-4.870518112182617188e+01 -4.784471130371093750e+01 6.150854587554931641e+00
-4.882353591918945312e+01 -4.799650573730468750e+01 6.223556995391845703e+00
-4.894062042236328125e+01 -4.815334701538085938e+01 6.232850074768066406e+00
-4.902805709838867188e+01 -4.832510375976562500e+01 6.192331314086914062e+00
-4.905877685546875000e+01 -4.851782989501953125e+01 6.159115791320800781e+00
-4.904664611816406250e+01 -4.872253036499023438e+01 6.128084659576416016e+00
-4.900648117065429688e+01 -4.892989730834960938e+01 6.092333793640136719e+00
-4.895309066772460938e+01 -4.913061523437500000e+01 6.044959545135498047e+00
-4.890111160278320312e+01 -4.931617355346679688e+01 5.979466915130615234e+00
-4.885786819458007812e+01 -4.950466156005859375e+01 5.906425952911376953e+00
-4.882332229614257812e+01 -4.970352554321289062e+01 5.854407787322998047e+00
-4.879805374145507812e+01 -4.989917373657226562e+01 5.850960731506347656e+00
-4.878213500976562500e+01 -5.008084487915039062e+01 5.916075229644775391e+00
-4.877177047729492188e+01 -5.025900268554687500e+01 6.014752864837646484e+00
-4.876021194458007812e+01 -5.045115661621093750e+01 6.087997913360595703e+00
-4.872565078735351562e+01 -5.064570617675781250e+01 6.082696914672851562e+00
-4.868247222900390625e+01 -5.083420181274414062e+01 6.029489517211914062e+00
-4.866991424560546875e+01 -5.102305984497070312e+01 5.959287643432617188e+00
-4.866921997070312500e+01 -5.121446609497070312e+01 5.894235134124755859e+00
-4.865867233276367188e+01 -5.141109848022460938e+01 5.861802101135253906e+00
-4.863227081298828125e+01 -5.161223220825195312e+01 5.863670349121093750e+00
-4.860242843627929688e+01 -5.181314468383789062e+01 5.871305465698242188e+00
-4.858260726928710938e+01 -5.200888824462890625e+01 5.854453086853027344e+00
-4.858212661743164062e+01 -5.219663238525390625e+01 5.793414592742919922e+00
-4.859251022338867188e+01 -5.238267135620117188e+01 5.713858127593994141e+00
-4.860049819946289062e+01 -5.257575225830078125e+01 5.653633594512939453e+00
-4.859605407714843750e+01 -5.277862548828125000e+01 5.646023750305175781e+00
-4.858332824707031250e+01 -5.296812438964843750e+01 5.703640460968017578e+00
-4.856868743896484375e+01 -5.313375854492187500e+01 5.815834045410156250e+00
-4.855639266967773438e+01 -5.328946685791015625e+01 5.950283050537109375e+00
-4.855059051513671875e+01 -5.345069122314453125e+01 6.073343276977539062e+00
-4.855574035644531250e+01 -5.363245773315429688e+01 6.152072906494140625e+00
-4.859052658081054688e+01 -5.382482910156250000e+01 6.197985172271728516e+00
-4.858845138549804688e+01 -5.400926971435546875e+01 6.273116111755371094e+00
-4.860733795166015625e+01 -5.419897842407226562e+01 6.327901840209960938e+00
-4.864108657836914062e+01 -5.439909744262695312e+01 6.331564903259277344e+00
-4.866103363037109375e+01 -5.460663223266601562e+01 6.349093437194824219e+00
-4.867253112792968750e+01 -5.480823898315429688e+01 6.364992141723632812e+00
-4.873433685302734375e+01 -5.498750305175781250e+01 6.371225357055664062e+00
