1.625902404785156250e+02 1.780393829345703125e+02 1.819197387695312500e+02
1.626595306396484375e+02 1.779945831298828125e+02 1.819208374023437500e+02
1.628286437988281250e+02 1.778804321289062500e+02 1.819230346679687500e+02
1.630394134521484375e+02 1.777272796630859375e+02 1.819247436523437500e+02
1.632336578369140625e+02 1.775655059814453125e+02 1.819243469238281250e+02
1.633727722167968750e+02 1.774195556640625000e+02 1.819457702636718750e+02
1.635349121093750000e+02 1.773361968994140625e+02 1.820309600830078125e+02
1.636989593505859375e+02 1.772516326904296875e+02 1.820929718017578125e+02
1.638896636962890625e+02 1.772172698974609375e+02 1.821437225341796875e+02
1.640812072753906250e+02 1.771935729980468750e+02 1.821946716308593750e+02
1.642740325927734375e+02 1.771810455322265625e+02 1.822469024658203125e+02
1.644685211181640625e+02 1.771801910400390625e+02 1.823014373779296875e+02
1.646651000976562500e+02 1.771915130615234375e+02 1.823593750000000000e+02
1.648638458251953125e+02 1.772140960693359375e+02 1.824205932617187500e+02
1.650641174316406250e+02 1.772436523437500000e+02 1.824822998046875000e+02
1.652651062011718750e+02 1.772753601074218750e+02 1.825412139892578125e+02
1.654660491943359375e+02 1.773044281005859375e+02 1.825941467285156250e+02
1.656661376953125000e+02 1.773260345458984375e+02 1.826378173828125000e+02
1.658645782470703125e+02 1.773354034423828125e+02 1.826690063476562500e+02
1.660606231689453125e+02 1.773276977539062500e+02 1.826844635009765625e+02
1.662534637451171875e+02 1.772981109619140625e+02 1.826809539794921875e+02
1.664423065185546875e+02 1.772418670654296875e+02 1.826552581787109375e+02
1.666285247802734375e+02 1.771678924560546875e+02 1.826154174804687500e+02
1.668202972412109375e+02 1.771286315917968750e+02 1.826052856445312500e+02
1.670197448730468750e+02 1.771369476318359375e+02 1.826353607177734375e+02
1.672181243896484375e+02 1.771328277587890625e+02 1.826606140136718750e+02
1.674153594970703125e+02 1.771134948730468750e+02 1.826846771240234375e+02
1.676118469238281250e+02 1.770827484130859375e+02 1.827076721191406250e+02
1.678079223632812500e+02 1.770443115234375000e+02 1.827295837402343750e+02
1.680039367675781250e+02 1.770019378662109375e+02 1.827503967285156250e+02
1.682002410888671875e+02 1.769593048095703125e+02 1.827700805664062500e+02
1.683972167968750000e+02 1.769201660156250000e+02 1.827886505126953125e+02
1.685951995849609375e+02 1.768882293701171875e+02 1.828060760498046875e+02
1.687945404052734375e+02 1.768672180175781250e+02 1.828223266601562500e+02
1.689955902099609375e+02 1.768608245849609375e+02 1.828374176025390625e+02
1.691982574462890625e+02 1.768694763183593750e+02 1.828507537841796875e+02
1.694018402099609375e+02 1.768887023925781250e+02 1.828609924316406250e+02
1.696055145263671875e+02 1.769135437011718750e+02 1.828666534423828125e+02
1.698085174560546875e+02 1.769390563964843750e+02 1.828663330078125000e+02
1.700100250244140625e+02 1.769603271484375000e+02 1.828585357666015625e+02
1.702092590332031250e+02 1.769723968505859375e+02 1.828418579101562500e+02
1.704054260253906250e+02 1.769703369140625000e+02 1.828148345947265625e+02
1.705977325439453125e+02 1.769492034912109375e+02 1.827760162353515625e+02
1.707861022949218750e+02 1.769068298339843750e+02 1.827258605957031250e+02
1.709745483398437500e+02 1.768568115234375000e+02 1.826758270263671875e+02
1.711679992675781250e+02 1.768171539306640625e+02 1.826398925781250000e+02
1.713667144775390625e+02 1.767939758300781250e+02 1.826194000244140625e+02
1.715683288574218750e+02 1.767869415283203125e+02 1.826087799072265625e+02
1.717704315185546875e+02 1.767955932617187500e+02 1.826023254394531250e+02
1.719707641601562500e+02 1.768193359375000000e+02 1.825946197509765625e+02
1.721687774658203125e+02 1.768547363281250000e+02 1.825836791992187500e+02
1.723652954101562500e+02 1.768961639404296875e+02 1.825703125000000000e+02
1.725612030029296875e+02 1.769378967285156250e+02 1.825553741455078125e+02
1.727573394775390625e+02 1.769742736816406250e+02 1.825397186279296875e+02
1.729545745849609375e+02 1.769995727539062500e+02 1.825242309570312500e+02
1.731537628173828125e+02 1.770100555419921875e+02 1.825102996826171875e+02
1.733556213378906250e+02 1.770158233642578125e+02 1.825032348632812500e+02
1.735589447021484375e+02 1.770205841064453125e+02 1.825021667480468750e+02
1.737608337402343750e+02 1.770165100097656250e+02 1.824991607666015625e+02
1.739583282470703125e+02 1.769953155517578125e+02 1.824859313964843750e+02
1.741486968994140625e+02 1.769493560791015625e+02 1.824549713134765625e+02
1.743327026367187500e+02 1.768814849853515625e+02 1.824106140136718750e+02
1.745140228271484375e+02 1.768032684326171875e+02 1.823670349121093750e+02
1.746964263916015625e+02 1.767264862060546875e+02 1.823386230468750000e+02
1.748822479248046875e+02 1.766579895019531250e+02 1.823330383300781250e+02
1.750712738037109375e+02 1.765954589843750000e+02 1.823453674316406250e+02
1.752629241943359375e+02 1.765355682373046875e+02 1.823693237304687500e+02
1.754566802978515625e+02 1.764750061035156250e+02 1.823986053466796875e+02
1.756520233154296875e+02 1.764110107421875000e+02 1.824275665283203125e+02
1.758484649658203125e+02 1.763438110351562500e+02 1.824538116455078125e+02
1.760455932617187500e+02 1.762746887207031250e+02 1.824760742187500000e+02
1.762429351806640625e+02 1.762048797607421875e+02 1.824930877685546875e+02
1.764400787353515625e+02 1.761356201171875000e+02 1.825035858154296875e+02
1.766365814208984375e+02 1.760681762695312500e+02 1.825062866210937500e+02
1.768319702148437500e+02 1.760037841796875000e+02 1.824999237060546875e+02
1.770258483886718750e+02 1.759436950683593750e+02 1.824832153320312500e+02
1.772177429199218750e+02 1.758891601562500000e+02 1.824549102783203125e+02
1.774072265625000000e+02 1.758414459228515625e+02 1.824137115478515625e+02
1.775938568115234375e+02 1.758017578125000000e+02 1.823583831787109375e+02
1.777771911621093750e+02 1.757713928222656250e+02 1.822876129150390625e+02
1.779567871093750000e+02 1.757515716552734375e+02 1.822001647949218750e+02
1.781327514648437500e+02 1.757430267333984375e+02 1.820968170166015625e+02
1.783085479736328125e+02 1.757433319091796875e+02 1.819915161132812500e+02
1.784889526367187500e+02 1.757487487792968750e+02 1.819032440185546875e+02
1.786787719726562500e+02 1.757555999755859375e+02 1.818510284423828125e+02
1.788806762695312500e+02 1.757601165771484375e+02 1.818464202880859375e+02
1.790897827148437500e+02 1.757584533691406250e+02 1.818744964599609375e+02
1.792996063232421875e+02 1.757466888427734375e+02 1.819144592285156250e+02
1.795035858154296875e+02 1.757209625244140625e+02 1.819455108642578125e+02
1.796952056884765625e+02 1.756773681640625000e+02 1.819468688964843750e+02
1.798679809570312500e+02 1.756120147705078125e+02 1.818977508544921875e+02
1.800225982666015625e+02 1.755277404785156250e+02 1.817969360351562500e+02
1.801785125732421875e+02 1.754447021484375000e+02 1.816936035156250000e+02
1.803576354980468750e+02 1.753855743408203125e+02 1.816436309814453125e+02
1.805574951171875000e+02 1.753578643798828125e+02 1.816321258544921875e+02
1.807512512207031250e+02 1.753489532470703125e+02 1.815810241699218750e+02
1.809444885253906250e+02 1.753506469726562500e+02 1.815277099609375000e+02
1.811414031982421875e+02 1.753548736572265625e+02 1.814916992187500000e+02
1.813397216796875000e+02 1.753527221679687500e+02 1.814601440429687500e+02
1.815371093750000000e+02 1.753353271484375000e+02 1.814194946289062500e+02
1.817324371337890625e+02 1.753009948730468750e+02 1.813672485351562500e+02
1.819269866943359375e+02 1.752614593505859375e+02 1.813217315673828125e+02
1.821223449707031250e+02 1.752299499511718750e+02 1.813035430908203125e+02
1.823185882568359375e+02 1.752108154296875000e+02 1.813301391601562500e+02
1.825048065185546875e+02 1.751566619873046875e+02 1.813835296630859375e+02
1.826829681396484375e+02 1.750867462158203125e+02 1.814461822509765625e+02
1.828622589111328125e+02 1.750229187011718750e+02 1.815073699951171875e+02
1.830507659912109375e+02 1.749832153320312500e+02 1.815579833984375000e+02
1.832462310791015625e+02 1.749610137939453125e+02 1.816005096435546875e+02
1.834415740966796875e+02 1.749383392333984375e+02 1.816428222656250000e+02
1.836356201171875000e+02 1.749112854003906250e+02 1.816866912841796875e+02
1.838296051025390625e+02 1.748837585449218750e+02 1.817313690185546875e+02
1.840232849121093750e+02 1.748566284179687500e+02 1.817777557373046875e+02
1.842164154052734375e+02 1.748307495117187500e+02 1.818267364501953125e+02
1.844087219238281250e+02 1.748069763183593750e+02 1.818791656494140625e+02
1.845999603271484375e+02 1.747861938476562500e+02 1.819359283447265625e+02
1.847898864746093750e+02 1.747692413330078125e+02 1.819979095458984375e+02
1.849780883789062500e+02 1.747563171386718750e+02 1.820661773681640625e+02
1.851608581542968750e+02 1.747238922119140625e+02 1.821417083740234375e+02
1.853506622314453125e+02 1.746811370849609375e+02 1.821913909912109375e+02
1.855473327636718750e+02 1.746513671875000000e+02 1.822219390869140625e+02
1.857432098388671875e+02 1.746199035644531250e+02 1.822321624755859375e+02
1.859339294433593750e+02 1.745582122802734375e+02 1.822178802490234375e+02
1.861221618652343750e+02 1.744827117919921875e+02 1.822030944824218750e+02
1.863061676025390625e+02 1.744029083251953125e+02 1.821962738037109375e+02
1.864832153320312500e+02 1.743159637451171875e+02 1.821675415039062500e+02
1.866759643554687500e+02 1.742546386718750000e+02 1.821684417724609375e+02
1.868721618652343750e+02 1.742010345458984375e+02 1.821606292724609375e+02
1.870631713867187500e+02 1.741502075195312500e+02 1.821244659423828125e+02
1.872431488037109375e+02 1.741049041748046875e+02 1.820527343750000000e+02
1.874139556884765625e+02 1.740664672851562500e+02 1.819540405273437500e+02
1.875839538574218750e+02 1.740349884033203125e+02 1.818502807617187500e+02
1.877603454589843750e+02 1.740101928710937500e+02 1.817600708007812500e+02
1.879436340332031250e+02 1.739905700683593750e+02 1.816844024658203125e+02
1.881323699951171875e+02 1.739742584228515625e+02 1.816190032958984375e+02
1.883251190185546875e+02 1.739593353271484375e+02 1.815596466064453125e+02
1.885204010009765625e+02 1.739439086914062500e+02 1.815020751953125000e+02
1.887168273925781250e+02 1.739273834228515625e+02 1.814430084228515625e+02
1.889131164550781250e+02 1.739124298095703125e+02 1.813816528320312500e+02
1.891079864501953125e+02 1.739022369384765625e+02 1.813175964355468750e+02
1.893002014160156250e+02 1.738999938964843750e+02 1.812504119873046875e+02
1.894884796142578125e+02 1.739089050292968750e+02 1.811797332763671875e+02
1.896715698242187500e+02 1.739321594238281250e+02 1.811051177978515625e+02
1.898481903076171875e+02 1.739729614257812500e+02 1.810261840820312500e+02
1.900171508789062500e+02 1.740343780517578125e+02 1.809425506591796875e+02
1.901808013916015625e+02 1.741116333007812500e+02 1.808560943603515625e+02
1.903475036621093750e+02 1.741867370605468750e+02 1.807724456787109375e+02
1.905224456787109375e+02 1.742458496093750000e+02 1.806940612792968750e+02
1.906977233886718750e+02 1.742944641113281250e+02 1.806107025146484375e+02
1.908726043701171875e+02 1.743295593261718750e+02 1.805186004638671875e+02
1.910509185791015625e+02 1.743437500000000000e+02 1.804195556640625000e+02
1.912335357666015625e+02 1.743510131835937500e+02 1.803286132812500000e+02
1.914193878173828125e+02 1.743789672851562500e+02 1.802693176269531250e+02
1.916072235107421875e+02 1.744449157714843750e+02 1.802586364746093750e+02
1.917950134277343750e+02 1.745173492431640625e+02 1.802815704345703125e+02
1.919773712158203125e+02 1.745897979736328125e+02 1.803135833740234375e+02
1.921501007080078125e+02 1.746797332763671875e+02 1.803401336669921875e+02
1.923148651123046875e+02 1.747852630615234375e+02 1.803609466552734375e+02
1.924737548828125000e+02 1.749028930664062500e+02 1.803768463134765625e+02
1.926288909912109375e+02 1.750291442871093750e+02 1.803886108398437500e+02
1.927823791503906250e+02 1.751605682373046875e+02 1.803970794677734375e+02
1.929363098144531250e+02 1.752936401367187500e+02 1.804030303955078125e+02
1.930927886962890625e+02 1.754249267578125000e+02 1.804072875976562500e+02
1.932539215087890625e+02 1.755509185791015625e+02 1.804106445312500000e+02
1.934218292236328125e+02 1.756681518554687500e+02 1.804138946533203125e+02
1.935985412597656250e+02 1.757732238769531250e+02 1.804178771972656250e+02
1.937800903320312500e+02 1.758699645996093750e+02 1.804234313964843750e+02
1.939514770507812500e+02 1.759755096435546875e+02 1.804315490722656250e+02
1.940965118408203125e+02 1.761084442138671875e+02 1.804432067871093750e+02
1.942200012207031250e+02 1.762630920410156250e+02 1.804598388671875000e+02
1.943682861328125000e+02 1.763803863525390625e+02 1.804851379394531250e+02
1.945410003662109375e+02 1.764597930908203125e+02 1.805173187255859375e+02
1.947332763671875000e+02 1.765075531005859375e+02 1.805535430908203125e+02
1.949402160644531250e+02 1.765298461914062500e+02 1.805910186767578125e+02
1.951569519042968750e+02 1.765328826904296875e+02 1.806268920898437500e+02
1.953785858154296875e+02 1.765228729248046875e+02 1.806583557128906250e+02
1.956002655029296875e+02 1.765060272216796875e+02 1.806825866699218750e+02
1.958171081542968750e+02 1.764885101318359375e+02 1.806967773437500000e+02
1.960265045166015625e+02 1.764738769531250000e+02 1.806994018554687500e+02
1.962295684814453125e+02 1.764613037109375000e+02 1.806911163330078125e+02
1.964277954101562500e+02 1.764495544433593750e+02 1.806727905273437500e+02
1.966226501464843750e+02 1.764373474121093750e+02 1.806452636718750000e+02
1.968156433105468750e+02 1.764234619140625000e+02 1.806093902587890625e+02
1.970082397460937500e+02 1.764066162109375000e+02 1.805660400390625000e+02
1.972019042968750000e+02 1.763856201171875000e+02 1.805161132812500000e+02
1.973972930908203125e+02 1.763613281250000000e+02 1.804635925292968750e+02
1.975938873291015625e+02 1.763376922607421875e+02 1.804170074462890625e+02
1.977910614013671875e+02 1.763188781738281250e+02 1.803852386474609375e+02
1.979881744384765625e+02 1.763090820312500000e+02 1.803771514892578125e+02
1.981848144531250000e+02 1.763107299804687500e+02 1.803981018066406250e+02
1.983815155029296875e+02 1.763184661865234375e+02 1.804378356933593750e+02
1.985790557861328125e+02 1.763248291015625000e+02 1.804818725585937500e+02
1.987782135009765625e+02 1.763223876953125000e+02 1.805157775878906250e+02
1.989782409667968750e+02 1.763070068359375000e+02 1.805361785888671875e+02
1.991747894287109375e+02 1.762822418212890625e+02 1.805656890869140625e+02
1.993646697998046875e+02 1.762474060058593750e+02 1.806196136474609375e+02
1.995519561767578125e+02 1.761853790283203125e+02 1.806688232421875000e+02
1.997373352050781250e+02 1.760987548828125000e+02 1.807107543945312500e+02
1.999208526611328125e+02 1.759925231933593750e+02 1.807469787597656250e+02
2.001025543212890625e+02 1.758716735839843750e+02 1.807790832519531250e+02
2.002825012207031250e+02 1.757411651611328125e+02 1.808086090087890625e+02
2.004607543945312500e+02 1.756059722900390625e+02 1.808371582031250000e+02
2.006373748779296875e+02 1.754710998535156250e+02 1.808662872314453125e+02
2.008124084472656250e+02 1.753415069580078125e+02 1.808975982666015625e+02
2.009859161376953125e+02 1.752221527099609375e+02 1.809326324462890625e+02
2.011579437255859375e+02 1.751180572509765625e+02 1.809729766845703125e+02
2.013285675048828125e+02 1.750341644287109375e+02 1.810202178955078125e+02
2.014978179931640625e+02 1.749754638671875000e+02 1.810759277343750000e+02
2.016657714843750000e+02 1.749469299316406250e+02 1.811416625976562500e+02
2.018324890136718750e+02 1.749535522460937500e+02 1.812189941406250000e+02
2.019981994628906250e+02 1.749998931884765625e+02 1.813089752197265625e+02
2.021765441894531250e+02 1.750615997314453125e+02 1.813761444091796875e+02
2.023583984375000000e+02 1.751186523437500000e+02 1.814352264404296875e+02
2.025350189208984375e+02 1.751746826171875000e+02 1.815061798095703125e+02
2.027069549560546875e+02 1.752297821044921875e+02 1.815878143310546875e+02
2.028747558593750000e+02 1.752840118408203125e+02 1.816789703369140625e+02
2.030389862060546875e+02 1.753374633789062500e+02 1.817784729003906250e+02
2.032001953125000000e+02 1.753901824951171875e+02 1.818851470947265625e+02
2.033589324951171875e+02 1.754422760009765625e+02 1.819978332519531250e+02
2.035157623291015625e+02 1.754937896728515625e+02 1.821153564453125000e+02
2.036712341308593750e+02 1.755447998046875000e+02 1.822365570068359375e+02
2.038259124755859375e+02 1.755953979492187500e+02 1.823602447509765625e+02
2.039803314208984375e+02 1.756456451416015625e+02 1.824852447509765625e+02
2.041350708007812500e+02 1.756956176757812500e+02 1.826104278564453125e+02
2.042906646728515625e+02 1.757453918457031250e+02 1.827345733642578125e+02
2.044476776123046875e+02 1.757950286865234375e+02 1.828565521240234375e+02
2.046065826416015625e+02 1.758443145751953125e+02 1.829753570556640625e+02
2.047676544189453125e+02 1.758922271728515625e+02 1.830905609130859375e+02
2.049310913085937500e+02 1.759375610351562500e+02 1.832018280029296875e+02
2.050971374511718750e+02 1.759791259765625000e+02 1.833088378906250000e+02
2.052659912109375000e+02 1.760157318115234375e+02 1.834112548828125000e+02
2.054378662109375000e+02 1.760461883544921875e+02 1.835087280273437500e+02
2.056130218505859375e+02 1.760693054199218750e+02 1.836009368896484375e+02
2.057916412353515625e+02 1.760838775634765625e+02 1.836875610351562500e+02
2.059739227294921875e+02 1.760888061523437500e+02 1.837682800292968750e+02
2.061593322753906250e+02 1.760844268798828125e+02 1.838438110351562500e+02
2.063467102050781250e+02 1.760723266601562500e+02 1.839156341552734375e+02
2.065348968505859375e+02 1.760541839599609375e+02 1.839853057861328125e+02
2.067229309082031250e+02 1.760323028564453125e+02 1.840541381835937500e+02
2.069107971191406250e+02 1.760122070312500000e+02 1.841226043701171875e+02
2.070987548828125000e+02 1.760002593994140625e+02 1.841908721923828125e+02
2.072870941162109375e+02 1.760027770996093750e+02 1.842591247558593750e+02
2.074761047363281250e+02 1.759910430908203125e+02 1.843239898681640625e+02
2.076584625244140625e+02 1.759756164550781250e+02 1.844049072265625000e+02
2.078365936279296875e+02 1.759753417968750000e+02 1.844978485107421875e+02
2.080213623046875000e+02 1.759584503173828125e+02 1.845725250244140625e+02
2.082105712890625000e+02 1.759289398193359375e+02 1.846345825195312500e+02
2.083982696533203125e+02 1.759012298583984375e+02 1.846999664306640625e+02
2.085801086425781250e+02 1.758862152099609375e+02 1.847804412841796875e+02
2.087565460205078125e+02 1.758839111328125000e+02 1.848747863769531250e+02
2.089290161132812500e+02 1.758922271728515625e+02 1.849793395996093750e+02
2.090989227294921875e+02 1.759091186523437500e+02 1.850903930664062500e+02
2.092676849365234375e+02 1.759325103759765625e+02 1.852042846679687500e+02
2.094367065429687500e+02 1.759603271484375000e+02 1.853173370361328125e+02
2.096074218750000000e+02 1.759905090332031250e+02 1.854258422851562500e+02
2.097812347412109375e+02 1.760209960937500000e+02 1.855261535644531250e+02
2.099595642089843750e+02 1.760496978759765625e+02 1.856145629882812500e+02
2.101437988281250000e+02 1.760745849609375000e+02 1.856874084472656250e+02
2.103353881835937500e+02 1.760935516357421875e+02 1.857409820556640625e+02
2.105266265869140625e+02 1.761017456054687500e+02 1.857857818603515625e+02
2.107008972167968750e+02 1.760917358398437500e+02 1.858538055419921875e+02
2.108692169189453125e+02 1.760646057128906250e+02 1.859426116943359375e+02
2.110442047119140625e+02 1.760219879150390625e+02 1.860475463867187500e+02
2.112384338378906250e+02 1.759654846191406250e+02 1.861640167236328125e+02
2.114570465087890625e+02 1.758978118896484375e+02 1.862868041992187500e+02
2.116866302490234375e+02 1.758244171142578125e+02 1.864093475341796875e+02
2.119109344482421875e+02 1.757512054443359375e+02 1.865248413085937500e+02
2.121136932373046875e+02 1.756840209960937500e+02 1.866265106201171875e+02
2.122786560058593750e+02 1.756287536621093750e+02 1.867075347900390625e+02
2.123895568847656250e+02 1.755912780761718750e+02 1.867611236572265625e+02
2.124301300048828125e+02 1.755774841308593750e+02 1.867805023193359375e+02
