1.444110107421875000e+02 1.305279541015625000e+02 1.621520538330078125e+02
1.444001770019531250e+02 1.304208526611328125e+02 1.620563659667968750e+02
1.443723907470703125e+02 1.302246856689453125e+02 1.618741302490234375e+02
1.443333435058593750e+02 1.300691223144531250e+02 1.617130889892578125e+02
1.442856903076171875e+02 1.299544677734375000e+02 1.615706787109375000e+02
1.442316589355468750e+02 1.298636322021484375e+02 1.614294281005859375e+02
1.441733245849609375e+02 1.297823944091796875e+02 1.612750854492187500e+02
1.441122283935546875e+02 1.297088317871093750e+02 1.611065521240234375e+02
1.440497741699218750e+02 1.296442108154296875e+02 1.609262390136718750e+02
1.439873504638671875e+02 1.295897827148437500e+02 1.607365112304687500e+02
1.439263610839843750e+02 1.295468139648437500e+02 1.605397338867187500e+02
1.438681793212890625e+02 1.295165405273437500e+02 1.603383178710937500e+02
1.438142242431640625e+02 1.295002288818359375e+02 1.601346282958984375e+02
1.437658691406250000e+02 1.294991455078125000e+02 1.599310302734375000e+02
1.437245025634765625e+02 1.295145416259765625e+02 1.597299346923828125e+02
1.436910552978515625e+02 1.295473327636718750e+02 1.595335693359375000e+02
1.436566009521484375e+02 1.295920257568359375e+02 1.593415679931640625e+02
1.436060333251953125e+02 1.296386108398437500e+02 1.591514587402343750e+02
1.435394134521484375e+02 1.296851196289062500e+02 1.589626464843750000e+02
1.434621734619140625e+02 1.297323760986328125e+02 1.587751617431640625e+02
1.433797607421875000e+02 1.297812347412109375e+02 1.585890502929687500e+02
1.432976074218750000e+02 1.298325500488281250e+02 1.584043579101562500e+02
1.432211456298828125e+02 1.298871612548828125e+02 1.582211303710937500e+02
1.431558380126953125e+02 1.299459228515625000e+02 1.580394287109375000e+02
1.431071166992187500e+02 1.300096740722656250e+02 1.578592834472656250e+02
1.430803985595703125e+02 1.300792694091796875e+02 1.576807556152343750e+02
1.430811614990234375e+02 1.301555480957031250e+02 1.575038604736328125e+02
1.431121215820312500e+02 1.302392272949218750e+02 1.573286895751953125e+02
1.431609954833984375e+02 1.303300933837890625e+02 1.571552886962890625e+02
1.432102355957031250e+02 1.304276885986328125e+02 1.569837646484375000e+02
1.432494354248046875e+02 1.305314178466796875e+02 1.568144683837890625e+02
1.432810058593750000e+02 1.306405792236328125e+02 1.566482696533203125e+02
1.433087005615234375e+02 1.307544250488281250e+02 1.564860687255859375e+02
1.433362731933593750e+02 1.308722229003906250e+02 1.563287658691406250e+02
1.433667602539062500e+02 1.309936676025390625e+02 1.561768951416015625e+02
1.433991088867187500e+02 1.311211700439453125e+02 1.560287933349609375e+02
1.434307403564453125e+02 1.312581176757812500e+02 1.558819885253906250e+02
1.434591522216796875e+02 1.314076080322265625e+02 1.557341003417968750e+02
1.434830627441406250e+02 1.315688934326171875e+02 1.555842285156250000e+02
1.435020446777343750e+02 1.317386016845703125e+02 1.554324340820312500e+02
1.435156707763671875e+02 1.319133300781250000e+02 1.552788085937500000e+02
1.435235137939453125e+02 1.320896606445312500e+02 1.551234588623046875e+02
1.435251312255859375e+02 1.322641754150390625e+02 1.549664611816406250e+02
1.435201263427734375e+02 1.324334411621093750e+02 1.548079071044921875e+02
1.435080566406250000e+02 1.325940551757812500e+02 1.546479034423828125e+02
1.434884948730468750e+02 1.327425842285156250e+02 1.544865264892578125e+02
1.434610290527343750e+02 1.328756256103515625e+02 1.543238830566406250e+02
1.434252166748046875e+02 1.329897613525390625e+02 1.541600494384765625e+02
1.433806610107421875e+02 1.330815582275390625e+02 1.539951324462890625e+02
1.433269042968750000e+02 1.331476135253906250e+02 1.538292083740234375e+02
1.432635345458984375e+02 1.331845092773437500e+02 1.536623992919921875e+02
1.431901245117187500e+02 1.331888122558593750e+02 1.534947662353515625e+02
1.431062622070312500e+02 1.331571044921875000e+02 1.533264160156250000e+02
1.430226440429687500e+02 1.330928497314453125e+02 1.531556549072265625e+02
1.429696655273437500e+02 1.330159149169921875e+02 1.529783782958984375e+02
1.429294128417968750e+02 1.329310760498046875e+02 1.528009490966796875e+02
1.428776855468750000e+02 1.328393554687500000e+02 1.526302642822265625e+02
1.428131103515625000e+02 1.327434539794921875e+02 1.524655303955078125e+02
1.427400665283203125e+02 1.326465301513671875e+02 1.523040313720703125e+02
1.426629638671875000e+02 1.325517272949218750e+02 1.521429748535156250e+02
1.425862274169921875e+02 1.324621734619140625e+02 1.519796600341796875e+02
1.425142211914062500e+02 1.323810119628906250e+02 1.518113098144531250e+02
1.424513549804687500e+02 1.323114013671875000e+02 1.516351776123046875e+02
1.423974914550781250e+02 1.322587432861328125e+02 1.514500579833984375e+02
1.423358459472656250e+02 1.322312164306640625e+02 1.512619018554687500e+02
1.422720794677734375e+02 1.322173919677734375e+02 1.510715332031250000e+02
1.422153167724609375e+02 1.322035369873046875e+02 1.508787841796875000e+02
1.421733856201171875e+02 1.321772918701171875e+02 1.506837005615234375e+02
1.421381988525390625e+02 1.321434631347656250e+02 1.504887237548828125e+02
1.420907897949218750e+02 1.321184844970703125e+02 1.502978668212890625e+02
1.420212097167968750e+02 1.321108856201171875e+02 1.501131439208984375e+02
1.419341735839843750e+02 1.321162872314453125e+02 1.499331512451171875e+02
1.418357238769531250e+02 1.321291198730468750e+02 1.497562408447265625e+02
1.417318725585937500e+02 1.321438140869140625e+02 1.495807342529296875e+02
1.416285095214843750e+02 1.321550445556640625e+02 1.494050140380859375e+02
1.415279235839843750e+02 1.321628265380859375e+02 1.492290039062500000e+02
1.414286041259765625e+02 1.321727600097656250e+02 1.490541992187500000e+02
1.413289184570312500e+02 1.321906585693359375e+02 1.488822021484375000e+02
1.412272033691406250e+02 1.322224121093750000e+02 1.487145843505859375e+02
1.411221923828125000e+02 1.322732696533203125e+02 1.485526275634765625e+02
1.410187988281250000e+02 1.323395996093750000e+02 1.483930664062500000e+02
1.409268188476562500e+02 1.324105987548828125e+02 1.482289581298828125e+02
1.408559722900390625e+02 1.324753265380859375e+02 1.480534210205078125e+02
1.408050537109375000e+02 1.325247192382812500e+02 1.478656005859375000e+02
1.407599334716796875e+02 1.325539855957031250e+02 1.476722412109375000e+02
1.407158355712890625e+02 1.325726013183593750e+02 1.474773559570312500e+02
1.406728057861328125e+02 1.325967712402343750e+02 1.472834472656250000e+02
1.406307830810546875e+02 1.326389770507812500e+02 1.470924377441406250e+02
1.405886840820312500e+02 1.326903533935546875e+02 1.469030456542968750e+02
1.405583190917968750e+02 1.327328338623046875e+02 1.467098693847656250e+02
1.405327911376953125e+02 1.327579498291015625e+02 1.465118255615234375e+02
1.404858703613281250e+02 1.327821807861328125e+02 1.463186035156250000e+02
1.404192199707031250e+02 1.328250579833984375e+02 1.461367034912109375e+02
1.403357391357421875e+02 1.328855743408203125e+02 1.459656829833984375e+02
1.402385559082031250e+02 1.329559631347656250e+02 1.458028106689453125e+02
1.401308898925781250e+02 1.330284881591796875e+02 1.456453704833984375e+02
1.400158538818359375e+02 1.330953521728515625e+02 1.454906311035156250e+02
1.398966522216796875e+02 1.331488189697265625e+02 1.453358764648437500e+02
1.397763977050781250e+02 1.331812286376953125e+02 1.451784362792968750e+02
1.396551361083984375e+02 1.331945648193359375e+02 1.450191650390625000e+02
1.395275726318359375e+02 1.332072143554687500e+02 1.448650207519531250e+02
1.393891448974609375e+02 1.332368621826171875e+02 1.447223052978515625e+02
1.392490997314453125e+02 1.332743530273437500e+02 1.445831909179687500e+02
1.391248931884765625e+02 1.332944641113281250e+02 1.444313354492187500e+02
1.390218200683593750e+02 1.332911682128906250e+02 1.442618713378906250e+02
1.389345550537109375e+02 1.332753601074218750e+02 1.440799407958984375e+02
1.388574676513671875e+02 1.332584381103515625e+02 1.438909759521484375e+02
1.387848510742187500e+02 1.332518615722656250e+02 1.437004699707031250e+02
1.387110595703125000e+02 1.332670440673828125e+02 1.435138702392578125e+02
1.386392822265625000e+02 1.332837524414062500e+02 1.433287200927734375e+02
1.385859527587890625e+02 1.332831726074218750e+02 1.431353759765625000e+02
1.385596923828125000e+02 1.333083953857421875e+02 1.429360198974609375e+02
1.385344238281250000e+02 1.333459930419921875e+02 1.427389068603515625e+02
1.384768218994140625e+02 1.333821563720703125e+02 1.425547637939453125e+02
1.383760833740234375e+02 1.334125213623046875e+02 1.423870391845703125e+02
1.382522888183593750e+02 1.334458007812500000e+02 1.422291107177734375e+02
1.381277770996093750e+02 1.334916076660156250e+02 1.420736389160156250e+02
1.380245819091796875e+02 1.335590667724609375e+02 1.419133300781250000e+02
1.379556121826171875e+02 1.336396789550781250e+02 1.417423095703125000e+02
1.379219360351562500e+02 1.337059478759765625e+02 1.415571289062500000e+02
1.379137115478515625e+02 1.337592468261718750e+02 1.413633270263671875e+02
1.379156494140625000e+02 1.338201599121093750e+02 1.411715545654296875e+02
1.379260253906250000e+02 1.338896942138671875e+02 1.409835968017578125e+02
1.379482269287109375e+02 1.339613952636718750e+02 1.407979125976562500e+02
1.379839630126953125e+02 1.340304412841796875e+02 1.406132354736328125e+02
1.380232391357421875e+02 1.341036834716796875e+02 1.404308166503906250e+02
1.380522918701171875e+02 1.341914672851562500e+02 1.402525939941406250e+02
1.380667877197265625e+02 1.342923889160156250e+02 1.400781097412109375e+02
1.380665283203125000e+02 1.343999023437500000e+02 1.399058532714843750e+02
1.380513305664062500e+02 1.345074768066406250e+02 1.397342987060546875e+02
1.380209960937500000e+02 1.346085662841796875e+02 1.395619049072265625e+02
1.379753265380859375e+02 1.346966552734375000e+02 1.393871765136718750e+02
1.379018096923828125e+02 1.348041534423828125e+02 1.392377471923828125e+02
1.378030700683593750e+02 1.349480895996093750e+02 1.391237792968750000e+02
1.377046813964843750e+02 1.350906982421875000e+02 1.390111083984375000e+02
1.376322937011718750e+02 1.351941680908203125e+02 1.388655090332031250e+02
1.375945434570312500e+02 1.352462921142578125e+02 1.386751251220703125e+02
1.375571746826171875e+02 1.352983398437500000e+02 1.384839782714843750e+02
1.375113983154296875e+02 1.353543548583984375e+02 1.382976837158203125e+02
1.374608459472656250e+02 1.353971405029296875e+02 1.381054992675781250e+02
1.374057617187500000e+02 1.354187164306640625e+02 1.379096832275390625e+02
1.373453979492187500e+02 1.354136657714843750e+02 1.377159576416015625e+02
1.372790374755859375e+02 1.353765106201171875e+02 1.375300292968750000e+02
1.372047119140625000e+02 1.353129272460937500e+02 1.373546295166015625e+02
1.371160888671875000e+02 1.352768859863281250e+02 1.371795349121093750e+02
1.370177001953125000e+02 1.352686767578125000e+02 1.370066833496093750e+02
1.369124908447265625e+02 1.352780609130859375e+02 1.368365783691406250e+02
1.368024902343750000e+02 1.352981262207031250e+02 1.366685028076171875e+02
1.366897125244140625e+02 1.353219757080078125e+02 1.365017089843750000e+02
1.365761566162109375e+02 1.353427276611328125e+02 1.363354797363281250e+02
1.364638366699218750e+02 1.353534393310546875e+02 1.361691131591796875e+02
1.363547363281250000e+02 1.353476257324218750e+02 1.360018615722656250e+02
1.362501983642578125e+02 1.353251953125000000e+02 1.358329620361328125e+02
1.361510925292968750e+02 1.352914123535156250e+02 1.356615905761718750e+02
1.360582580566406250e+02 1.352517395019531250e+02 1.354869384765625000e+02
1.359724884033203125e+02 1.352114868164062500e+02 1.353082275390625000e+02
1.358934173583984375e+02 1.351734466552734375e+02 1.351255187988281250e+02
1.358196105957031250e+02 1.351379852294921875e+02 1.349396209716796875e+02
1.357495880126953125e+02 1.351053619384765625e+02 1.347514038085937500e+02
1.356818542480468750e+02 1.350758514404296875e+02 1.345617523193359375e+02
1.356149444580078125e+02 1.350496978759765625e+02 1.343715057373046875e+02
1.355473785400390625e+02 1.350271911621093750e+02 1.341815490722656250e+02
1.354776611328125000e+02 1.350085906982421875e+02 1.339927215576171875e+02
1.354043121337890625e+02 1.349941558837890625e+02 1.338059234619140625e+02
1.353258361816406250e+02 1.349841613769531250e+02 1.336219787597656250e+02
1.352407836914062500e+02 1.349788665771484375e+02 1.334417877197265625e+02
1.351476440429687500e+02 1.349785308837890625e+02 1.332661895751953125e+02
1.350449371337890625e+02 1.349834442138671875e+02 1.330960540771484375e+02
1.349312591552734375e+02 1.349938201904296875e+02 1.329322204589843750e+02
1.348300323486328125e+02 1.350175781250000000e+02 1.327691040039062500e+02
1.347993621826171875e+02 1.350821533203125000e+02 1.325959014892578125e+02
1.348223724365234375e+02 1.351729888916015625e+02 1.324136047363281250e+02
1.348762969970703125e+02 1.352717285156250000e+02 1.322240142822265625e+02
1.349383544921875000e+02 1.353600616455078125e+02 1.320288848876953125e+02
1.349857940673828125e+02 1.354196472167968750e+02 1.318299407958984375e+02
1.350023651123046875e+02 1.354402770996093750e+02 1.316297760009765625e+02
1.350179443359375000e+02 1.354686279296875000e+02 1.314362182617187500e+02
1.350506134033203125e+02 1.355267486572265625e+02 1.312518768310546875e+02
1.350986785888671875e+02 1.356062927246093750e+02 1.310747985839843750e+02
1.351602478027343750e+02 1.356985778808593750e+02 1.309029998779296875e+02
1.352333984375000000e+02 1.357949218750000000e+02 1.307344512939453125e+02
1.353161926269531250e+02 1.358866271972656250e+02 1.305671844482421875e+02
1.354067535400390625e+02 1.359650268554687500e+02 1.303991546630859375e+02
1.355031280517578125e+02 1.360214080810546875e+02 1.302283935546875000e+02
1.355867767333984375e+02 1.360390319824218750e+02 1.300486297607421875e+02
1.356175689697265625e+02 1.360022583007812500e+02 1.298529052734375000e+02
1.356115112304687500e+02 1.359473114013671875e+02 1.296569061279296875e+02
1.355875396728515625e+02 1.359104461669921875e+02 1.294630279541015625e+02
1.355593872070312500e+02 1.359151458740234375e+02 1.292672576904296875e+02
1.355292205810546875e+02 1.359437103271484375e+02 1.290697174072265625e+02
1.354960632324218750e+02 1.359671478271484375e+02 1.288717041015625000e+02
1.354734344482421875e+02 1.359756011962890625e+02 1.286742858886718750e+02
1.354961242675781250e+02 1.360135040283203125e+02 1.284771881103515625e+02
1.355162811279296875e+02 1.360479278564453125e+02 1.282804412841796875e+02
1.355039978027343750e+02 1.360369720458984375e+02 1.280881347656250000e+02
1.354638977050781250e+02 1.359869232177734375e+02 1.279004669189453125e+02
1.354027404785156250e+02 1.359140319824218750e+02 1.277160797119140625e+02
1.353273773193359375e+02 1.358345794677734375e+02 1.275336227416992188e+02
1.352446136474609375e+02 1.357648162841796875e+02 1.273517532348632812e+02
1.351612396240234375e+02 1.357210235595703125e+02 1.271691131591796875e+02
1.350823822021484375e+02 1.357124633789062500e+02 1.269847793579101562e+02
1.350055694580078125e+02 1.357170715332031250e+02 1.267997589111328125e+02
1.349130401611328125e+02 1.357196044921875000e+02 1.266228103637695312e+02
1.347938385009765625e+02 1.357354278564453125e+02 1.264607009887695312e+02
1.346700897216796875e+02 1.357687225341796875e+02 1.263032913208007812e+02
1.345643768310546875e+02 1.358233184814453125e+02 1.261402130126953125e+02
1.344893341064453125e+02 1.358922729492187500e+02 1.259645996093750000e+02
1.344255523681640625e+02 1.359337310791015625e+02 1.257809295654296875e+02
1.343499145507812500e+02 1.359182586669921875e+02 1.255968093872070312e+02
1.342503509521484375e+02 1.358914947509765625e+02 1.254230880737304688e+02
1.341333007812500000e+02 1.358901824951171875e+02 1.252601089477539062e+02
1.340297851562500000e+02 1.359051818847656250e+02 1.250904998779296875e+02
1.339462890625000000e+02 1.359288940429687500e+02 1.249103088378906250e+02
1.338733978271484375e+02 1.359571838378906250e+02 1.247245025634765625e+02
1.338015594482421875e+02 1.359859924316406250e+02 1.245381774902343750e+02
1.337192077636718750e+02 1.360081787109375000e+02 1.243574371337890625e+02
1.336113586425781250e+02 1.360051269531250000e+02 1.241908874511718750e+02
1.334813690185546875e+02 1.359779968261718750e+02 1.240385589599609375e+02
1.333350830078125000e+02 1.359311370849609375e+02 1.238992843627929688e+02
1.331782836914062500e+02 1.358688659667968750e+02 1.237718963623046875e+02
1.330164184570312500e+02 1.357972412109375000e+02 1.236543350219726562e+02
1.328536987304687500e+02 1.357278747558593750e+02 1.235416336059570312e+02
1.326940765380859375e+02 1.356735076904296875e+02 1.234282150268554688e+02
1.325415496826171875e+02 1.356468963623046875e+02 1.233085250854492188e+02
1.324000549316406250e+02 1.356607818603515625e+02 1.231770019531250000e+02
1.322601776123046875e+02 1.357100372314453125e+02 1.230423049926757812e+02
1.320990295410156250e+02 1.357340850830078125e+02 1.229270095825195312e+02
1.319728698730468750e+02 1.357251281738281250e+02 1.227721252441406250e+02
1.318774261474609375e+02 1.357203826904296875e+02 1.225906524658203125e+02
1.317976379394531250e+02 1.357563476562500000e+02 1.224068679809570312e+02
1.317236480712890625e+02 1.358246154785156250e+02 1.222285690307617188e+02
1.316482543945312500e+02 1.358937683105468750e+02 1.220550918579101562e+02
1.315643310546875000e+02 1.359321899414062500e+02 1.218857116699218750e+02
1.314669647216796875e+02 1.359207153320312500e+02 1.217198257446289062e+02
1.313574829101562500e+02 1.358734130859375000e+02 1.215572586059570312e+02
1.312381896972656250e+02 1.358099212646484375e+02 1.213978652954101562e+02
1.311114501953125000e+02 1.357493896484375000e+02 1.212415084838867188e+02
1.309798278808593750e+02 1.356994476318359375e+02 1.210878753662109375e+02
1.308461914062500000e+02 1.356562194824218750e+02 1.209364700317382812e+02
1.307133941650390625e+02 1.356152343750000000e+02 1.207867813110351562e+02
1.305842895507812500e+02 1.355720825195312500e+02 1.206383209228515625e+02
1.304617614746093750e+02 1.355223388671875000e+02 1.204905624389648438e+02
1.303486480712890625e+02 1.354615783691406250e+02 1.203430099487304688e+02
1.302478179931640625e+02 1.353853454589843750e+02 1.201951675415039062e+02
1.301620941162109375e+02 1.352893829345703125e+02 1.200465087890625000e+02
1.300923919677734375e+02 1.351752014160156250e+02 1.198959732055664062e+02
1.300371551513671875e+02 1.350518646240234375e+02 1.197418060302734375e+02
1.299946746826171875e+02 1.349289245605468750e+02 1.195821990966796875e+02
1.299632263183593750e+02 1.348159484863281250e+02 1.194153442382812500e+02
1.299411163330078125e+02 1.347225036621093750e+02 1.192394409179687500e+02
1.299266510009765625e+02 1.346579437255859375e+02 1.190527191162109375e+02
1.299196014404296875e+02 1.346197204589843750e+02 1.188558883666992188e+02
1.299215087890625000e+02 1.345886840820312500e+02 1.186532440185546875e+02
1.299297180175781250e+02 1.345552520751953125e+02 1.184486465454101562e+02
1.299393768310546875e+02 1.345155029296875000e+02 1.182455520629882812e+02
1.299456024169921875e+02 1.344656219482421875e+02 1.180474166870117188e+02
1.299435119628906250e+02 1.344017486572265625e+02 1.178576812744140625e+02
1.299282379150390625e+02 1.343200073242187500e+02 1.176798095703125000e+02
1.298949432373046875e+02 1.342166290283203125e+02 1.175172195434570312e+02
1.298435363769531250e+02 1.340923919677734375e+02 1.173696289062500000e+02
1.297826232910156250e+02 1.339565277099609375e+02 1.172299728393554688e+02
1.297217254638671875e+02 1.338191528320312500e+02 1.170904922485351562e+02
1.296703491210937500e+02 1.336904144287109375e+02 1.169434051513671875e+02
1.296380462646484375e+02 1.335804138183593750e+02 1.167809448242187500e+02
1.296312408447265625e+02 1.335127410888671875e+02 1.165961303710937500e+02
1.296329956054687500e+02 1.335332031250000000e+02 1.163947143554687500e+02
1.296270294189453125e+02 1.335561676025390625e+02 1.161930618286132812e+02
1.296087036132812500e+02 1.335379180908203125e+02 1.159979553222656250e+02
1.295820465087890625e+02 1.334881134033203125e+02 1.158073959350585938e+02
1.295513000488281250e+02 1.334183044433593750e+02 1.156190795898437500e+02
1.295207519531250000e+02 1.333399658203125000e+02 1.154307022094726562e+02
1.294946899414062500e+02 1.332646179199218750e+02 1.152399597167968750e+02
1.294773254394531250e+02 1.332036895751953125e+02 1.150445861816406250e+02
1.294686279296875000e+02 1.331640167236328125e+02 1.148441314697265625e+02
1.294619445800781250e+02 1.331452178955078125e+02 1.146410369873046875e+02
1.294499816894531250e+02 1.331462554931640625e+02 1.144379882812500000e+02
1.294255065917968750e+02 1.331660766601562500e+02 1.142376708984375000e+02
1.293812408447265625e+02 1.332036590576171875e+02 1.140427932739257812e+02
1.293102111816406250e+02 1.332578430175781250e+02 1.138559722900390625e+02
1.292177581787109375e+02 1.333232116699218750e+02 1.136775283813476562e+02
1.291252899169921875e+02 1.333887176513671875e+02 1.135047225952148438e+02
1.290553741455078125e+02 1.334429473876953125e+02 1.133346099853515625e+02
1.290293579101562500e+02 1.334750366210937500e+02 1.131641387939453125e+02
1.290472869873046875e+02 1.334845581054687500e+02 1.129882507324218750e+02
1.290909118652343750e+02 1.334800109863281250e+02 1.128001861572265625e+02
1.291413421630859375e+02 1.334702301025390625e+02 1.125931091308593750e+02
1.291797485351562500e+02 1.334639892578125000e+02 1.123602066040039062e+02
1.291911621093750000e+02 1.334682769775390625e+02 1.120991134643554688e+02
1.291794281005859375e+02 1.334814147949218750e+02 1.118287506103515625e+02
1.291539154052734375e+02 1.334990997314453125e+02 1.115744247436523438e+02
1.291240386962890625e+02 1.335170593261718750e+02 1.113614425659179688e+02
1.290992126464843750e+02 1.335309753417968750e+02 1.112150955200195312e+02
1.290888519287109375e+02 1.335365600585937500e+02 1.111606903076171875e+02
