2.181978759765625000e+02 2.196430053710937500e+02 2.428699035644531250e+02
2.182181854248046875e+02 2.196097106933593750e+02 2.428356933593750000e+02
2.182745666503906250e+02 2.195198211669921875e+02 2.427442474365234375e+02
2.183601989746093750e+02 2.193884124755859375e+02 2.426123199462890625e+02
2.184682922363281250e+02 2.192304840087890625e+02 2.424566345214843750e+02
2.185920104980468750e+02 2.190610809326171875e+02 2.422939605712890625e+02
2.187245330810546875e+02 2.188952636718750000e+02 2.421410675048828125e+02
2.188590545654296875e+02 2.187480316162109375e+02 2.420146636962890625e+02
2.189912414550781250e+02 2.186301116943359375e+02 2.419188537597656250e+02
2.191250457763671875e+02 2.185364074707031250e+02 2.418152923583984375e+02
2.192601013183593750e+02 2.184622802734375000e+02 2.416920776367187500e+02
2.193934936523437500e+02 2.184047698974609375e+02 2.415517120361328125e+02
2.195222930908203125e+02 2.183609008789062500e+02 2.413967285156250000e+02
2.196436004638671875e+02 2.183277435302734375e+02 2.412296905517578125e+02
2.197544860839843750e+02 2.183023071289062500e+02 2.410531463623046875e+02
2.198520355224609375e+02 2.182816619873046875e+02 2.408696289062500000e+02
2.199333953857421875e+02 2.182628784179687500e+02 2.406816711425781250e+02
2.199981384277343750e+02 2.182445983886718750e+02 2.404907836914062500e+02
2.200486297607421875e+02 2.182272186279296875e+02 2.402973937988281250e+02
2.200874023437500000e+02 2.182113037109375000e+02 2.401018066406250000e+02
2.201170349121093750e+02 2.181973571777343750e+02 2.399043273925781250e+02
2.201400299072265625e+02 2.181859436035156250e+02 2.397053222656250000e+02
2.201589660644531250e+02 2.181775512695312500e+02 2.395050811767578125e+02
2.201763763427734375e+02 2.181727600097656250e+02 2.393039398193359375e+02
2.201948089599609375e+02 2.181720581054687500e+02 2.391022186279296875e+02
2.202166290283203125e+02 2.181759185791015625e+02 2.389002227783203125e+02
2.202425384521484375e+02 2.181837158203125000e+02 2.386982269287109375e+02
2.202722320556640625e+02 2.181942443847656250e+02 2.384964141845703125e+02
2.203053741455078125e+02 2.182062988281250000e+02 2.382949829101562500e+02
2.203416290283203125e+02 2.182186584472656250e+02 2.380941314697265625e+02
2.203806915283203125e+02 2.182301025390625000e+02 2.378940887451171875e+02
2.204222106933593750e+02 2.182394256591796875e+02 2.376950378417968750e+02
2.204658660888671875e+02 2.182453918457031250e+02 2.374971771240234375e+02
2.205113372802734375e+02 2.182467956542968750e+02 2.373007049560546875e+02
2.205582885742187500e+02 2.182424163818359375e+02 2.371058502197265625e+02
2.206064147949218750e+02 2.182310333251953125e+02 2.369127960205078125e+02
2.206553649902343750e+02 2.182114562988281250e+02 2.367217407226562500e+02
2.207048034667968750e+02 2.181824188232421875e+02 2.365328826904296875e+02
2.207544403076171875e+02 2.181427612304687500e+02 2.363464355468750000e+02
2.208039093017578125e+02 2.180912780761718750e+02 2.361625976562500000e+02
2.208526000976562500e+02 2.180288085937500000e+02 2.359808959960937500e+02
2.208995819091796875e+02 2.179586791992187500e+02 2.358001403808593750e+02
2.209438781738281250e+02 2.178842926025390625e+02 2.356190643310546875e+02
2.209844970703125000e+02 2.178091278076171875e+02 2.354364166259765625e+02
2.210204925537109375e+02 2.177366180419921875e+02 2.352509307861328125e+02
2.210508880615234375e+02 2.176702117919921875e+02 2.350613403320312500e+02
2.210747528076171875e+02 2.176121826171875000e+02 2.348670196533203125e+02
2.210912933349609375e+02 2.175615539550781250e+02 2.346690216064453125e+02
2.210997619628906250e+02 2.175168151855468750e+02 2.344687194824218750e+02
2.210993652343750000e+02 2.174763946533203125e+02 2.342674865722656250e+02
2.210893707275390625e+02 2.174387817382812500e+02 2.340666809082031250e+02
2.210689849853515625e+02 2.174024200439453125e+02 2.338676605224609375e+02
2.210374603271484375e+02 2.173657989501953125e+02 2.336718139648437500e+02
2.209940032958984375e+02 2.173273468017578125e+02 2.334805145263671875e+02
2.209378967285156250e+02 2.172855529785156250e+02 2.332950897216796875e+02
2.208683471679687500e+02 2.172388916015625000e+02 2.331169281005859375e+02
2.207855224609375000e+02 2.171864776611328125e+02 2.329466247558593750e+02
2.206907958984375000e+02 2.171283569335937500e+02 2.327837982177734375e+02
2.205856170654296875e+02 2.170646057128906250e+02 2.326279907226562500e+02
2.204714202880859375e+02 2.169953155517578125e+02 2.324787292480468750e+02
2.203496856689453125e+02 2.169205780029296875e+02 2.323355865478515625e+02
2.202218627929687500e+02 2.168404846191406250e+02 2.321980743408203125e+02
2.200893859863281250e+02 2.167550964355468750e+02 2.320657501220703125e+02
2.199537353515625000e+02 2.166645355224609375e+02 2.319381408691406250e+02
2.198163452148437500e+02 2.165688781738281250e+02 2.318148040771484375e+02
2.196786651611328125e+02 2.164682006835937500e+02 2.316952667236328125e+02
2.195421600341796875e+02 2.163625946044921875e+02 2.315790863037109375e+02
2.194082946777343750e+02 2.162521514892578125e+02 2.314657897949218750e+02
2.192784881591796875e+02 2.161369781494140625e+02 2.313549194335937500e+02
2.191542358398437500e+02 2.160171203613281250e+02 2.312460327148437500e+02
2.190369415283203125e+02 2.158927001953125000e+02 2.311386871337890625e+02
2.189178161621093750e+02 2.157606811523437500e+02 2.310464172363281250e+02
2.187760009765625000e+02 2.156338043212890625e+02 2.309620819091796875e+02
2.186204986572265625e+02 2.155218200683593750e+02 2.308710632324218750e+02
2.184675445556640625e+02 2.154298400878906250e+02 2.307650604248046875e+02
2.183334503173828125e+02 2.153629608154296875e+02 2.306357421875000000e+02
2.182342224121093750e+02 2.153260498046875000e+02 2.304749603271484375e+02
2.181733551025390625e+02 2.153112487792968750e+02 2.302851257324218750e+02
2.181350250244140625e+02 2.152910614013671875e+02 2.300847015380859375e+02
2.181035003662109375e+02 2.152408752441406250e+02 2.298911437988281250e+02
2.180719757080078125e+02 2.151602783203125000e+02 2.297087860107421875e+02
2.180367279052734375e+02 2.150570220947265625e+02 2.295375213623046875e+02
2.179940185546875000e+02 2.149388122558593750e+02 2.293773040771484375e+02
2.179402770996093750e+02 2.148132934570312500e+02 2.292280120849609375e+02
2.178789062500000000e+02 2.146835174560546875e+02 2.290880279541015625e+02
2.178226165771484375e+02 2.145464477539062500e+02 2.289537963867187500e+02
2.177753143310546875e+02 2.144029846191406250e+02 2.288218841552734375e+02
2.177269134521484375e+02 2.142636566162109375e+02 2.286864166259765625e+02
2.176715698242187500e+02 2.141437530517578125e+02 2.285350799560546875e+02
2.176127471923828125e+02 2.140187225341796875e+02 2.283900909423828125e+02
2.175522460937500000e+02 2.138816528320312500e+02 2.282572174072265625e+02
2.174904632568359375e+02 2.137400970458984375e+02 2.281289215087890625e+02
2.174277648925781250e+02 2.136018218994140625e+02 2.279974822998046875e+02
2.173644104003906250e+02 2.134745788574218750e+02 2.278553009033203125e+02
2.172982177734375000e+02 2.133667602539062500e+02 2.276994781494140625e+02
2.172253570556640625e+02 2.132858428955078125e+02 2.275321655273437500e+02
2.171497497558593750e+02 2.132266998291015625e+02 2.273558654785156250e+02
2.170791931152343750e+02 2.131782226562500000e+02 2.271731109619140625e+02
2.170214538574218750e+02 2.131291961669921875e+02 2.269863891601562500e+02
2.169799499511718750e+02 2.130719604492187500e+02 2.267981567382812500e+02
2.169436645507812500e+02 2.130101928710937500e+02 2.266105041503906250e+02
2.168986206054687500e+02 2.129499816894531250e+02 2.264254913330078125e+02
2.168339691162109375e+02 2.128962402343750000e+02 2.262446136474609375e+02
2.167552947998046875e+02 2.128478698730468750e+02 2.260663452148437500e+02
2.166735076904296875e+02 2.128017730712890625e+02 2.258881988525390625e+02
2.165995635986328125e+02 2.127548828125000000e+02 2.257076568603515625e+02
2.165430755615234375e+02 2.127046203613281250e+02 2.255225372314453125e+02
2.165044708251953125e+02 2.126519775390625000e+02 2.253327484130859375e+02
2.164801788330078125e+02 2.125994873046875000e+02 2.251391143798828125e+02
2.164666290283203125e+02 2.125496826171875000e+02 2.249424743652343750e+02
2.164602355957031250e+02 2.125050659179687500e+02 2.247436676025390625e+02
2.164574432373046875e+02 2.124681854248046875e+02 2.245435028076171875e+02
2.164546813964843750e+02 2.124415588378906250e+02 2.243428192138671875e+02
2.164483642578125000e+02 2.124277343750000000e+02 2.241424560546875000e+02
2.164349365234375000e+02 2.124292144775390625e+02 2.239432373046875000e+02
2.164118194580078125e+02 2.124470367431640625e+02 2.237458648681640625e+02
2.163787078857421875e+02 2.124788513183593750e+02 2.235508270263671875e+02
2.163355865478515625e+02 2.125218505859375000e+02 2.233585815429687500e+02
2.162824554443359375e+02 2.125732269287109375e+02 2.231695251464843750e+02
2.162193298339843750e+02 2.126301422119140625e+02 2.229841461181640625e+02
2.161461791992187500e+02 2.126898040771484375e+02 2.228028411865234375e+02
2.160630340576171875e+02 2.127494049072265625e+02 2.226260833740234375e+02
2.159699859619140625e+02 2.128060455322265625e+02 2.224542083740234375e+02
2.158762664794921875e+02 2.128513946533203125e+02 2.222819213867187500e+02
2.158058319091796875e+02 2.128683471679687500e+02 2.220947113037109375e+02
2.157263183593750000e+02 2.128788604736328125e+02 2.219145050048828125e+02
2.155769805908203125e+02 2.129252777099609375e+02 2.217838287353515625e+02
2.154155883789062500e+02 2.129711608886718750e+02 2.216685028076171875e+02
2.152565612792968750e+02 2.130130157470703125e+02 2.215544281005859375e+02
2.151072540283203125e+02 2.130524902343750000e+02 2.214310607910156250e+02
2.149738311767578125e+02 2.130913085937500000e+02 2.212894134521484375e+02
2.148516235351562500e+02 2.131313323974609375e+02 2.211346435546875000e+02
2.147301483154296875e+02 2.131746215820312500e+02 2.209794616699218750e+02
2.145988922119140625e+02 2.132231597900390625e+02 2.208366394042968750e+02
2.144514617919921875e+02 2.132778015136718750e+02 2.207138671875000000e+02
2.142931518554687500e+02 2.133359985351562500e+02 2.206043548583984375e+02
2.141313781738281250e+02 2.133945922851562500e+02 2.204986877441406250e+02
2.139735717773437500e+02 2.134504394531250000e+02 2.203874816894531250e+02
2.138269805908203125e+02 2.135006713867187500e+02 2.202616271972656250e+02
2.136938171386718750e+02 2.135524902343750000e+02 2.201215667724609375e+02
2.135699462890625000e+02 2.136256561279296875e+02 2.199796752929687500e+02
2.134521484375000000e+02 2.137349548339843750e+02 2.198462982177734375e+02
2.133442687988281250e+02 2.138633728027343750e+02 2.197163543701171875e+02
2.132526245117187500e+02 2.139830322265625000e+02 2.195795135498046875e+02
2.131835479736328125e+02 2.140660858154296875e+02 2.194254150390625000e+02
2.131407012939453125e+02 2.140904541015625000e+02 2.192460632324218750e+02
2.131117248535156250e+02 2.140698547363281250e+02 2.190477447509765625e+02
2.130781555175781250e+02 2.140316467285156250e+02 2.188422088623046875e+02
2.130228729248046875e+02 2.140016632080078125e+02 2.186405029296875000e+02
2.129443206787109375e+02 2.139885406494140625e+02 2.184460296630859375e+02
2.128507690429687500e+02 2.139899597167968750e+02 2.182572631835937500e+02
2.127507019042968750e+02 2.140034332275390625e+02 2.180726165771484375e+02
2.126525726318359375e+02 2.140264587402343750e+02 2.178905029296875000e+02
2.125648345947265625e+02 2.140565795898437500e+02 2.177093200683593750e+02
2.124959716796875000e+02 2.140912933349609375e+02 2.175275115966796875e+02
2.124544372558593750e+02 2.141281280517578125e+02 2.173434600830078125e+02
2.124486694335937500e+02 2.141645660400390625e+02 2.171555786132812500e+02
2.124807739257812500e+02 2.141982574462890625e+02 2.169630126953125000e+02
2.125276947021484375e+02 2.142271728515625000e+02 2.167677612304687500e+02
2.125632476806640625e+02 2.142497253417968750e+02 2.165720977783203125e+02
2.125834503173828125e+02 2.142662963867187500e+02 2.163748474121093750e+02
2.125941467285156250e+02 2.142782440185546875e+02 2.161734008789062500e+02
2.126003570556640625e+02 2.142866058349609375e+02 2.159656829833984375e+02
2.125991668701171875e+02 2.142900085449218750e+02 2.157548370361328125e+02
2.125836334228515625e+02 2.142858123779296875e+02 2.155466613769531250e+02
2.125467834472656250e+02 2.142714080810546875e+02 2.153469696044921875e+02
2.124816284179687500e+02 2.142441558837890625e+02 2.151615600585937500e+02
2.123815307617187500e+02 2.142015228271484375e+02 2.149960327148437500e+02
2.122743682861328125e+02 2.141510009765625000e+02 2.148330535888671875e+02
2.121817321777343750e+02 2.140986022949218750e+02 2.146598968505859375e+02
2.121035003662109375e+02 2.140441894531250000e+02 2.144783325195312500e+02
2.120395965576171875e+02 2.139876403808593750e+02 2.142901458740234375e+02
2.119899291992187500e+02 2.139288330078125000e+02 2.140971374511718750e+02
2.119544067382812500e+02 2.138676147460937500e+02 2.139010772705078125e+02
2.119329376220703125e+02 2.138038787841796875e+02 2.137037658691406250e+02
2.119254302978515625e+02 2.137374877929687500e+02 2.135069885253906250e+02
2.119317932128906250e+02 2.136683044433593750e+02 2.133125305175781250e+02
2.119519348144531250e+02 2.135962219238281250e+02 2.131221618652343750e+02
2.119857177734375000e+02 2.135210723876953125e+02 2.129376831054687500e+02
2.120153656005859375e+02 2.134324798583984375e+02 2.127607574462890625e+02
2.120193481445312500e+02 2.133224945068359375e+02 2.125901489257812500e+02
2.120030364990234375e+02 2.132026824951171875e+02 2.124225006103515625e+02
2.119725341796875000e+02 2.130850067138671875e+02 2.122543487548828125e+02
2.119339141845703125e+02 2.129815063476562500e+02 2.120822753906250000e+02
2.118932800292968750e+02 2.129041595458984375e+02 2.119028320312500000e+02
2.118566741943359375e+02 2.128647766113281250e+02 2.117126464843750000e+02
2.118282318115234375e+02 2.128531494140625000e+02 2.115140075683593750e+02
2.118082885742187500e+02 2.128325805664062500e+02 2.113161468505859375e+02
2.117961578369140625e+02 2.127994537353515625e+02 2.111201171875000000e+02
2.117910919189453125e+02 2.127560882568359375e+02 2.109255065917968750e+02
2.117923431396484375e+02 2.127048492431640625e+02 2.107319030761718750e+02
2.117991485595703125e+02 2.126480712890625000e+02 2.105388793945312500e+02
2.118107757568359375e+02 2.125880889892578125e+02 2.103460083007812500e+02
2.118264617919921875e+02 2.125272521972656250e+02 2.101528930664062500e+02
2.118454437255859375e+02 2.124678955078125000e+02 2.099591064453125000e+02
2.118669891357421875e+02 2.124123535156250000e+02 2.097642211914062500e+02
2.118901977539062500e+02 2.123618316650390625e+02 2.095682067871093750e+02
2.119135894775390625e+02 2.123128051757812500e+02 2.093724822998046875e+02
2.119355926513671875e+02 2.122605895996093750e+02 2.091788787841796875e+02
2.119545745849609375e+02 2.122005004882812500e+02 2.089892272949218750e+02
2.119689331054687500e+02 2.121278228759765625e+02 2.088053588867187500e+02
2.119770660400390625e+02 2.120379791259765625e+02 2.086290283203125000e+02
2.119780120849609375e+02 2.119308013916015625e+02 2.084602813720703125e+02
2.119716033935546875e+02 2.118118896484375000e+02 2.082968139648437500e+02
2.119577026367187500e+02 2.116871795654296875e+02 2.081362152099609375e+02
2.119362182617187500e+02 2.115626525878906250e+02 2.079760284423828125e+02
2.119070129394531250e+02 2.114442596435546875e+02 2.078138275146484375e+02
2.118699951171875000e+02 2.113379669189453125e+02 2.076472015380859375e+02
2.118250122070312500e+02 2.112497406005859375e+02 2.074736938476562500e+02
2.117730865478515625e+02 2.111845550537109375e+02 2.072917022705078125e+02
2.117195281982421875e+02 2.111392669677734375e+02 2.071041564941406250e+02
2.116657257080078125e+02 2.111076507568359375e+02 2.069131622314453125e+02
2.116123657226562500e+02 2.110835571289062500e+02 2.067204437255859375e+02
2.115601348876953125e+02 2.110608673095703125e+02 2.065277557373046875e+02
2.115097351074218750e+02 2.110343170166015625e+02 2.063365173339843750e+02
2.114616851806640625e+02 2.110036315917968750e+02 2.061463623046875000e+02
2.114165191650390625e+02 2.109701232910156250e+02 2.059562988281250000e+02
2.113747406005859375e+02 2.109351501464843750e+02 2.057653808593750000e+02
2.113368682861328125e+02 2.109000854492187500e+02 2.055726165771484375e+02
2.113033905029296875e+02 2.108662719726562500e+02 2.053770446777343750e+02
2.112748413085937500e+02 2.108350372314453125e+02 2.051776885986328125e+02
2.112518310546875000e+02 2.108083190917968750e+02 2.049736938476562500e+02
2.112759552001953125e+02 2.108589935302734375e+02 2.047833404541015625e+02
2.113199157714843750e+02 2.108915557861328125e+02 2.045907135009765625e+02
2.113549652099609375e+02 2.109044189453125000e+02 2.043946685791015625e+02
2.113808135986328125e+02 2.109041748046875000e+02 2.041957702636718750e+02
2.113971710205078125e+02 2.108974151611328125e+02 2.039945983886718750e+02
2.114037322998046875e+02 2.108907318115234375e+02 2.037917175292968750e+02
2.114002075195312500e+02 2.108907012939453125e+02 2.035877227783203125e+02
2.113870849609375000e+02 2.109024963378906250e+02 2.033832244873046875e+02
2.113706359863281250e+02 2.109208831787109375e+02 2.031792602539062500e+02
2.113596191406250000e+02 2.109361572265625000e+02 2.029770660400390625e+02
2.113627777099609375e+02 2.109385375976562500e+02 2.027778778076171875e+02
2.113888702392578125e+02 2.109182891845703125e+02 2.025829010009765625e+02
2.114369812011718750e+02 2.108749542236328125e+02 2.023921356201171875e+02
2.114412078857421875e+02 2.108689117431640625e+02 2.021974945068359375e+02
2.113949584960937500e+02 2.108938140869140625e+02 2.019994049072265625e+02
2.113361968994140625e+02 2.108965606689453125e+02 2.018042907714843750e+02
2.112858886718750000e+02 2.108806915283203125e+02 2.016126403808593750e+02
2.112417449951171875e+02 2.108846130371093750e+02 2.014203796386718750e+02
2.112023162841796875e+02 2.109044952392578125e+02 2.012271575927734375e+02
2.111663055419921875e+02 2.109348907470703125e+02 2.010327758789062500e+02
2.111323852539062500e+02 2.109703216552734375e+02 2.008369903564453125e+02
2.110992431640625000e+02 2.110053558349609375e+02 2.006396026611328125e+02
2.110655822753906250e+02 2.110345306396484375e+02 2.004404144287109375e+02
2.110299224853515625e+02 2.110525665283203125e+02 2.002392730712890625e+02
2.109710235595703125e+02 2.110812835693359375e+02 2.000517120361328125e+02
2.108667449951171875e+02 2.111574401855468750e+02 1.998962860107421875e+02
2.107678527832031250e+02 2.112380371093750000e+02 1.997376098632812500e+02
2.106786346435546875e+02 2.113157653808593750e+02 1.995722045898437500e+02
2.105968017578125000e+02 2.113889007568359375e+02 1.994011840820312500e+02
2.105200347900390625e+02 2.114557037353515625e+02 1.992256469726562500e+02
2.104460601806640625e+02 2.115144500732421875e+02 1.990467224121093750e+02
2.103725433349609375e+02 2.115634155273437500e+02 1.988655090332031250e+02
2.102971954345703125e+02 2.116008758544921875e+02 1.986831207275390625e+02
2.102177124023437500e+02 2.116250915527343750e+02 1.985006561279296875e+02
2.101318054199218750e+02 2.116343383789062500e+02 1.983192443847656250e+02
2.100384674072265625e+02 2.116284027099609375e+02 1.981395568847656250e+02
2.099410400390625000e+02 2.116120147705078125e+02 1.979609069824218750e+02
2.098437347412109375e+02 2.115909576416015625e+02 1.977823181152343750e+02
2.097507629394531250e+02 2.115709686279296875e+02 1.976027832031250000e+02
2.096663665771484375e+02 2.115578308105468750e+02 1.974213409423828125e+02
2.095947418212890625e+02 2.115572967529296875e+02 1.972369842529296875e+02
2.095401153564453125e+02 2.115751342773437500e+02 1.970487365722656250e+02
2.095027313232421875e+02 2.116122741699218750e+02 1.968562774658203125e+02
2.094687957763671875e+02 2.116523895263671875e+02 1.966615600585937500e+02
2.094208831787109375e+02 2.116792449951171875e+02 1.964685821533203125e+02
2.093438568115234375e+02 2.116878662109375000e+02 1.962841644287109375e+02
2.092458953857421875e+02 2.116796875000000000e+02 1.961068878173828125e+02
2.091450042724609375e+02 2.116580657958984375e+02 1.959316558837890625e+02
2.090592193603515625e+02 2.116263427734375000e+02 1.957533111572265625e+02
2.090056152343750000e+02 2.115880126953125000e+02 1.955669708251953125e+02
2.089839630126953125e+02 2.115488586425781250e+02 1.953721160888671875e+02
2.089795379638671875e+02 2.115166015625000000e+02 1.951718902587890625e+02
2.089771423339843750e+02 2.114990539550781250e+02 1.949695892333984375e+02
2.089642486572265625e+02 2.115002899169921875e+02 1.947680816650390625e+02
2.089397888183593750e+02 2.115088348388671875e+02 1.945685424804687500e+02
2.089056243896484375e+02 2.115090789794921875e+02 1.943717651367187500e+02
2.088640899658203125e+02 2.114870300292968750e+02 1.941782836914062500e+02
2.088215484619140625e+02 2.114451446533203125e+02 1.939865570068359375e+02
2.087866973876953125e+02 2.113953552246093750e+02 1.937938842773437500e+02
2.087633209228515625e+02 2.113436584472656250e+02 1.935996551513671875e+02
2.087469635009765625e+02 2.112860412597656250e+02 1.934067993164062500e+02
2.087324523925781250e+02 2.112175750732421875e+02 1.932185821533203125e+02
2.087146301269531250e+02 2.111333312988281250e+02 1.930382690429687500e+02
2.086920928955078125e+02 2.110334320068359375e+02 1.928664093017578125e+02
2.086879272460937500e+02 2.109521179199218750e+02 1.926850128173828125e+02
2.086975555419921875e+02 2.108896942138671875e+02 1.924939270019531250e+02
2.087084197998046875e+02 2.108362579345703125e+02 1.922984313964843750e+02
2.087079467773437500e+02 2.107818756103515625e+02 1.921038208007812500e+02
2.086947326660156250e+02 2.107171173095703125e+02 1.919144592285156250e+02
2.087007751464843750e+02 2.106361236572265625e+02 1.917312316894531250e+02
2.087257080078125000e+02 2.105446472167968750e+02 1.915520935058593750e+02
2.087529754638671875e+02 2.104528045654296875e+02 1.913741455078125000e+02
2.087659912109375000e+02 2.103707885742187500e+02 1.911944580078125000e+02
2.087510833740234375e+02 2.103068389892578125e+02 1.910106201171875000e+02
2.087110137939453125e+02 2.102585754394531250e+02 1.908230438232421875e+02
2.086542053222656250e+02 2.102199554443359375e+02 1.906330413818359375e+02
2.085890960693359375e+02 2.101849365234375000e+02 1.904420013427734375e+02
2.085240936279296875e+02 2.101474761962890625e+02 1.902512359619140625e+02
2.084676361083984375e+02 2.101015319824218750e+02 1.900621185302734375e+02
2.084275817871093750e+02 2.100415649414062500e+02 1.898757781982421875e+02
2.084014282226562500e+02 2.099712219238281250e+02 1.896900024414062500e+02
2.083781127929687500e+02 2.099016418457031250e+02 1.894999542236328125e+02
2.083503570556640625e+02 2.098394165039062500e+02 1.893053894042968750e+02
2.083139801025390625e+02 2.097874603271484375e+02 1.891097106933593750e+02
2.082649078369140625e+02 2.097485809326171875e+02 1.889163513183593750e+02
2.081990203857421875e+02 2.097255859375000000e+02 1.887288055419921875e+02
2.081122283935546875e+02 2.097212677001953125e+02 1.885505065917968750e+02
2.080044403076171875e+02 2.097346496582031250e+02 1.883826141357421875e+02
2.078913269042968750e+02 2.097496948242187500e+02 1.882171173095703125e+02
2.077867279052734375e+02 2.097525024414062500e+02 1.880467529296875000e+02
2.076903076171875000e+02 2.097435607910156250e+02 1.878718109130859375e+02
2.075994873046875000e+02 2.097256774902343750e+02 1.876937561035156250e+02
2.075117187500000000e+02 2.097015838623046875e+02 1.875140228271484375e+02
2.074244384765625000e+02 2.096740722656250000e+02 1.873340606689453125e+02
2.073350982666015625e+02 2.096458740234375000e+02 1.871553344726562500e+02
2.072411193847656250e+02 2.096197814941406250e+02 1.869792785644531250e+02
2.071399536132812500e+02 2.095985412597656250e+02 1.868073577880859375e+02
2.070291290283203125e+02 2.095847778320312500e+02 1.866409912109375000e+02
2.069098968505859375e+02 2.095753936767578125e+02 1.864799652099609375e+02
2.067882385253906250e+02 2.095601348876953125e+02 1.863220977783203125e+02
2.066664276123046875e+02 2.095356597900390625e+02 1.861662902832031250e+02
2.065441436767578125e+02 2.095034484863281250e+02 1.860123291015625000e+02
2.064210662841796875e+02 2.094650421142578125e+02 1.858600463867187500e+02
2.062968139648437500e+02 2.094220123291015625e+02 1.857091979980468750e+02
2.061710357666015625e+02 2.093759155273437500e+02 1.855596313476562500e+02
2.060433959960937500e+02 2.093282928466796875e+02 1.854111022949218750e+02
2.059135131835937500e+02 2.092807312011718750e+02 1.852634429931640625e+02
2.057810516357421875e+02 2.092347564697265625e+02 1.851164245605468750e+02
2.056465911865234375e+02 2.091908416748046875e+02 1.849698333740234375e+02
2.055191650390625000e+02 2.091394042968750000e+02 1.848228912353515625e+02
2.054122467041015625e+02 2.090656433105468750e+02 1.846746063232421875e+02
2.053308105468750000e+02 2.089639739990234375e+02 1.845248565673828125e+02
2.052653961181640625e+02 2.088444519042968750e+02 1.843748474121093750e+02
2.052051849365234375e+02 2.087186737060546875e+02 1.842260131835937500e+02
2.051393280029296875e+02 2.085982513427734375e+02 1.840797271728515625e+02
2.050556488037109375e+02 2.084933013916015625e+02 1.839267425537109375e+02
2.049659271240234375e+02 2.083897705078125000e+02 1.837600097656250000e+02
2.049391479492187500e+02 2.082360687255859375e+02 1.836517028808593750e+02
2.049702606201171875e+02 2.080280303955078125e+02 1.835915374755859375e+02
2.050165405273437500e+02 2.077956390380859375e+02 1.835328979492187500e+02
2.050741577148437500e+02 2.075482025146484375e+02 1.834766693115234375e+02
2.051393127441406250e+02 2.072950286865234375e+02 1.834237060546875000e+02
2.052081604003906250e+02 2.070454254150390625e+02 1.833749389648437500e+02
2.052769012451171875e+02 2.068087005615234375e+02 1.833312377929687500e+02
2.053417053222656250e+02 2.065941467285156250e+02 1.832934875488281250e+02
2.053987579345703125e+02 2.064110717773437500e+02 1.832625732421875000e+02
2.054442443847656250e+02 2.062687835693359375e+02 1.832393951416015625e+02
2.054743347167968750e+02 2.061765899658203125e+02 1.832248382568359375e+02
2.054852142333984375e+02 2.061437835693359375e+02 1.832197875976562500e+02
