1.271686019897460938e+02 1.315541534423828125e+02 1.131119308471679688e+02
1.271781692504882812e+02 1.315626983642578125e+02 1.132263183593750000e+02
1.272089843750000000e+02 1.315934448242187500e+02 1.134754180908203125e+02
1.272640228271484375e+02 1.316536712646484375e+02 1.137220382690429688e+02
1.273418884277343750e+02 1.317425231933593750e+02 1.139077606201171875e+02
1.274371719360351562e+02 1.318515777587890625e+02 1.140471649169921875e+02
1.275442962646484375e+02 1.319721527099609375e+02 1.141575775146484375e+02
1.276576843261718750e+02 1.320955505371093750e+02 1.142563323974609375e+02
1.277717819213867188e+02 1.322131042480468750e+02 1.143607559204101562e+02
1.278822402954101562e+02 1.323191680908203125e+02 1.144828796386718750e+02
1.279879684448242188e+02 1.324160308837890625e+02 1.146209793090820312e+02
1.280883789062500000e+02 1.325073089599609375e+02 1.147711029052734375e+02
1.281828765869140625e+02 1.325965576171875000e+02 1.149293212890625000e+02
1.282708892822265625e+02 1.326873931884765625e+02 1.150916671752929688e+02
1.283518524169921875e+02 1.327833862304687500e+02 1.152542037963867188e+02
1.284251403808593750e+02 1.328881378173828125e+02 1.154129943847656250e+02
1.284902038574218750e+02 1.330052032470703125e+02 1.155640716552734375e+02
1.285464477539062500e+02 1.331381988525390625e+02 1.157035140991210938e+02
1.285915679931640625e+02 1.332886810302734375e+02 1.158291015625000000e+02
1.286182250976562500e+02 1.334523162841796875e+02 1.159437255859375000e+02
1.286182556152343750e+02 1.336236267089843750e+02 1.160512542724609375e+02
1.286031951904296875e+02 1.337852172851562500e+02 1.161671752929687500e+02
1.286113891601562500e+02 1.339084320068359375e+02 1.163186645507812500e+02
1.286366729736328125e+02 1.340069274902343750e+02 1.164941482543945312e+02
1.286634216308593750e+02 1.341030426025390625e+02 1.166741256713867188e+02
1.286766510009765625e+02 1.342180786132812500e+02 1.168398590087890625e+02
1.286743621826171875e+02 1.343533325195312500e+02 1.169890289306640625e+02
1.286667633056640625e+02 1.344912109375000000e+02 1.171347351074218750e+02
1.286643524169921875e+02 1.346137542724609375e+02 1.172904129028320312e+02
1.286703643798828125e+02 1.347149047851562500e+02 1.174609756469726562e+02
1.286795043945312500e+02 1.348026275634765625e+02 1.176413192749023438e+02
1.286860198974609375e+02 1.348857421875000000e+02 1.178257217407226562e+02
1.286841125488281250e+02 1.349730377197265625e+02 1.180084838867187500e+02
1.286680755615234375e+02 1.350732269287109375e+02 1.181839294433593750e+02
1.286383666992187500e+02 1.351878509521484375e+02 1.183502349853515625e+02
1.286071472167968750e+02 1.353047943115234375e+02 1.185127334594726562e+02
1.285878143310546875e+02 1.354105072021484375e+02 1.186776046752929688e+02
1.285926818847656250e+02 1.354927520751953125e+02 1.188503799438476562e+02
1.286237487792968750e+02 1.355515136718750000e+02 1.190311584472656250e+02
1.286775054931640625e+02 1.355933227539062500e+02 1.192170944213867188e+02
1.287504272460937500e+02 1.356247863769531250e+02 1.194053344726562500e+02
1.288389587402343750e+02 1.356524505615234375e+02 1.195930175781250000e+02
1.289395751953125000e+02 1.356829376220703125e+02 1.197772750854492188e+02
1.290487213134765625e+02 1.357228088378906250e+02 1.199552612304687500e+02
1.291630096435546875e+02 1.357776947021484375e+02 1.201242675781250000e+02
1.292810516357421875e+02 1.358395843505859375e+02 1.202840347290039062e+02
1.294030151367187500e+02 1.358903961181640625e+02 1.204360656738281250e+02
1.295290527343750000e+02 1.359117736816406250e+02 1.205819320678710938e+02
1.296593170166015625e+02 1.358872070312500000e+02 1.207231521606445312e+02
1.297939453125000000e+02 1.358248901367187500e+02 1.208607177734375000e+02
1.299329833984375000e+02 1.357507324218750000e+02 1.209952621459960938e+02
1.300764770507812500e+02 1.356911010742187500e+02 1.211274032592773438e+02
1.302245025634765625e+02 1.356723022460937500e+02 1.212577514648437500e+02
1.303765563964843750e+02 1.356866912841796875e+02 1.213855667114257812e+02
1.305344848632812500e+02 1.356522216796875000e+02 1.215024490356445312e+02
1.306956787109375000e+02 1.355820007324218750e+02 1.216112976074218750e+02
1.308563079833984375e+02 1.354992675781250000e+02 1.217171325683593750e+02
1.310125579833984375e+02 1.354272613525390625e+02 1.218249893188476562e+02
1.311605987548828125e+02 1.353891448974609375e+02 1.219398803710937500e+02
1.312979278564453125e+02 1.353984680175781250e+02 1.220650329589843750e+02
1.314248352050781250e+02 1.354481506347656250e+02 1.221998138427734375e+02
1.315419769287109375e+02 1.355284576416015625e+02 1.223431015014648438e+02
1.316499786376953125e+02 1.356296997070312500e+02 1.224937667846679688e+02
1.317495117187500000e+02 1.357421112060546875e+02 1.226506881713867188e+02
1.318412017822265625e+02 1.358560028076171875e+02 1.228127365112304688e+02
1.319257202148437500e+02 1.359616394042968750e+02 1.229787902832031250e+02
1.320038146972656250e+02 1.360509033203125000e+02 1.231477890014648438e+02
1.320767974853515625e+02 1.361262207031250000e+02 1.233190536499023438e+02
1.321462707519531250e+02 1.361941986083984375e+02 1.234920501708984375e+02
1.322138214111328125e+02 1.362614746093750000e+02 1.236662673950195312e+02
1.322808685302734375e+02 1.363341064453125000e+02 1.238412475585937500e+02
1.323469848632812500e+02 1.364111633300781250e+02 1.240172500610351562e+02
1.324105682373046875e+02 1.364872741699218750e+02 1.241949996948242188e+02
1.324699859619140625e+02 1.365569458007812500e+02 1.243752441406250000e+02
1.325235748291015625e+02 1.366147308349609375e+02 1.245587234497070312e+02
1.325697326660156250e+02 1.366551513671875000e+02 1.247461624145507812e+02
1.326073303222656250e+02 1.366745300292968750e+02 1.249381179809570312e+02
1.326380615234375000e+02 1.366782684326171875e+02 1.251341400146484375e+02
1.326644439697265625e+02 1.366746368408203125e+02 1.253334732055664062e+02
1.326889953613281250e+02 1.366719360351562500e+02 1.255353622436523438e+02
1.327142639160156250e+02 1.366783447265625000e+02 1.257390365600585938e+02
1.327418823242187500e+02 1.366964416503906250e+02 1.259435424804687500e+02
1.327720489501953125e+02 1.367193756103515625e+02 1.261475982666015625e+02
1.328047943115234375e+02 1.367394409179687500e+02 1.263498840332031250e+02
1.328401641845703125e+02 1.367489013671875000e+02 1.265490722656250000e+02
1.328782348632812500e+02 1.367400360107421875e+02 1.267438583374023438e+02
1.329190368652343750e+02 1.367051239013671875e+02 1.269329223632812500e+02
1.329625244140625000e+02 1.366365203857421875e+02 1.271149520874023438e+02
1.329904632568359375e+02 1.365453948974609375e+02 1.272918395996093750e+02
1.329582824707031250e+02 1.364740447998046875e+02 1.274709472656250000e+02
1.328853912353515625e+02 1.364199523925781250e+02 1.276530990600585938e+02
1.328148193359375000e+02 1.363635406494140625e+02 1.278365859985351562e+02
1.327700195312500000e+02 1.362943572998046875e+02 1.280201110839843750e+02
1.327362518310546875e+02 1.362198028564453125e+02 1.282031860351562500e+02
1.326944122314453125e+02 1.361493377685546875e+02 1.283854064941406250e+02
1.326344757080078125e+02 1.360881042480468750e+02 1.285665893554687500e+02
1.326022033691406250e+02 1.360146179199218750e+02 1.287475433349609375e+02
1.326048278808593750e+02 1.359242401123046875e+02 1.289278564453125000e+02
1.326309051513671875e+02 1.358208770751953125e+02 1.291065216064453125e+02
1.326689758300781250e+02 1.357084503173828125e+02 1.292826232910156250e+02
1.327075805664062500e+02 1.355908355712890625e+02 1.294551544189453125e+02
1.327352600097656250e+02 1.354719390869140625e+02 1.296231842041015625e+02
1.327405242919921875e+02 1.353556823730468750e+02 1.297857513427734375e+02
1.327119445800781250e+02 1.352459411621093750e+02 1.299418792724609375e+02
1.326388854980468750e+02 1.351465454101562500e+02 1.300908050537109375e+02
1.325309753417968750e+02 1.350593872070312500e+02 1.302369689941406250e+02
1.324188537597656250e+02 1.349843292236328125e+02 1.303900604248046875e+02
1.323338623046875000e+02 1.349211120605468750e+02 1.305599670410156250e+02
1.322801055908203125e+02 1.348631896972656250e+02 1.307445220947265625e+02
1.322171173095703125e+02 1.347962036132812500e+02 1.309228515625000000e+02
1.321409912109375000e+02 1.347255096435546875e+02 1.310949554443359375e+02
1.320604858398437500e+02 1.346627044677734375e+02 1.312678375244140625e+02
1.319844512939453125e+02 1.346192626953125000e+02 1.314484100341796875e+02
1.319290008544921875e+02 1.345980072021484375e+02 1.316386566162109375e+02
1.319082031250000000e+02 1.345914154052734375e+02 1.318344116210937500e+02
1.319166717529296875e+02 1.345963592529296875e+02 1.320338287353515625e+02
1.319474792480468750e+02 1.346101379394531250e+02 1.322352294921875000e+02
1.319936828613281250e+02 1.346300506591796875e+02 1.324369506835937500e+02
1.320483551025390625e+02 1.346533966064453125e+02 1.326373291015625000e+02
1.321050567626953125e+02 1.346778564453125000e+02 1.328349609375000000e+02
1.321604766845703125e+02 1.347033691406250000e+02 1.330299835205078125e+02
1.322124938964843750e+02 1.347307739257812500e+02 1.332231445312500000e+02
1.322590484619140625e+02 1.347609252929687500e+02 1.334151763916015625e+02
1.322980346679687500e+02 1.347946319580078125e+02 1.336068572998046875e+02
1.323273468017578125e+02 1.348327789306640625e+02 1.337989196777343750e+02
1.323449096679687500e+02 1.348761596679687500e+02 1.339921264648437500e+02
1.323529663085937500e+02 1.349244384765625000e+02 1.341864929199218750e+02
1.323613739013671875e+02 1.349927368164062500e+02 1.343749542236328125e+02
1.323586883544921875e+02 1.350718841552734375e+02 1.345599060058593750e+02
1.323320465087890625e+02 1.351323699951171875e+02 1.347497558593750000e+02
1.322998046875000000e+02 1.351730194091796875e+02 1.349445037841796875e+02
1.323077697753906250e+02 1.352183380126953125e+02 1.351366119384765625e+02
1.323587188720703125e+02 1.352676086425781250e+02 1.353255920410156250e+02
1.324157867431640625e+02 1.352964782714843750e+02 1.355175476074218750e+02
1.324809417724609375e+02 1.353021850585937500e+02 1.357063446044921875e+02
1.325362091064453125e+02 1.352725830078125000e+02 1.358931732177734375e+02
1.325676422119140625e+02 1.352115325927734375e+02 1.360855407714843750e+02
1.326290588378906250e+02 1.351730194091796875e+02 1.362717742919921875e+02
1.326762847900390625e+02 1.351635437011718750e+02 1.364652862548828125e+02
1.327065124511718750e+02 1.351694488525390625e+02 1.366650543212890625e+02
1.327243652343750000e+02 1.351773681640625000e+02 1.368678131103515625e+02
1.327345123291015625e+02 1.351738739013671875e+02 1.370703277587890625e+02
1.327427062988281250e+02 1.351480560302734375e+02 1.372693939208984375e+02
1.327677001953125000e+02 1.351229095458984375e+02 1.374635620117187500e+02
1.328120422363281250e+02 1.351097106933593750e+02 1.376544799804687500e+02
1.328689575195312500e+02 1.351063232421875000e+02 1.378444671630859375e+02
1.329317474365234375e+02 1.351106109619140625e+02 1.380357971191406250e+02
1.329936523437500000e+02 1.351204223632812500e+02 1.382307739257812500e+02
1.330479431152343750e+02 1.351336364746093750e+02 1.384317169189453125e+02
1.330896759033203125e+02 1.351461791992187500e+02 1.386391601562500000e+02
1.331228790283203125e+02 1.351442565917968750e+02 1.388449401855468750e+02
1.331544799804687500e+02 1.351109771728515625e+02 1.390380554199218750e+02
1.331912994384765625e+02 1.350296020507812500e+02 1.392076263427734375e+02
1.332360839843750000e+02 1.349002227783203125e+02 1.393522338867187500e+02
1.332835388183593750e+02 1.347555236816406250e+02 1.394887695312500000e+02
1.333181304931640625e+02 1.346270751953125000e+02 1.396381225585937500e+02
1.333284149169921875e+02 1.345189361572265625e+02 1.398082580566406250e+02
1.333418121337890625e+02 1.344273529052734375e+02 1.399879150390625000e+02
1.333809509277343750e+02 1.343483581542968750e+02 1.401671600341796875e+02
1.334418945312500000e+02 1.342763977050781250e+02 1.403440704345703125e+02
1.335136718750000000e+02 1.342055816650390625e+02 1.405187988281250000e+02
1.335852813720703125e+02 1.341299896240234375e+02 1.406915283203125000e+02
1.336465606689453125e+02 1.340441894531250000e+02 1.408624420166015625e+02
1.336959991455078125e+02 1.339482879638671875e+02 1.410319213867187500e+02
1.337376251220703125e+02 1.338458404541015625e+02 1.412004394531250000e+02
1.337755432128906250e+02 1.337405090332031250e+02 1.413684997558593750e+02
1.338138427734375000e+02 1.336359252929687500e+02 1.415365600585937500e+02
1.338566436767578125e+02 1.335357208251953125e+02 1.417051391601562500e+02
1.339080200195312500e+02 1.334435424804687500e+02 1.418747253417968750e+02
1.339720916748046875e+02 1.333630218505859375e+02 1.420457763671875000e+02
1.340602874755859375e+02 1.332891693115234375e+02 1.422023773193359375e+02
1.342043609619140625e+02 1.332047271728515625e+02 1.423055725097656250e+02
1.343838043212890625e+02 1.331189880371093750e+02 1.423778076171875000e+02
1.345741882324218750e+02 1.330427246093750000e+02 1.424451904296875000e+02
1.347521667480468750e+02 1.329861450195312500e+02 1.425326385498046875e+02
1.349104461669921875e+02 1.329502258300781250e+02 1.426472778320312500e+02
1.350542297363281250e+02 1.329289398193359375e+02 1.427825469970703125e+02
1.351889495849609375e+02 1.329160614013671875e+02 1.429315032958984375e+02
1.353200988769531250e+02 1.329053497314453125e+02 1.430872192382812500e+02
1.354531402587890625e+02 1.328905792236328125e+02 1.432427673339843750e+02
1.355935363769531250e+02 1.328655395507812500e+02 1.433912658691406250e+02
1.357388610839843750e+02 1.328284759521484375e+02 1.435320739746093750e+02
1.358688659667968750e+02 1.327877960205078125e+02 1.436789703369140625e+02
1.359611511230468750e+02 1.327532501220703125e+02 1.438474121093750000e+02
1.360165863037109375e+02 1.327294311523437500e+02 1.440389251708984375e+02
1.360731201171875000e+02 1.327126922607421875e+02 1.442325744628906250e+02
1.361524810791015625e+02 1.327001953125000000e+02 1.444160461425781250e+02
1.362514190673828125e+02 1.326909637451171875e+02 1.445906219482421875e+02
1.363650207519531250e+02 1.326842346191406250e+02 1.447584381103515625e+02
1.364884338378906250e+02 1.326791534423828125e+02 1.449216308593750000e+02
1.366167449951171875e+02 1.326749572753906250e+02 1.450823364257812500e+02
1.367450866699218750e+02 1.326708068847656250e+02 1.452427215576171875e+02
1.368685760498046875e+02 1.326658935546875000e+02 1.454049072265625000e+02
1.369822998046875000e+02 1.326594390869140625e+02 1.455710601806640625e+02
1.370813903808593750e+02 1.326506042480468750e+02 1.457433013916015625e+02
1.371609802246093750e+02 1.326385955810546875e+02 1.459237670898437500e+02
1.372170867919921875e+02 1.326226043701171875e+02 1.461142578125000000e+02
1.372679595947265625e+02 1.325867462158203125e+02 1.463061065673828125e+02
1.373182525634765625e+02 1.325249328613281250e+02 1.464958038330078125e+02
1.373698577880859375e+02 1.324590301513671875e+02 1.466835327148437500e+02
1.374247589111328125e+02 1.324110107421875000e+02 1.468694610595703125e+02
1.374848785400390625e+02 1.324028320312500000e+02 1.470537109375000000e+02
1.375513305664062500e+02 1.324463043212890625e+02 1.472357635498046875e+02
1.376222076416015625e+02 1.325197753906250000e+02 1.474128570556640625e+02
1.376956176757812500e+02 1.326012268066406250e+02 1.475829467773437500e+02
1.377711639404296875e+02 1.326868286132812500e+02 1.477473449707031250e+02
1.378487243652343750e+02 1.327758483886718750e+02 1.479079742431640625e+02
1.379281463623046875e+02 1.328675689697265625e+02 1.480667266845703125e+02
1.380072937011718750e+02 1.329613189697265625e+02 1.482253875732421875e+02
1.380813751220703125e+02 1.330565948486328125e+02 1.483856353759765625e+02
1.381460876464843750e+02 1.331529235839843750e+02 1.485488739013671875e+02
1.382017974853515625e+02 1.332500305175781250e+02 1.487149810791015625e+02
1.382508239746093750e+02 1.333477935791015625e+02 1.488831939697265625e+02
1.382954559326171875e+02 1.334460144042968750e+02 1.490527648925781250e+02
1.383380126953125000e+02 1.335445556640625000e+02 1.492229309082031250e+02
1.383807983398437500e+02 1.336432342529296875e+02 1.493929443359375000e+02
1.384261016845703125e+02 1.337419128417968750e+02 1.495620422363281250e+02
1.384762420654296875e+02 1.338404235839843750e+02 1.497294464111328125e+02
1.385335235595703125e+02 1.339385986328125000e+02 1.498944396972656250e+02
1.386002502441406250e+02 1.340362854003906250e+02 1.500562438964843750e+02
1.386778717041015625e+02 1.341325836181640625e+02 1.502147369384765625e+02
1.387585906982421875e+02 1.342185974121093750e+02 1.503766632080078125e+02
1.388306884765625000e+02 1.342825622558593750e+02 1.505514526367187500e+02
1.388921508789062500e+02 1.343241577148437500e+02 1.507397613525390625e+02
1.389445648193359375e+02 1.343472595214843750e+02 1.509390563964843750e+02
1.389895172119140625e+02 1.343557434082031250e+02 1.511467895507812500e+02
1.390285797119140625e+02 1.343535156250000000e+02 1.513604125976562500e+02
1.390633392333984375e+02 1.343444519042968750e+02 1.515773773193359375e+02
1.390953826904296875e+02 1.343324584960937500e+02 1.517951354980468750e+02
1.391262969970703125e+02 1.343214111328125000e+02 1.520111541748046875e+02
1.391576690673828125e+02 1.343152008056640625e+02 1.522228546142578125e+02
1.391910858154296875e+02 1.343177185058593750e+02 1.524277191162109375e+02
1.392281188964843750e+02 1.343328552246093750e+02 1.526231689453125000e+02
1.392703552246093750e+02 1.343645019531250000e+02 1.528066864013671875e+02
1.393193817138671875e+02 1.344165496826171875e+02 1.529757232666015625e+02
1.393767852783203125e+02 1.344928741455078125e+02 1.531277008056640625e+02
1.394441375732421875e+02 1.345972747802734375e+02 1.532601623535156250e+02
1.395224151611328125e+02 1.347285766601562500e+02 1.533733215332031250e+02
1.396117248535156250e+02 1.348784637451171875e+02 1.534713287353515625e+02
1.397121429443359375e+02 1.350380554199218750e+02 1.535586700439453125e+02
1.398236846923828125e+02 1.351985015869140625e+02 1.536397705078125000e+02
1.399464263916015625e+02 1.353509216308593750e+02 1.537191009521484375e+02
1.400804290771484375e+02 1.354864501953125000e+02 1.538011169433593750e+02
1.402257080078125000e+02 1.355962371826171875e+02 1.538902893066406250e+02
1.403793029785156250e+02 1.356739044189453125e+02 1.539924011230468750e+02
1.405226593017578125e+02 1.357325897216796875e+02 1.541166992187500000e+02
1.406592102050781250e+02 1.357810821533203125e+02 1.542559509277343750e+02
1.407976226806640625e+02 1.358254547119140625e+02 1.543998107910156250e+02
1.409433898925781250e+02 1.358701934814453125e+02 1.545410614013671875e+02
1.410944976806640625e+02 1.359158020019531250e+02 1.546798400878906250e+02
1.412478485107421875e+02 1.359622192382812500e+02 1.548174591064453125e+02
1.414002990722656250e+02 1.360093994140625000e+02 1.549551849365234375e+02
1.415487213134765625e+02 1.360572662353515625e+02 1.550942687988281250e+02
1.416900329589843750e+02 1.361058044433593750e+02 1.552360076904296875e+02
1.418210601806640625e+02 1.361549072265625000e+02 1.553816680908203125e+02
1.419387207031250000e+02 1.362045593261718750e+02 1.555325164794921875e+02
1.420398864746093750e+02 1.362546997070312500e+02 1.556898345947265625e+02
1.421214141845703125e+02 1.363052368164062500e+02 1.558548889160156250e+02
1.421802062988281250e+02 1.363561553955078125e+02 1.560289611816406250e+02
1.422150878906250000e+02 1.364071655273437500e+02 1.562125244140625000e+02
1.422304992675781250e+02 1.364573974609375000e+02 1.564037780761718750e+02
1.422319488525390625e+02 1.365058135986328125e+02 1.566005096435546875e+02
1.422249450683593750e+02 1.365514221191406250e+02 1.568005065917968750e+02
1.422149810791015625e+02 1.365932464599609375e+02 1.570015258789062500e+02
1.422075500488281250e+02 1.366302490234375000e+02 1.572013854980468750e+02
1.422094879150390625e+02 1.366677856445312500e+02 1.573977661132812500e+02
1.422251739501953125e+02 1.367180023193359375e+02 1.575899658203125000e+02
1.422522888183593750e+02 1.367779541015625000e+02 1.577790069580078125e+02
1.422882690429687500e+02 1.368440856933593750e+02 1.579658660888671875e+02
1.423305969238281250e+02 1.369128112792968750e+02 1.581516113281250000e+02
1.423766937255859375e+02 1.369806060791015625e+02 1.583372497558593750e+02
1.424240264892578125e+02 1.370438690185546875e+02 1.585238037109375000e+02
1.424700622558593750e+02 1.370990600585937500e+02 1.587123107910156250e+02
1.425122375488281250e+02 1.371425933837890625e+02 1.589037780761718750e+02
1.425480041503906250e+02 1.371710205078125000e+02 1.590992279052734375e+02
1.425744781494140625e+02 1.371850433349609375e+02 1.592984466552734375e+02
1.425882720947265625e+02 1.371910552978515625e+02 1.594995574951171875e+02
1.425859985351562500e+02 1.371959381103515625e+02 1.597005920410156250e+02
1.425644226074218750e+02 1.372063140869140625e+02 1.598995666503906250e+02
1.425260925292968750e+02 1.372217712402343750e+02 1.600959167480468750e+02
1.424803924560546875e+02 1.372333526611328125e+02 1.602906341552734375e+02
1.424290313720703125e+02 1.372395019531250000e+02 1.604839172363281250e+02
1.423649444580078125e+02 1.372472534179687500e+02 1.606749420166015625e+02
1.422844085693359375e+02 1.372610778808593750e+02 1.608627777099609375e+02
1.421941223144531250e+02 1.372774963378906250e+02 1.610464019775390625e+02
1.421024780273437500e+02 1.372917022705078125e+02 1.612247772216796875e+02
1.420179290771484375e+02 1.372988586425781250e+02 1.613968505859375000e+02
1.419456787109375000e+02 1.372956695556640625e+02 1.615636749267578125e+02
1.418755340576171875e+02 1.372860107421875000e+02 1.617364196777343750e+02
1.417926483154296875e+02 1.372759857177734375e+02 1.619292755126953125e+02
1.416829986572265625e+02 1.372715148925781250e+02 1.621552581787109375e+02
1.415569610595703125e+02 1.372737121582031250e+02 1.623928070068359375e+02
1.414524536132812500e+02 1.372783660888671875e+02 1.625813140869140625e+02
1.414088745117187500e+02 1.372809143066406250e+02 1.626580810546875000e+02
