1.360962219238281250e+02 1.417389221191406250e+02 1.177255859375000000e+02
1.360781250000000000e+02 1.416566009521484375e+02 1.177772674560546875e+02
1.360340118408203125e+02 1.414651031494140625e+02 1.179029693603515625e+02
1.359791717529296875e+02 1.412476348876953125e+02 1.180586929321289062e+02
1.359269409179687500e+02 1.410694732666015625e+02 1.182104797363281250e+02
1.358840026855468750e+02 1.409349365234375000e+02 1.183584136962890625e+02
1.358556976318359375e+02 1.408355102539062500e+02 1.185097885131835938e+02
1.358472900390625000e+02 1.407626647949218750e+02 1.186719055175781250e+02
1.358614501953125000e+02 1.407085266113281250e+02 1.188487854003906250e+02
1.358946990966796875e+02 1.406666870117187500e+02 1.190370483398437500e+02
1.359427947998046875e+02 1.406309661865234375e+02 1.192322845458984375e+02
1.360014190673828125e+02 1.405951690673828125e+02 1.194300842285156250e+02
1.360663146972656250e+02 1.405530853271484375e+02 1.196260299682617188e+02
1.361331787109375000e+02 1.404985504150390625e+02 1.198157196044921875e+02
1.361967773437500000e+02 1.404301300048828125e+02 1.199972839355468750e+02
1.362478637695312500e+02 1.403661346435546875e+02 1.201794357299804688e+02
1.362778625488281250e+02 1.403277130126953125e+02 1.203724365234375000e+02
1.363225402832031250e+02 1.402753753662109375e+02 1.205561904907226562e+02
1.363965759277343750e+02 1.401945037841796875e+02 1.207227859497070312e+02
1.364917602539062500e+02 1.401004486083984375e+02 1.208792572021484375e+02
1.365998992919921875e+02 1.400085601806640625e+02 1.210326232910156250e+02
1.367130279541015625e+02 1.399330444335937500e+02 1.211894989013671875e+02
1.368254547119140625e+02 1.398771667480468750e+02 1.213523864746093750e+02
1.369327239990234375e+02 1.398379669189453125e+02 1.215214385986328125e+02
1.370304260253906250e+02 1.398124542236328125e+02 1.216968002319335938e+02
1.371141357421875000e+02 1.397975921630859375e+02 1.218786239624023438e+02
1.371794586181640625e+02 1.397903594970703125e+02 1.220670471191406250e+02
1.372230377197265625e+02 1.397878570556640625e+02 1.222619705200195312e+02
1.372512054443359375e+02 1.397881317138671875e+02 1.224612884521484375e+02
1.372752685546875000e+02 1.397897186279296875e+02 1.226618041992187500e+02
1.373066101074218750e+02 1.397911682128906250e+02 1.228603286743164062e+02
1.373565979003906250e+02 1.397910308837890625e+02 1.230536651611328125e+02
1.374261169433593750e+02 1.397891693115234375e+02 1.232415466308593750e+02
1.374717712402343750e+02 1.397863006591796875e+02 1.234355163574218750e+02
1.374929656982421875e+02 1.397836456298828125e+02 1.236357116699218750e+02
1.375027770996093750e+02 1.397839813232421875e+02 1.238388748168945312e+02
1.375142517089843750e+02 1.397901153564453125e+02 1.240417327880859375e+02
1.375404357910156250e+02 1.398048553466796875e+02 1.242410125732421875e+02
1.375944213867187500e+02 1.398310089111328125e+02 1.244334335327148438e+02
1.376838989257812500e+02 1.398704681396484375e+02 1.246167449951171875e+02
1.377856292724609375e+02 1.399200744628906250e+02 1.247945251464843750e+02
1.378652801513671875e+02 1.399747772216796875e+02 1.249724731445312500e+02
1.378885040283203125e+02 1.400295867919921875e+02 1.251562652587890625e+02
1.378531036376953125e+02 1.400552062988281250e+02 1.253489151000976562e+02
1.378296813964843750e+02 1.400116882324218750e+02 1.255450973510742188e+02
1.378192443847656250e+02 1.399645538330078125e+02 1.257425231933593750e+02
1.378172760009765625e+02 1.399526824951171875e+02 1.259400634765625000e+02
1.378204956054687500e+02 1.399716644287109375e+02 1.261374969482421875e+02
1.378256683349609375e+02 1.400142211914062500e+02 1.263346939086914062e+02
1.378295593261718750e+02 1.400731658935546875e+02 1.265315017700195312e+02
1.378289337158203125e+02 1.401412353515625000e+02 1.267277832031250000e+02
1.378205718994140625e+02 1.402112121582031250e+02 1.269234008789062500e+02
1.378012542724609375e+02 1.402758483886718750e+02 1.271182022094726562e+02
1.377677307128906250e+02 1.403279266357421875e+02 1.273120574951171875e+02
1.377172088623046875e+02 1.403608245849609375e+02 1.275047912597656250e+02
1.376620788574218750e+02 1.403902130126953125e+02 1.276953582763671875e+02
1.376269073486328125e+02 1.404500122070312500e+02 1.278831176757812500e+02
1.375955200195312500e+02 1.405140228271484375e+02 1.280752868652343750e+02
1.375698699951171875e+02 1.405712585449218750e+02 1.282712860107421875e+02
1.375602874755859375e+02 1.406206207275390625e+02 1.284680328369140625e+02
1.375771026611328125e+02 1.406610412597656250e+02 1.286624145507812500e+02
1.376301727294921875e+02 1.406914825439453125e+02 1.288514404296875000e+02
1.377022857666015625e+02 1.407138824462890625e+02 1.290371246337890625e+02
1.377541961669921875e+02 1.407328796386718750e+02 1.292260894775390625e+02
1.377850494384765625e+02 1.407497406005859375e+02 1.294188537597656250e+02
1.377997589111328125e+02 1.407651824951171875e+02 1.296150360107421875e+02
1.378032684326171875e+02 1.407799072265625000e+02 1.298142242431640625e+02
1.378004760742187500e+02 1.407946472167968750e+02 1.300160217285156250e+02
1.377963256835937500e+02 1.408101196289062500e+02 1.302200317382812500e+02
1.377957153320312500e+02 1.408270263671875000e+02 1.304258575439453125e+02
1.378035888671875000e+02 1.408461151123046875e+02 1.306330871582031250e+02
1.378247833251953125e+02 1.408657684326171875e+02 1.308402557373046875e+02
1.378636932373046875e+02 1.408703460693359375e+02 1.310393676757812500e+02
1.379245300292968750e+02 1.408389739990234375e+02 1.312200164794921875e+02
1.380071716308593750e+02 1.407612457275390625e+02 1.313775482177734375e+02
1.381005859375000000e+02 1.406528625488281250e+02 1.315217285156250000e+02
1.381920776367187500e+02 1.405335693359375000e+02 1.316645050048828125e+02
1.382695007324218750e+02 1.404224700927734375e+02 1.318174438476562500e+02
1.383316497802734375e+02 1.403267211914062500e+02 1.319832763671875000e+02
1.383876037597656250e+02 1.402422637939453125e+02 1.321565246582031250e+02
1.384468078613281250e+02 1.401646118164062500e+02 1.323314361572265625e+02
1.385186309814453125e+02 1.400892944335937500e+02 1.325022735595703125e+02
1.386076202392578125e+02 1.400139312744140625e+02 1.326660614013671875e+02
1.387109222412109375e+02 1.399392852783203125e+02 1.328240661621093750e+02
1.388250122070312500e+02 1.398664093017578125e+02 1.329779052734375000e+02
1.389463806152343750e+02 1.397963409423828125e+02 1.331292114257812500e+02
1.390715332031250000e+02 1.397301483154296875e+02 1.332796173095703125e+02
1.391969451904296875e+02 1.396688537597656250e+02 1.334307556152343750e+02
1.393191375732421875e+02 1.396135101318359375e+02 1.335842285156250000e+02
1.394345703125000000e+02 1.395651702880859375e+02 1.337416839599609375e+02
1.395397491455078125e+02 1.395248718261718750e+02 1.339047393798828125e+02
1.396311492919921875e+02 1.394936676025390625e+02 1.340750274658203125e+02
1.397053070068359375e+02 1.394725952148437500e+02 1.342541809082031250e+02
1.397610321044921875e+02 1.394608001708984375e+02 1.344425811767578125e+02
1.398024444580078125e+02 1.394532012939453125e+02 1.346378784179687500e+02
1.398343505859375000e+02 1.394441223144531250e+02 1.348373107910156250e+02
1.398615875244140625e+02 1.394278564453125000e+02 1.350381622314453125e+02
1.398889770507812500e+02 1.393987426757812500e+02 1.352376861572265625e+02
1.399213409423828125e+02 1.393511047363281250e+02 1.354331207275390625e+02
1.399635009765625000e+02 1.392792663574218750e+02 1.356217346191406250e+02
1.400098571777343750e+02 1.391875305175781250e+02 1.358033447265625000e+02
1.400235137939453125e+02 1.391101989746093750e+02 1.359853668212890625e+02
1.399752197265625000e+02 1.390793457031250000e+02 1.361749572753906250e+02
1.399483642578125000e+02 1.390589294433593750e+02 1.363642578125000000e+02
1.399698944091796875e+02 1.390325775146484375e+02 1.365501556396484375e+02
1.400298156738281250e+02 1.390019073486328125e+02 1.367335662841796875e+02
1.401181030273437500e+02 1.389685668945312500e+02 1.369154357910156250e+02
1.402247161865234375e+02 1.389341735839843750e+02 1.370966796875000000e+02
1.403396606445312500e+02 1.389003753662109375e+02 1.372782440185546875e+02
1.404529113769531250e+02 1.388687896728515625e+02 1.374610443115234375e+02
1.405544586181640625e+02 1.388410491943359375e+02 1.376460113525390625e+02
1.406342620849609375e+02 1.388187866210937500e+02 1.378340759277343750e+02
1.406961517333984375e+02 1.387690734863281250e+02 1.380178222656250000e+02
1.407711181640625000e+02 1.387336883544921875e+02 1.382014617919921875e+02
1.408649139404296875e+02 1.387009735107421875e+02 1.383738403320312500e+02
1.409688720703125000e+02 1.386282958984375000e+02 1.385263824462890625e+02
1.410744628906250000e+02 1.385287475585937500e+02 1.386685943603515625e+02
1.411731872558593750e+02 1.384210357666015625e+02 1.388118743896484375e+02
1.412565002441406250e+02 1.383239135742187500e+02 1.389675598144531250e+02
1.413190765380859375e+02 1.382498016357421875e+02 1.391428222656250000e+02
1.413718414306640625e+02 1.381788787841796875e+02 1.393233489990234375e+02
1.414196166992187500e+02 1.381031188964843750e+02 1.395031127929687500e+02
1.414623565673828125e+02 1.380239715576171875e+02 1.396826171875000000e+02
1.414999542236328125e+02 1.379429626464843750e+02 1.398624114990234375e+02
1.415323638916015625e+02 1.378615875244140625e+02 1.400429840087890625e+02
1.415595245361328125e+02 1.377813110351562500e+02 1.402248992919921875e+02
1.415814361572265625e+02 1.377032928466796875e+02 1.404084777832031250e+02
1.416020660400390625e+02 1.376127014160156250e+02 1.405858154296875000e+02
1.416144256591796875e+02 1.375155944824218750e+02 1.407613372802734375e+02
1.416210479736328125e+02 1.374345703125000000e+02 1.409449615478515625e+02
1.416553802490234375e+02 1.373770904541015625e+02 1.411324005126953125e+02
1.417126922607421875e+02 1.373405914306640625e+02 1.413222808837890625e+02
1.417687988281250000e+02 1.373185729980468750e+02 1.415152587890625000e+02
1.418084411621093750e+02 1.373027801513671875e+02 1.417114562988281250e+02
1.418510131835937500e+02 1.372837371826171875e+02 1.419086151123046875e+02
1.418982696533203125e+02 1.372657012939453125e+02 1.421057586669921875e+02
1.419481201171875000e+02 1.372546844482421875e+02 1.423022155761718750e+02
1.419984588623046875e+02 1.372567596435546875e+02 1.424972839355468750e+02
1.420472106933593750e+02 1.372779235839843750e+02 1.426902923583984375e+02
1.420922546386718750e+02 1.373242187500000000e+02 1.428805236816406250e+02
1.421481018066406250e+02 1.373931732177734375e+02 1.430609893798828125e+02
1.422603759765625000e+02 1.374608764648437500e+02 1.432124023437500000e+02
1.423836822509765625e+02 1.375357666015625000e+02 1.433516540527343750e+02
1.425106658935546875e+02 1.376156921386718750e+02 1.434848175048828125e+02
1.426386108398437500e+02 1.376969451904296875e+02 1.436163635253906250e+02
1.427648620605468750e+02 1.377759094238281250e+02 1.437507934570312500e+02
1.428869628906250000e+02 1.378542633056640625e+02 1.438927307128906250e+02
1.429996032714843750e+02 1.379308013916015625e+02 1.440446166992187500e+02
1.430963134765625000e+02 1.380008239746093750e+02 1.442080230712890625e+02
1.431706542968750000e+02 1.380596466064453125e+02 1.443845825195312500e+02
1.432178955078125000e+02 1.381061248779296875e+02 1.445741119384765625e+02
1.432485504150390625e+02 1.381693115234375000e+02 1.447615051269531250e+02
1.432741394042968750e+02 1.382490081787109375e+02 1.449437866210937500e+02
1.433129882812500000e+02 1.383180847167968750e+02 1.451271057128906250e+02
1.433772735595703125e+02 1.384027099609375000e+02 1.452978820800781250e+02
1.434422912597656250e+02 1.384905395507812500e+02 1.454678344726562500e+02
1.435003509521484375e+02 1.385762786865234375e+02 1.456410522460937500e+02
1.435522003173828125e+02 1.386587219238281250e+02 1.458175506591796875e+02
1.435985717773437500e+02 1.387366638183593750e+02 1.459973602294921875e+02
1.436402435302734375e+02 1.388089141845703125e+02 1.461804809570312500e+02
1.436779937744140625e+02 1.388742828369140625e+02 1.463669281005859375e+02
1.437125396728515625e+02 1.389315948486328125e+02 1.465567169189453125e+02
1.437446899414062500e+02 1.389796600341796875e+02 1.467498474121093750e+02
1.437751464843750000e+02 1.390172882080078125e+02 1.469463653564453125e+02
1.438036193847656250e+02 1.390438079833984375e+02 1.471458587646484375e+02
1.438282318115234375e+02 1.390592803955078125e+02 1.473474273681640625e+02
1.438470306396484375e+02 1.390638122558593750e+02 1.475501098632812500e+02
1.438580474853515625e+02 1.390575408935546875e+02 1.477529754638671875e+02
1.438593139648437500e+02 1.390405578613281250e+02 1.479550323486328125e+02
1.438488769531250000e+02 1.390129852294921875e+02 1.481553497314453125e+02
1.438247680664062500e+02 1.389749450683593750e+02 1.483529663085937500e+02
1.437850799560546875e+02 1.389265594482421875e+02 1.485469360351562500e+02
1.437306671142578125e+02 1.388691558837890625e+02 1.487370910644531250e+02
1.436659698486328125e+02 1.388055267333984375e+02 1.489242401123046875e+02
1.435956115722656250e+02 1.387386016845703125e+02 1.491092224121093750e+02
1.435242767333984375e+02 1.386712951660156250e+02 1.492929382324218750e+02
1.434566040039062500e+02 1.386065063476562500e+02 1.494762420654296875e+02
1.433972625732421875e+02 1.385471496582031250e+02 1.496600036621093750e+02
1.433508758544921875e+02 1.384961395263671875e+02 1.498450775146484375e+02
1.433221435546875000e+02 1.384563903808593750e+02 1.500323486328125000e+02
1.433156890869140625e+02 1.384308319091796875e+02 1.502226867675781250e+02
1.433350677490234375e+02 1.384221649169921875e+02 1.504168090820312500e+02
1.433716278076171875e+02 1.384311676025390625e+02 1.506139526367187500e+02
1.434092864990234375e+02 1.384573516845703125e+02 1.508124237060546875e+02
1.434318695068359375e+02 1.385002593994140625e+02 1.510105438232421875e+02
1.434240570068359375e+02 1.385591735839843750e+02 1.512065582275390625e+02
1.434189453125000000e+02 1.386204528808593750e+02 1.513970489501953125e+02
1.434906463623046875e+02 1.386588592529296875e+02 1.515790557861328125e+02
1.435603942871093750e+02 1.386884155273437500e+02 1.517641448974609375e+02
1.436046905517578125e+02 1.387169952392578125e+02 1.519547729492187500e+02
1.436304626464843750e+02 1.387467346191406250e+02 1.521495056152343750e+02
1.436445922851562500e+02 1.387798004150390625e+02 1.523469238281250000e+02
1.436539916992187500e+02 1.388183288574218750e+02 1.525456237792968750e+02
1.436655883789062500e+02 1.388644866943359375e+02 1.527441558837890625e+02
1.436862640380859375e+02 1.389204406738281250e+02 1.529411010742187500e+02
1.437226562500000000e+02 1.389878997802734375e+02 1.531350708007812500e+02
1.437740936279296875e+02 1.390570678710937500e+02 1.533254394531250000e+02
1.438318634033203125e+02 1.391056060791015625e+02 1.535124053955078125e+02
1.438869018554687500e+02 1.391105041503906250e+02 1.536961975097656250e+02
1.439320678710937500e+02 1.390588989257812500e+02 1.538775939941406250e+02
1.439670257568359375e+02 1.389734344482421875e+02 1.540591278076171875e+02
1.439929809570312500e+02 1.388845825195312500e+02 1.542437744140625000e+02
1.440111694335937500e+02 1.388188323974609375e+02 1.544340515136718750e+02
1.440232086181640625e+02 1.387781066894531250e+02 1.546295166015625000e+02
1.440308837890625000e+02 1.387549591064453125e+02 1.548286743164062500e+02
1.440359649658203125e+02 1.387418975830078125e+02 1.550300140380859375e+02
1.440402069091796875e+02 1.387314300537109375e+02 1.552319946289062500e+02
1.440453643798828125e+02 1.387160949707031250e+02 1.554331207275390625e+02
1.440531768798828125e+02 1.386885681152343750e+02 1.556319122314453125e+02
1.440632629394531250e+02 1.386470184326171875e+02 1.558279266357421875e+02
1.440727233886718750e+02 1.385963439941406250e+02 1.560220947265625000e+02
1.440785217285156250e+02 1.385417938232421875e+02 1.562153930664062500e+02
1.440776214599609375e+02 1.384886627197265625e+02 1.564087829589843750e+02
1.440672302246093750e+02 1.384418334960937500e+02 1.566031646728515625e+02
1.440478820800781250e+02 1.384012908935546875e+02 1.567985229492187500e+02
1.440223083496093750e+02 1.383638000488281250e+02 1.569941864013671875e+02
1.439933013916015625e+02 1.383259887695312500e+02 1.571894531250000000e+02
1.439636383056640625e+02 1.382845611572265625e+02 1.573836517333984375e+02
1.439360961914062500e+02 1.382361755371093750e+02 1.575761260986328125e+02
1.439103393554687500e+02 1.381787719726562500e+02 1.577664947509765625e+02
1.438769836425781250e+02 1.381152648925781250e+02 1.579555358886718750e+02
1.438346099853515625e+02 1.380512390136718750e+02 1.581436920166015625e+02
1.437846527099609375e+02 1.379927520751953125e+02 1.583312225341796875e+02
1.437285308837890625e+02 1.379458160400390625e+02 1.585184326171875000e+02
1.436676788330078125e+02 1.379164733886718750e+02 1.587056121826171875e+02
1.436036529541015625e+02 1.379100799560546875e+02 1.588930664062500000e+02
1.435397491455078125e+02 1.379229583740234375e+02 1.590817718505859375e+02
1.434804992675781250e+02 1.379452209472656250e+02 1.592730560302734375e+02
1.434304046630859375e+02 1.379668731689453125e+02 1.594682922363281250e+02
1.433924865722656250e+02 1.379796752929687500e+02 1.596682891845703125e+02
1.433618774414062500e+02 1.379844818115234375e+02 1.598708648681640625e+02
1.433312530517578125e+02 1.379850616455078125e+02 1.600729370117187500e+02
1.432933044433593750e+02 1.379851531982421875e+02 1.602713928222656250e+02
1.432406616210937500e+02 1.379885101318359375e+02 1.604631347656250000e+02
1.431660308837890625e+02 1.379988861083984375e+02 1.606450653076171875e+02
1.430654907226562500e+02 1.380202331542968750e+02 1.608157196044921875e+02
1.429726104736328125e+02 1.380581512451171875e+02 1.609909973144531250e+02
1.429120330810546875e+02 1.381115417480468750e+02 1.611799011230468750e+02
1.428830871582031250e+02 1.381732330322265625e+02 1.613775634765625000e+02
1.428845367431640625e+02 1.382359008789062500e+02 1.615787811279296875e+02
1.429151306152343750e+02 1.382922363281250000e+02 1.617783203125000000e+02
1.429736022949218750e+02 1.383349304199218750e+02 1.619709777832031250e+02
1.430582885742187500e+02 1.383571929931640625e+02 1.621520080566406250e+02
1.431624298095703125e+02 1.383591613769531250e+02 1.623227691650390625e+02
1.432756500244140625e+02 1.383457336425781250e+02 1.624889221191406250e+02
1.433875427246093750e+02 1.383219604492187500e+02 1.626561889648437500e+02
1.434890594482421875e+02 1.382926788330078125e+02 1.628294830322265625e+02
1.435805664062500000e+02 1.382615356445312500e+02 1.630083312988281250e+02
1.436661987304687500e+02 1.382316741943359375e+02 1.631901092529296875e+02
1.437501373291015625e+02 1.382062377929687500e+02 1.633721466064453125e+02
1.438365173339843750e+02 1.381883697509765625e+02 1.635518035888671875e+02
1.439294891357421875e+02 1.381812438964843750e+02 1.637264099121093750e+02
1.440332183837890625e+02 1.381879577636718750e+02 1.638933258056640625e+02
1.441497039794921875e+02 1.382084808349609375e+02 1.640516357421875000e+02
1.442769317626953125e+02 1.382368164062500000e+02 1.642036437988281250e+02
1.444124298095703125e+02 1.382662658691406250e+02 1.643520660400390625e+02
1.445534515380859375e+02 1.382901611328125000e+02 1.644996643066406250e+02
1.446854095458984375e+02 1.383009948730468750e+02 1.646537170410156250e+02
1.447777862548828125e+02 1.382902679443359375e+02 1.648274230957031250e+02
1.448297729492187500e+02 1.382661132812500000e+02 1.650208892822265625e+02
1.448804168701171875e+02 1.382544250488281250e+02 1.652165069580078125e+02
1.449339141845703125e+02 1.382534332275390625e+02 1.654116058349609375e+02
1.449885711669921875e+02 1.382569427490234375e+02 1.656060791015625000e+02
1.450426940917968750e+02 1.382587432861328125e+02 1.657997589111328125e+02
1.450945892333984375e+02 1.382526702880859375e+02 1.659925384521484375e+02
1.451425781250000000e+02 1.382324981689453125e+02 1.661842651367187500e+02
1.451850433349609375e+02 1.381923675537109375e+02 1.663748474121093750e+02
1.452254028320312500e+02 1.381413269042968750e+02 1.665650787353515625e+02
1.452812652587890625e+02 1.380967407226562500e+02 1.667594451904296875e+02
1.453424530029296875e+02 1.380665283203125000e+02 1.669568176269531250e+02
1.453897247314453125e+02 1.380593261718750000e+02 1.671539306640625000e+02
1.454038848876953125e+02 1.380838165283203125e+02 1.673475646972656250e+02
1.453755493164062500e+02 1.381428222656250000e+02 1.675357971191406250e+02
1.453490905761718750e+02 1.382072601318359375e+02 1.677241668701171875e+02
1.453655090332031250e+02 1.382492523193359375e+02 1.679181671142578125e+02
1.454050750732421875e+02 1.382747955322265625e+02 1.681160736083984375e+02
1.454375762939453125e+02 1.382957305908203125e+02 1.683149261474609375e+02
1.454354553222656250e+02 1.383254852294921875e+02 1.685120544433593750e+02
1.454233245849609375e+02 1.383613586425781250e+02 1.687055206298828125e+02
1.453450775146484375e+02 1.383657836914062500e+02 1.689272613525390625e+02
1.452780456542968750e+02 1.384062805175781250e+02 1.690752868652343750e+02
