1.382990112304687500e+02 1.262213363647460938e+02 1.671520080566406250e+02
1.383352966308593750e+02 1.262079696655273438e+02 1.670650024414062500e+02
1.384151916503906250e+02 1.261685104370117188e+02 1.668563079833984375e+02
1.384953155517578125e+02 1.261039428710937500e+02 1.666044464111328125e+02
1.385386657714843750e+02 1.260164413452148438e+02 1.663775634765625000e+02
1.385447692871093750e+02 1.259150314331054688e+02 1.661845245361328125e+02
1.385260772705078125e+02 1.258111801147460938e+02 1.660132446289062500e+02
1.384950561523437500e+02 1.257163467407226562e+02 1.658516235351562500e+02
1.384641723632812500e+02 1.256420059204101562e+02 1.656875610351562500e+02
1.384458923339843750e+02 1.255996093750000000e+02 1.655089569091796875e+02
1.384461822509765625e+02 1.255965881347656250e+02 1.653101196289062500e+02
1.384476776123046875e+02 1.256254653930664062e+02 1.651083679199218750e+02
1.384409942626953125e+02 1.256753768920898438e+02 1.649134216308593750e+02
1.384296417236328125e+02 1.257355194091796875e+02 1.647224578857421875e+02
1.384176483154296875e+02 1.257950973510742188e+02 1.645321350097656250e+02
1.384090270996093750e+02 1.258432998657226562e+02 1.643391265869140625e+02
1.384061431884765625e+02 1.258747711181640625e+02 1.641415252685546875e+02
1.384033813476562500e+02 1.259076461791992188e+02 1.639436950683593750e+02
1.383990936279296875e+02 1.259446792602539062e+02 1.637465209960937500e+02
1.383924560546875000e+02 1.259858016967773438e+02 1.635502014160156250e+02
1.383826293945312500e+02 1.260309600830078125e+02 1.633548889160156250e+02
1.383687896728515625e+02 1.260801010131835938e+02 1.631607818603515625e+02
1.383501129150390625e+02 1.261331481933593750e+02 1.629680786132812500e+02
1.383257598876953125e+02 1.261900482177734375e+02 1.627769622802734375e+02
1.382948913574218750e+02 1.262507400512695312e+02 1.625876007080078125e+02
1.382567443847656250e+02 1.263151779174804688e+02 1.624002075195312500e+02
1.382121276855468750e+02 1.263837814331054688e+02 1.622150878906250000e+02
1.381635742187500000e+02 1.264574661254882812e+02 1.620327148437500000e+02
1.381137237548828125e+02 1.265371780395507812e+02 1.618535919189453125e+02
1.380651855468750000e+02 1.266238708496093750e+02 1.616781768798828125e+02
1.380205841064453125e+02 1.267184982299804688e+02 1.615069580078125000e+02
1.379825744628906250e+02 1.268219985961914062e+02 1.613404235839843750e+02
1.379537658691406250e+02 1.269353179931640625e+02 1.611790313720703125e+02
1.379348144531250000e+02 1.270573959350585938e+02 1.610217132568359375e+02
1.379180908203125000e+02 1.271753540039062500e+02 1.608589172363281250e+02
1.379207000732421875e+02 1.272866363525390625e+02 1.606927642822265625e+02
1.379604187011718750e+02 1.273927001953125000e+02 1.605281066894531250e+02
1.380057373046875000e+02 1.274903182983398438e+02 1.603574676513671875e+02
1.380446929931640625e+02 1.275795288085937500e+02 1.601790466308593750e+02
1.380784606933593750e+02 1.276620559692382812e+02 1.599945068359375000e+02
1.381082153320312500e+02 1.277396087646484375e+02 1.598055725097656250e+02
1.381351013183593750e+02 1.278139114379882812e+02 1.596139373779296875e+02
1.381603240966796875e+02 1.278866882324218750e+02 1.594212646484375000e+02
1.381850280761718750e+02 1.279596481323242188e+02 1.592292785644531250e+02
1.382103881835937500e+02 1.280345153808593750e+02 1.590396728515625000e+02
1.382375793457031250e+02 1.281130218505859375e+02 1.588541412353515625e+02
1.382677612304687500e+02 1.281968688964843750e+02 1.586743621826171875e+02
1.383020935058593750e+02 1.282877655029296875e+02 1.585020446777343750e+02
1.383417816162109375e+02 1.283874664306640625e+02 1.583388977050781250e+02
1.383879699707031250e+02 1.284976654052734375e+02 1.581865844726562500e+02
1.384418182373046875e+02 1.286201019287109375e+02 1.580468292236328125e+02
1.385043029785156250e+02 1.287563018798828125e+02 1.579211578369140625e+02
1.385734710693359375e+02 1.289057464599609375e+02 1.578088378906250000e+02
1.386452636718750000e+02 1.290662994384765625e+02 1.577075500488281250e+02
1.387156066894531250e+02 1.292358245849609375e+02 1.576149139404296875e+02
1.387803649902343750e+02 1.294121856689453125e+02 1.575285644531250000e+02
1.388354797363281250e+02 1.295932312011718750e+02 1.574461059570312500e+02
1.388768310546875000e+02 1.297768249511718750e+02 1.573651733398437500e+02
1.389003143310546875e+02 1.299608306884765625e+02 1.572834014892578125e+02
1.389018554687500000e+02 1.301431121826171875e+02 1.571983947753906250e+02
1.388777770996093750e+02 1.303212890625000000e+02 1.571075897216796875e+02
1.388375091552734375e+02 1.304867401123046875e+02 1.570021820068359375e+02
1.388023223876953125e+02 1.306263427734375000e+02 1.568690490722656250e+02
1.387756500244140625e+02 1.307428588867187500e+02 1.567111968994140625e+02
1.387540435791015625e+02 1.308450164794921875e+02 1.565376739501953125e+02
1.387340545654296875e+02 1.309416198730468750e+02 1.563575744628906250e+02
1.387122192382812500e+02 1.310413970947265625e+02 1.561799774169921875e+02
1.386854553222656250e+02 1.311509552001953125e+02 1.560119323730468750e+02
1.386520843505859375e+02 1.312691802978515625e+02 1.558531646728515625e+02
1.386107482910156250e+02 1.313932342529296875e+02 1.557018280029296875e+02
1.385600433349609375e+02 1.315202789306640625e+02 1.555560607910156250e+02
1.384990386962890625e+02 1.316475677490234375e+02 1.554139556884765625e+02
1.384294738769531250e+02 1.317728729248046875e+02 1.552734375000000000e+02
1.383540802001953125e+02 1.318942108154296875e+02 1.551323242187500000e+02
1.382756195068359375e+02 1.320095520019531250e+02 1.549884796142578125e+02
1.381968078613281250e+02 1.321169433593750000e+02 1.548397216796875000e+02
1.381191711425781250e+02 1.322170715332031250e+02 1.546858978271484375e+02
1.380421447753906250e+02 1.323150787353515625e+02 1.545299530029296875e+02
1.379650268554687500e+02 1.324164428710937500e+02 1.543751373291015625e+02
1.378871154785156250e+02 1.325266418457031250e+02 1.542246704101562500e+02
1.378076782226562500e+02 1.326487884521484375e+02 1.540807495117187500e+02
1.377259063720703125e+02 1.327769775390625000e+02 1.539415588378906250e+02
1.376410064697265625e+02 1.329033203125000000e+02 1.538043823242187500e+02
1.375521545410156250e+02 1.330198974609375000e+02 1.536664733886718750e+02
1.374585266113281250e+02 1.331187896728515625e+02 1.535251464843750000e+02
1.373593292236328125e+02 1.331920928955078125e+02 1.533776550292968750e+02
1.372544860839843750e+02 1.332351379394531250e+02 1.532221679687500000e+02
1.371459960937500000e+02 1.332525177001953125e+02 1.530594177246093750e+02
1.370362243652343750e+02 1.332504882812500000e+02 1.528905181884765625e+02
1.369275512695312500e+02 1.332352142333984375e+02 1.527166290283203125e+02
1.368223419189453125e+02 1.332129516601562500e+02 1.525389099121093750e+02
1.367229766845703125e+02 1.331899108886718750e+02 1.523584899902343750e+02
1.366319885253906250e+02 1.331721801757812500e+02 1.521764526367187500e+02
1.365591583251953125e+02 1.331602630615234375e+02 1.519914855957031250e+02
1.365188446044921875e+02 1.331487579345703125e+02 1.518002166748046875e+02
1.365079498291015625e+02 1.331370239257812500e+02 1.516033782958984375e+02
1.365192871093750000e+02 1.331255950927734375e+02 1.514026031494140625e+02
1.365457153320312500e+02 1.331150207519531250e+02 1.511995697021484375e+02
1.365800781250000000e+02 1.331058502197265625e+02 1.509959411621093750e+02
1.366152038574218750e+02 1.330986022949218750e+02 1.507933654785156250e+02
1.366441040039062500e+02 1.330939636230468750e+02 1.505934753417968750e+02
1.366681365966796875e+02 1.330969848632812500e+02 1.503959503173828125e+02
1.366919250488281250e+02 1.331095581054687500e+02 1.501994628906250000e+02
1.367167816162109375e+02 1.331295471191406250e+02 1.500032958984375000e+02
1.367440490722656250e+02 1.331548156738281250e+02 1.498067932128906250e+02
1.367749938964843750e+02 1.331831970214843750e+02 1.496092834472656250e+02
1.368109588623046875e+02 1.332125549316406250e+02 1.494100494384765625e+02
1.368511962890625000e+02 1.332410278320312500e+02 1.492088623046875000e+02
1.368857879638671875e+02 1.332681427001953125e+02 1.490073547363281250e+02
1.369022979736328125e+02 1.332937469482421875e+02 1.488076934814453125e+02
1.368882598876953125e+02 1.333177337646484375e+02 1.486120452880859375e+02
1.368325347900390625e+02 1.333403472900390625e+02 1.484224395751953125e+02
1.367810058593750000e+02 1.333782043457031250e+02 1.482347869873046875e+02
1.367795562744140625e+02 1.334388275146484375e+02 1.480427703857421875e+02
1.367645416259765625e+02 1.334853057861328125e+02 1.478487091064453125e+02
1.367235412597656250e+02 1.335144805908203125e+02 1.476546478271484375e+02
1.366704559326171875e+02 1.335373535156250000e+02 1.474635772705078125e+02
1.366022796630859375e+02 1.335498352050781250e+02 1.472753601074218750e+02
1.365269165039062500e+02 1.335540008544921875e+02 1.470884094238281250e+02
1.364523010253906250e+02 1.335518798828125000e+02 1.469010620117187500e+02
1.363863677978515625e+02 1.335455627441406250e+02 1.467116851806640625e+02
1.363348693847656250e+02 1.335369873046875000e+02 1.465190887451171875e+02
1.362957458496093750e+02 1.335277404785156250e+02 1.463235321044921875e+02
1.362650756835937500e+02 1.335193481445312500e+02 1.461257019042968750e+02
1.362389678955078125e+02 1.335133056640625000e+02 1.459262084960937500e+02
1.362135162353515625e+02 1.335111083984375000e+02 1.457257080078125000e+02
1.361846008300781250e+02 1.335132751464843750e+02 1.455252532958984375e+02
1.361476287841796875e+02 1.335180358886718750e+02 1.453267974853515625e+02
1.360979003906250000e+02 1.335233459472656250e+02 1.451323852539062500e+02
1.360307464599609375e+02 1.335271301269531250e+02 1.449440917968750000e+02
1.359417419433593750e+02 1.335271911621093750e+02 1.447639465332031250e+02
1.358358001708984375e+02 1.335164337158203125e+02 1.445919189453125000e+02
1.357302856445312500e+02 1.334811706542968750e+02 1.444253234863281250e+02
1.356394195556640625e+02 1.334132232666015625e+02 1.442609710693359375e+02
1.355381317138671875e+02 1.333585968017578125e+02 1.440963592529296875e+02
1.354082183837890625e+02 1.333292999267578125e+02 1.439484558105468750e+02
1.352534942626953125e+02 1.333154754638671875e+02 1.438233184814453125e+02
1.350868377685546875e+02 1.333128509521484375e+02 1.437087860107421875e+02
1.349214935302734375e+02 1.333174133300781250e+02 1.435919342041015625e+02
1.347707214355468750e+02 1.333250885009765625e+02 1.434598846435546875e+02
1.346460723876953125e+02 1.333329010009765625e+02 1.433037414550781250e+02
1.345370330810546875e+02 1.333423156738281250e+02 1.431345977783203125e+02
1.344249725341796875e+02 1.333558807373046875e+02 1.429690551757812500e+02
1.342935791015625000e+02 1.333760681152343750e+02 1.428217315673828125e+02
1.341443176269531250e+02 1.334042968750000000e+02 1.426910858154296875e+02
1.339872283935546875e+02 1.334414825439453125e+02 1.425679168701171875e+02
1.338311614990234375e+02 1.334888458251953125e+02 1.424448852539062500e+02
1.336810760498046875e+02 1.335483856201171875e+02 1.423209075927734375e+02
1.335411071777343750e+02 1.336223297119140625e+02 1.421961517333984375e+02
1.334154205322265625e+02 1.337128753662109375e+02 1.420708312988281250e+02
1.333079986572265625e+02 1.338220520019531250e+02 1.419450378417968750e+02
1.332185516357421875e+02 1.339469909667968750e+02 1.418169403076171875e+02
1.331419067382812500e+02 1.340792236328125000e+02 1.416825103759765625e+02
1.330751190185546875e+02 1.342114868164062500e+02 1.415392456054687500e+02
1.330184478759765625e+02 1.343384246826171875e+02 1.413868408203125000e+02
1.329723815917968750e+02 1.344548187255859375e+02 1.412250671386718750e+02
1.329374389648437500e+02 1.345554656982421875e+02 1.410537719726562500e+02
1.329141082763671875e+02 1.346351623535156250e+02 1.408727569580078125e+02
1.329026794433593750e+02 1.346889648437500000e+02 1.406819305419921875e+02
1.328974609375000000e+02 1.347216949462890625e+02 1.404840698242187500e+02
1.328855133056640625e+02 1.347498779296875000e+02 1.402854156494140625e+02
1.328541564941406250e+02 1.347900848388671875e+02 1.400922241210937500e+02
1.328028717041015625e+02 1.348479003906250000e+02 1.399063262939453125e+02
1.327417297363281250e+02 1.349192962646484375e+02 1.397258453369140625e+02
1.326811523437500000e+02 1.349999542236328125e+02 1.395487365722656250e+02
1.326315155029296875e+02 1.350855407714843750e+02 1.393729858398437500e+02
1.326032562255859375e+02 1.351717376708984375e+02 1.391965484619140625e+02
1.326054687500000000e+02 1.352545013427734375e+02 1.390175628662109375e+02
1.326326904296875000e+02 1.353329467773437500e+02 1.388357238769531250e+02
1.326702117919921875e+02 1.354082489013671875e+02 1.386517486572265625e+02
1.327031555175781250e+02 1.354815826416015625e+02 1.384663391113281250e+02
1.327166595458984375e+02 1.355541229248046875e+02 1.382802429199218750e+02
1.327102661132812500e+02 1.356275329589843750e+02 1.380939483642578125e+02
1.327199554443359375e+02 1.357030639648437500e+02 1.379071044921875000e+02
1.327412872314453125e+02 1.357773742675781250e+02 1.377193450927734375e+02
1.327633666992187500e+02 1.358465423583984375e+02 1.375303039550781250e+02
1.327753143310546875e+02 1.359066925048828125e+02 1.373396453857421875e+02
1.327662353515625000e+02 1.359539031982421875e+02 1.371470336914062500e+02
1.327358856201171875e+02 1.359796142578125000e+02 1.369519042968750000e+02
1.327261962890625000e+02 1.359638366699218750e+02 1.367537994384765625e+02
1.327261047363281250e+02 1.359221038818359375e+02 1.365549774169921875e+02
1.327147979736328125e+02 1.358752746582031250e+02 1.363580169677734375e+02
1.326752624511718750e+02 1.358408508300781250e+02 1.361650543212890625e+02
1.326102600097656250e+02 1.358184967041015625e+02 1.359760437011718750e+02
1.325290222167968750e+02 1.358021087646484375e+02 1.357901763916015625e+02
1.324407806396484375e+02 1.357855224609375000e+02 1.356066436767578125e+02
1.323547821044921875e+02 1.357626495361328125e+02 1.354246520996093750e+02
1.322802581787109375e+02 1.357273406982421875e+02 1.352433929443359375e+02
1.322264099121093750e+02 1.356734924316406250e+02 1.350620727539062500e+02
1.321963653564453125e+02 1.355982360839843750e+02 1.348807220458984375e+02
1.321800384521484375e+02 1.355058288574218750e+02 1.347010803222656250e+02
1.321663818359375000e+02 1.354013214111328125e+02 1.345249328613281250e+02
1.321515808105468750e+02 1.352887420654296875e+02 1.343522033691406250e+02
1.321355895996093750e+02 1.351714782714843750e+02 1.341817932128906250e+02
1.321183929443359375e+02 1.350529479980468750e+02 1.340126190185546875e+02
1.320999755859375000e+02 1.349365997314453125e+02 1.338435821533203125e+02
1.320803222656250000e+02 1.348258209228515625e+02 1.336736145019531250e+02
1.320593872070312500e+02 1.347240447998046875e+02 1.335016174316406250e+02
1.320372009277343750e+02 1.346346893310546875e+02 1.333265228271484375e+02
1.320137023925781250e+02 1.345611724853515625e+02 1.331472015380859375e+02
1.319889068603515625e+02 1.345069122314453125e+02 1.329626007080078125e+02
1.319627227783203125e+02 1.344752349853515625e+02 1.327716369628906250e+02
1.319327392578125000e+02 1.344639434814453125e+02 1.325742645263671875e+02
1.318929901123046875e+02 1.344622039794921875e+02 1.323720703125000000e+02
1.318429870605468750e+02 1.344646606445312500e+02 1.321665191650390625e+02
1.317869567871093750e+02 1.344708862304687500e+02 1.319588317871093750e+02
1.317292175292968750e+02 1.344806671142578125e+02 1.317502136230468750e+02
1.316741027832031250e+02 1.344937438964843750e+02 1.315419006347656250e+02
1.316259765625000000e+02 1.345098571777343750e+02 1.313350982666015625e+02
1.315891418457031250e+02 1.345287628173828125e+02 1.311310272216796875e+02
1.315679626464843750e+02 1.345502319335937500e+02 1.309309082031250000e+02
1.315667724609375000e+02 1.345740051269531250e+02 1.307359619140625000e+02
1.315898895263671875e+02 1.345998382568359375e+02 1.305473937988281250e+02
1.316416625976562500e+02 1.346274719238281250e+02 1.303664398193359375e+02
1.317263641357421875e+02 1.346566467285156250e+02 1.301942596435546875e+02
1.318267517089843750e+02 1.346830444335937500e+02 1.300207519531250000e+02
1.319050750732421875e+02 1.346971740722656250e+02 1.298285217285156250e+02
1.319598236083984375e+02 1.346946105957031250e+02 1.296244201660156250e+02
1.319927215576171875e+02 1.346714172363281250e+02 1.294173278808593750e+02
1.320054779052734375e+02 1.346236267089843750e+02 1.292161254882812500e+02
1.319998016357421875e+02 1.345473175048828125e+02 1.290297393798828125e+02
1.319775695800781250e+02 1.344391174316406250e+02 1.288663482666015625e+02
1.319430999755859375e+02 1.343046875000000000e+02 1.287236938476562500e+02
1.319026336669921875e+02 1.341568145751953125e+02 1.285913391113281250e+02
1.318624267578125000e+02 1.340084228515625000e+02 1.284585571289062500e+02
1.318277282714843750e+02 1.338703308105468750e+02 1.283164825439453125e+02
1.317977600097656250e+02 1.337412414550781250e+02 1.281664123535156250e+02
1.317696380615234375e+02 1.336155242919921875e+02 1.280133666992187500e+02
1.317405548095703125e+02 1.334877471923828125e+02 1.278621215820312500e+02
1.317194213867187500e+02 1.333726501464843750e+02 1.276995925903320312e+02
1.317104949951171875e+02 1.332783966064453125e+02 1.275214004516601562e+02
1.317098693847656250e+02 1.331995849609375000e+02 1.273361282348632812e+02
1.317112884521484375e+02 1.331266632080078125e+02 1.271498870849609375e+02
1.316796264648437500e+02 1.330572052001953125e+02 1.269648437500000000e+02
1.316374206542968750e+02 1.329906005859375000e+02 1.267796401977539062e+02
1.316076812744140625e+02 1.329244689941406250e+02 1.265933227539062500e+02
1.315897521972656250e+02 1.328590240478515625e+02 1.264058761596679688e+02
1.315824127197265625e+02 1.327945556640625000e+02 1.262173233032226562e+02
1.315844116210937500e+02 1.327313690185546875e+02 1.260276794433593750e+02
1.315945434570312500e+02 1.326697082519531250e+02 1.258369750976562500e+02
1.316115417480468750e+02 1.326098937988281250e+02 1.256452102661132812e+02
1.316341705322265625e+02 1.325522003173828125e+02 1.254524078369140625e+02
1.316612243652343750e+02 1.324969177246093750e+02 1.252585906982421875e+02
1.316914367675781250e+02 1.324443359375000000e+02 1.250637741088867188e+02
1.317235717773437500e+02 1.323947296142578125e+02 1.248679809570312500e+02
1.317563476562500000e+02 1.323484649658203125e+02 1.246712265014648438e+02
1.317867584228515625e+02 1.323073883056640625e+02 1.244737091064453125e+02
1.318101959228515625e+02 1.322748260498046875e+02 1.242757873535156250e+02
1.318219757080078125e+02 1.322541961669921875e+02 1.240778198242187500e+02
1.318173980712890625e+02 1.322489013671875000e+02 1.238801803588867188e+02
1.317934112548828125e+02 1.322609558105468750e+02 1.236832885742187500e+02
1.317539215087890625e+02 1.322865905761718750e+02 1.234878540039062500e+02
1.317047424316406250e+02 1.323204040527343750e+02 1.232946624755859375e+02
1.316511230468750000e+02 1.323576660156250000e+02 1.231042480468750000e+02
1.315953521728515625e+02 1.323969116210937500e+02 1.229159851074218750e+02
1.315388183593750000e+02 1.324376525878906250e+02 1.227288513183593750e+02
1.314828796386718750e+02 1.324794616699218750e+02 1.225418395996093750e+02
1.314289093017578125e+02 1.325218811035156250e+02 1.223539276123046875e+02
1.313782958984375000e+02 1.325644226074218750e+02 1.221641082763671875e+02
1.313314208984375000e+02 1.326081390380859375e+02 1.219725341796875000e+02
1.312863922119140625e+02 1.326573944091796875e+02 1.217820510864257812e+02
1.312409667968750000e+02 1.327170562744140625e+02 1.215958633422851562e+02
1.311929626464843750e+02 1.327919921875000000e+02 1.214171752929687500e+02
1.311421966552734375e+02 1.328857269287109375e+02 1.212480468750000000e+02
1.311099090576171875e+02 1.329824981689453125e+02 1.210756988525390625e+02
1.310847473144531250e+02 1.330690612792968750e+02 1.208966751098632812e+02
1.310483398437500000e+02 1.331395263671875000e+02 1.207129974365234375e+02
1.310009765625000000e+02 1.331940765380859375e+02 1.205254135131835938e+02
1.309461212158203125e+02 1.332339782714843750e+02 1.203344802856445312e+02
1.308872070312500000e+02 1.332605133056640625e+02 1.201407394409179688e+02
1.308277282714843750e+02 1.332749023437500000e+02 1.199447479248046875e+02
1.307711029052734375e+02 1.332784423828125000e+02 1.197470474243164062e+02
1.307208251953125000e+02 1.332723541259765625e+02 1.195481872558593750e+02
1.306803283691406250e+02 1.332579040527343750e+02 1.193487091064453125e+02
1.306530761718750000e+02 1.332363739013671875e+02 1.191491775512695312e+02
1.306422576904296875e+02 1.332090148925781250e+02 1.189501266479492188e+02
1.306345977783203125e+02 1.331788177490234375e+02 1.187525711059570312e+02
1.306006774902343750e+02 1.331507568359375000e+02 1.185577163696289062e+02
1.305438690185546875e+02 1.331278686523437500e+02 1.183650207519531250e+02
1.304762115478515625e+02 1.331126098632812500e+02 1.181735305786132812e+02
1.304097442626953125e+02 1.331074829101562500e+02 1.179822463989257812e+02
1.303565063476562500e+02 1.331149597167968750e+02 1.177902145385742188e+02
1.303277740478515625e+02 1.331372375488281250e+02 1.175964813232421875e+02
1.303213958740234375e+02 1.331714019775390625e+02 1.174007720947265625e+02
1.303235931396484375e+02 1.332101593017578125e+02 1.172033843994140625e+02
1.303202056884765625e+02 1.332460327148437500e+02 1.170046310424804688e+02
1.302973022460937500e+02 1.332716827392578125e+02 1.168048324584960938e+02
1.302534790039062500e+02 1.332846832275390625e+02 1.166045608520507812e+02
1.302075958251953125e+02 1.332907714843750000e+02 1.164048233032226562e+02
1.301803588867187500e+02 1.332963256835937500e+02 1.162066421508789062e+02
1.301924438476562500e+02 1.333077697753906250e+02 1.160110626220703125e+02
1.302445831298828125e+02 1.333110961914062500e+02 1.158181686401367188e+02
1.303063812255859375e+02 1.333035888671875000e+02 1.156279602050781250e+02
1.303757629394531250e+02 1.333025512695312500e+02 1.154405517578125000e+02
1.304503326416015625e+02 1.333009643554687500e+02 1.152548294067382812e+02
1.305276489257812500e+02 1.332917022705078125e+02 1.150696334838867188e+02
1.306052246093750000e+02 1.332683105468750000e+02 1.148838653564453125e+02
1.306798858642578125e+02 1.332324523925781250e+02 1.146968536376953125e+02
1.307479858398437500e+02 1.331908111572265625e+02 1.145082015991210938e+02
1.308058471679687500e+02 1.331502075195312500e+02 1.143175125122070312e+02
1.308498229980468750e+02 1.331174468994140625e+02 1.141243972778320312e+02
1.308762817382812500e+02 1.330992889404296875e+02 1.139284667968750000e+02
1.308812408447265625e+02 1.331021575927734375e+02 1.137293930053710938e+02
1.308375091552734375e+02 1.330990600585937500e+02 1.135344543457031250e+02
1.307867889404296875e+02 1.331342926025390625e+02 1.133440704345703125e+02
1.307566070556640625e+02 1.331642608642578125e+02 1.131483840942382812e+02
1.307130584716796875e+02 1.331800079345703125e+02 1.129552993774414062e+02
1.306507720947265625e+02 1.331857604980468750e+02 1.127665176391601562e+02
1.305750274658203125e+02 1.331833953857421875e+02 1.125807571411132812e+02
1.304911499023437500e+02 1.331747436523437500e+02 1.123967437744140625e+02
1.304044647216796875e+02 1.331617126464843750e+02 1.122131881713867188e+02
1.303202514648437500e+02 1.331461639404296875e+02 1.120288162231445312e+02
1.302438354492187500e+02 1.331299438476562500e+02 1.118423385620117188e+02
1.301805267333984375e+02 1.331149291992187500e+02 1.116524810791015625e+02
1.301356201171875000e+02 1.331029968261718750e+02 1.114579467773437500e+02
1.300968170166015625e+02 1.330988922119140625e+02 1.112629699707031250e+02
1.300394744873046875e+02 1.331062469482421875e+02 1.110748291015625000e+02
1.299685058593750000e+02 1.331212463378906250e+02 1.108910140991210938e+02
1.298896789550781250e+02 1.331398315429687500e+02 1.107087249755859375e+02
1.298087768554687500e+02 1.331579895019531250e+02 1.105251541137695312e+02
1.297315521240234375e+02 1.331716918945312500e+02 1.103375091552734375e+02
1.296637878417968750e+02 1.331769104003906250e+02 1.101429901123046875e+02
1.296085662841796875e+02 1.331723327636718750e+02 1.099415054321289062e+02
1.295514068603515625e+02 1.331744232177734375e+02 1.097508087158203125e+02
1.294718475341796875e+02 1.332051086425781250e+02 1.095939712524414062e+02
1.293638458251953125e+02 1.332639007568359375e+02 1.094701614379882812e+02
1.292312927246093750e+02 1.333349456787109375e+02 1.093621139526367188e+02
1.290782470703125000e+02 1.334020538330078125e+02 1.092522583007812500e+02
1.289088134765625000e+02 1.334490661621093750e+02 1.091230010986328125e+02
1.287270355224609375e+02 1.334598236083984375e+02 1.089567718505859375e+02
1.285480041503906250e+02 1.334266204833984375e+02 1.087548980712890625e+02
1.284615020751953125e+02 1.333992004394531250e+02 1.086469879150390625e+02
