1.308058471679687500e+02 1.329936370849609375e+02 1.127792205810546875e+02
1.307127532958984375e+02 1.330870361328125000e+02 1.129721908569335938e+02
1.306291656494140625e+02 1.331501770019531250e+02 1.131798858642578125e+02
1.305755004882812500e+02 1.331725311279296875e+02 1.133660812377929688e+02
1.305471038818359375e+02 1.331725463867187500e+02 1.135424270629882812e+02
1.305392456054687500e+02 1.331686859130859375e+02 1.137205886840820312e+02
1.305473785400390625e+02 1.331753845214843750e+02 1.139090118408203125e+02
1.305672149658203125e+02 1.331944274902343750e+02 1.141058959960937500e+02
1.305945281982421875e+02 1.332250366210937500e+02 1.143074035644531250e+02
1.306251373291015625e+02 1.332664947509765625e+02 1.145097198486328125e+02
1.306548919677734375e+02 1.333179931640625000e+02 1.147091293334960938e+02
1.306817474365234375e+02 1.333778381347656250e+02 1.149042205810546875e+02
1.307057037353515625e+02 1.334434051513671875e+02 1.150959091186523438e+02
1.307268066406250000e+02 1.335120391845703125e+02 1.152851867675781250e+02
1.307451324462890625e+02 1.335811157226562500e+02 1.154730529785156250e+02
1.307607727050781250e+02 1.336479644775390625e+02 1.156604995727539062e+02
1.307737731933593750e+02 1.337099609375000000e+02 1.158485260009765625e+02
1.307842102050781250e+02 1.337644348144531250e+02 1.160381317138671875e+02
1.307921600341796875e+02 1.338087310791015625e+02 1.162303161621093750e+02
1.307976837158203125e+02 1.338402252197265625e+02 1.164260711669921875e+02
1.308027954101562500e+02 1.338580627441406250e+02 1.166255493164062500e+02
1.308174896240234375e+02 1.338687591552734375e+02 1.168254699707031250e+02
1.308522338867187500e+02 1.338798675537109375e+02 1.170220565795898438e+02
1.309074401855468750e+02 1.338932037353515625e+02 1.172141952514648438e+02
1.309795532226562500e+02 1.339083404541015625e+02 1.174018249511718750e+02
1.310649566650390625e+02 1.339248199462890625e+02 1.175848846435546875e+02
1.311600799560546875e+02 1.339422302246093750e+02 1.177633285522460938e+02
1.312602539062500000e+02 1.339623718261718750e+02 1.179377288818359375e+02
1.313586120605468750e+02 1.339917602539062500e+02 1.181099929809570312e+02
1.314480133056640625e+02 1.340375518798828125e+02 1.182821807861328125e+02
1.315249938964843750e+02 1.341019897460937500e+02 1.184556732177734375e+02
1.316043853759765625e+02 1.341634826660156250e+02 1.186283416748046875e+02
1.316972808837890625e+02 1.342053985595703125e+02 1.187986221313476562e+02
1.318009643554687500e+02 1.342292327880859375e+02 1.189673004150390625e+02
1.319117126464843750e+02 1.342378997802734375e+02 1.191353607177734375e+02
1.320257568359375000e+02 1.342343139648437500e+02 1.193037719726562500e+02
1.321393280029296875e+02 1.342213897705078125e+02 1.194735183715820312e+02
1.322486724853515625e+02 1.342020568847656250e+02 1.196455764770507812e+02
1.323500366210937500e+02 1.341792144775390625e+02 1.198209152221679688e+02
1.324396667480468750e+02 1.341557922363281250e+02 1.200005187988281250e+02
1.325162048339843750e+02 1.341340789794921875e+02 1.201847152709960938e+02
1.325832824707031250e+02 1.341151428222656250e+02 1.203724365234375000e+02
1.326452484130859375e+02 1.340998382568359375e+02 1.205624542236328125e+02
1.327063903808593750e+02 1.340890502929687500e+02 1.207535400390625000e+02
1.327659149169921875e+02 1.340820465087890625e+02 1.209454421997070312e+02
1.328072509765625000e+02 1.340733032226562500e+02 1.211409606933593750e+02
1.328186798095703125e+02 1.340570678710937500e+02 1.213417205810546875e+02
1.328134307861328125e+02 1.340301666259765625e+02 1.215438003540039062e+02
1.328097839355468750e+02 1.339898529052734375e+02 1.217421340942382812e+02
1.328259887695312500e+02 1.339334411621093750e+02 1.219316940307617188e+02
1.328767852783203125e+02 1.338589630126953125e+02 1.221082229614257812e+02
1.329530944824218750e+02 1.337696380615234375e+02 1.222729568481445312e+02
1.330372467041015625e+02 1.336706542968750000e+02 1.224294052124023438e+02
1.331214599609375000e+02 1.335662384033203125e+02 1.225811614990234375e+02
1.332027130126953125e+02 1.334601440429687500e+02 1.227318649291992188e+02
1.332780303955078125e+02 1.333560943603515625e+02 1.228851699829101562e+02
1.333444213867187500e+02 1.332578582763671875e+02 1.230446929931640625e+02
1.333989410400390625e+02 1.331691284179687500e+02 1.232140502929687500e+02
1.334440612792968750e+02 1.330879821777343750e+02 1.233921051025390625e+02
1.334950561523437500e+02 1.330159606933593750e+02 1.235704345703125000e+02
1.335650482177734375e+02 1.329757385253906250e+02 1.237462997436523438e+02
1.336512756347656250e+02 1.329644927978515625e+02 1.239203567504882812e+02
1.337493438720703125e+02 1.329762268066406250e+02 1.240934906005859375e+02
1.338548278808593750e+02 1.330049438476562500e+02 1.242665939331054688e+02
1.339633331298828125e+02 1.330446014404296875e+02 1.244405517578125000e+02
1.340704193115234375e+02 1.330892028808593750e+02 1.246162490844726562e+02
1.341717071533203125e+02 1.331327362060546875e+02 1.247945709228515625e+02
1.342627563476562500e+02 1.331691894531250000e+02 1.249764251708984375e+02
1.343389282226562500e+02 1.331946105957031250e+02 1.251624603271484375e+02
1.343926239013671875e+02 1.332283325195312500e+02 1.253508605957031250e+02
1.344202117919921875e+02 1.332906951904296875e+02 1.255383300781250000e+02
1.344279937744140625e+02 1.333777770996093750e+02 1.257217636108398438e+02
1.344233245849609375e+02 1.334832000732421875e+02 1.258980712890625000e+02
1.344135437011718750e+02 1.336006011962890625e+02 1.260641784667968750e+02
1.344041137695312500e+02 1.337124786376953125e+02 1.262274627685546875e+02
1.343953399658203125e+02 1.338031616210937500e+02 1.264001922607421875e+02
1.343872833251953125e+02 1.338757629394531250e+02 1.265812149047851562e+02
1.343799591064453125e+02 1.339335784912109375e+02 1.267692184448242188e+02
1.343733825683593750e+02 1.339798889160156250e+02 1.269629058837890625e+02
1.343676147460937500e+02 1.340180206298828125e+02 1.271609802246093750e+02
1.343626861572265625e+02 1.340512390136718750e+02 1.273621292114257812e+02
1.343586120605468750e+02 1.340828552246093750e+02 1.275650634765625000e+02
1.343554382324218750e+02 1.341161651611328125e+02 1.277684860229492188e+02
1.343531799316406250e+02 1.341544494628906250e+02 1.279710769653320312e+02
1.343518829345703125e+02 1.342010192871093750e+02 1.281715545654296875e+02
1.343515930175781250e+02 1.342591552734375000e+02 1.283686065673828125e+02
1.343523101806640625e+02 1.343321533203125000e+02 1.285609436035156250e+02
1.343540954589843750e+02 1.344211883544921875e+02 1.287478179931640625e+02
1.343569030761718750e+02 1.345170135498046875e+02 1.289312896728515625e+02
1.343607330322265625e+02 1.346072540283203125e+02 1.291142272949218750e+02
1.343655395507812500e+02 1.346795349121093750e+02 1.292995452880859375e+02
1.343713073730468750e+02 1.347214508056640625e+02 1.294900970458984375e+02
1.343798522949218750e+02 1.347231445312500000e+02 1.296880798339843750e+02
1.344161376953125000e+02 1.347080841064453125e+02 1.298865356445312500e+02
1.344871368408203125e+02 1.346952667236328125e+02 1.300801849365234375e+02
1.345718994140625000e+02 1.346809539794921875e+02 1.302704925537109375e+02
1.346487731933593750e+02 1.346607818603515625e+02 1.304590606689453125e+02
1.346961059570312500e+02 1.346304473876953125e+02 1.306475219726562500e+02
1.346923522949218750e+02 1.345855560302734375e+02 1.308374481201171875e+02
1.346516876220703125e+02 1.345205230712890625e+02 1.310223846435546875e+02
1.346007232666015625e+02 1.344423522949218750e+02 1.311999053955078125e+02
1.345426940917968750e+02 1.343650360107421875e+02 1.313760986328125000e+02
1.344930267333984375e+02 1.343040313720703125e+02 1.315583190917968750e+02
1.345180969238281250e+02 1.342780151367187500e+02 1.317553558349609375e+02
1.345748291015625000e+02 1.342864227294921875e+02 1.319573059082031250e+02
1.346069030761718750e+02 1.343250579833984375e+02 1.321530761718750000e+02
1.346049041748046875e+02 1.343862609863281250e+02 1.323417205810546875e+02
1.345776977539062500e+02 1.344609832763671875e+02 1.325262756347656250e+02
1.345341644287109375e+02 1.345401611328125000e+02 1.327097320556640625e+02
1.344832000732421875e+02 1.346147613525390625e+02 1.328951568603515625e+02
1.344336700439453125e+02 1.346757812500000000e+02 1.330855102539062500e+02
1.343924407958984375e+02 1.347208862304687500e+02 1.332814178466796875e+02
1.343626708984375000e+02 1.347600708007812500e+02 1.334789886474609375e+02
1.343471221923828125e+02 1.348046417236328125e+02 1.336738281250000000e+02
1.343485412597656250e+02 1.348659362792968750e+02 1.338615722656250000e+02
1.343689727783203125e+02 1.349530944824218750e+02 1.340387268066406250e+02
1.344024810791015625e+02 1.350494384765625000e+02 1.342122955322265625e+02
1.344393920898437500e+02 1.351291351318359375e+02 1.343928985595703125e+02
1.344752807617187500e+02 1.351921844482421875e+02 1.345805969238281250e+02
1.345068206787109375e+02 1.352439117431640625e+02 1.347731781005859375e+02
1.345306854248046875e+02 1.352896881103515625e+02 1.349684600830078125e+02
1.345435485839843750e+02 1.353348693847656250e+02 1.351642913818359375e+02
1.345420989990234375e+02 1.353848114013671875e+02 1.353584594726562500e+02
1.345253601074218750e+02 1.354396362304687500e+02 1.355504302978515625e+02
1.344996490478515625e+02 1.354834594726562500e+02 1.357446899414062500e+02
1.344833831787109375e+02 1.355059356689453125e+02 1.359427337646484375e+02
1.345103149414062500e+02 1.355185852050781250e+02 1.361374969482421875e+02
1.345738525390625000e+02 1.355295715332031250e+02 1.363279113769531250e+02
1.346590881347656250e+02 1.355455780029296875e+02 1.365143280029296875e+02
1.347510833740234375e+02 1.355733032226562500e+02 1.366970825195312500e+02
1.348349456787109375e+02 1.356194610595703125e+02 1.368765258789062500e+02
1.349007720947265625e+02 1.356817169189453125e+02 1.370554046630859375e+02
1.349622955322265625e+02 1.357102508544921875e+02 1.372477111816406250e+02
1.349906311035156250e+02 1.357140655517578125e+02 1.374474487304687500e+02
1.349548645019531250e+02 1.357207336425781250e+02 1.376435241699218750e+02
1.349162597656250000e+02 1.357254943847656250e+02 1.378397827148437500e+02
1.348926391601562500e+02 1.357194366455078125e+02 1.380383605957031250e+02
1.348812255859375000e+02 1.357028808593750000e+02 1.382383880615234375e+02
1.348794860839843750e+02 1.356761932373046875e+02 1.384389953613281250e+02
1.348848571777343750e+02 1.356397552490234375e+02 1.386393280029296875e+02
1.348947753906250000e+02 1.355939483642578125e+02 1.388385162353515625e+02
1.349066619873046875e+02 1.355391235351562500e+02 1.390356903076171875e+02
1.349179992675781250e+02 1.354756927490234375e+02 1.392299804687500000e+02
1.349261932373046875e+02 1.354040069580078125e+02 1.394205322265625000e+02
1.349286956787109375e+02 1.353244323730468750e+02 1.396064758300781250e+02
1.349301452636718750e+02 1.352386932373046875e+02 1.397876586914062500e+02
1.349591827392578125e+02 1.351535644531250000e+02 1.399664916992187500e+02
1.350186462402343750e+02 1.350744323730468750e+02 1.401432495117187500e+02
1.351019287109375000e+02 1.350058135986328125e+02 1.403173675537109375e+02
1.352024230957031250e+02 1.349522552490234375e+02 1.404882965087890625e+02
1.353135223388671875e+02 1.349183044433593750e+02 1.406554718017578125e+02
1.354238281250000000e+02 1.348999633789062500e+02 1.408210906982421875e+02
1.355164184570312500e+02 1.348753967285156250e+02 1.409925537109375000e+02
1.355965881347656250e+02 1.348429107666015625e+02 1.411693267822265625e+02
1.356732330322265625e+02 1.348046264648437500e+02 1.413494720458984375e+02
1.357552795410156250e+02 1.347626190185546875e+02 1.415310516357421875e+02
1.358516693115234375e+02 1.347189788818359375e+02 1.417121124267578125e+02
1.359685058593750000e+02 1.346763000488281250e+02 1.418885650634765625e+02
1.361052398681640625e+02 1.346383972167968750e+02 1.420511169433593750e+02
1.362602691650390625e+02 1.346092224121093750e+02 1.421897583007812500e+02
1.364320526123046875e+02 1.345927734375000000e+02 1.422944335937500000e+02
1.366190338134765625e+02 1.345930328369140625e+02 1.423551177978515625e+02
1.368171844482421875e+02 1.346090850830078125e+02 1.423766937255859375e+02
1.370125122070312500e+02 1.346187896728515625e+02 1.424252319335937500e+02
1.372009582519531250e+02 1.346166992187500000e+02 1.425078735351562500e+02
1.373807525634765625e+02 1.346015777587890625e+02 1.426181182861328125e+02
1.375501098632812500e+02 1.345721130371093750e+02 1.427494354248046875e+02
1.377072601318359375e+02 1.345270690917968750e+02 1.428952789306640625e+02
1.378504180908203125e+02 1.344651489257812500e+02 1.430491333007812500e+02
1.379778137207031250e+02 1.343850860595703125e+02 1.432044830322265625e+02
1.380876464843750000e+02 1.342855987548828125e+02 1.433548126220703125e+02
1.381781616210937500e+02 1.341654205322265625e+02 1.434935607910156250e+02
1.382496948242187500e+02 1.340258789062500000e+02 1.436180725097656250e+02
1.383137512207031250e+02 1.338822326660156250e+02 1.437458190917968750e+02
1.383762817382812500e+02 1.337462310791015625e+02 1.438867492675781250e+02
1.384365539550781250e+02 1.336237640380859375e+02 1.440404663085937500e+02
1.384936981201171875e+02 1.335206146240234375e+02 1.442063446044921875e+02
1.385468750000000000e+02 1.334425354003906250e+02 1.443837890625000000e+02
1.385949554443359375e+02 1.333951110839843750e+02 1.445721740722656250e+02
1.386265258789062500e+02 1.333744812011718750e+02 1.447689666748046875e+02
1.386600036621093750e+02 1.333429718017578125e+02 1.449629821777343750e+02
1.387084655761718750e+02 1.332943725585937500e+02 1.451515808105468750e+02
1.387673034667968750e+02 1.332405853271484375e+02 1.453372802734375000e+02
1.388318939208984375e+02 1.331935272216796875e+02 1.455225677490234375e+02
1.388982849121093750e+02 1.331615447998046875e+02 1.457093811035156250e+02
1.389642791748046875e+02 1.331428222656250000e+02 1.458979949951171875e+02
1.390280456542968750e+02 1.331336212158203125e+02 1.460883636474609375e+02
1.390877227783203125e+02 1.331302795410156250e+02 1.462804260253906250e+02
1.391414794921875000e+02 1.331290740966796875e+02 1.464741363525390625e+02
1.391874694824218750e+02 1.331263122558593750e+02 1.466694793701171875e+02
1.392252349853515625e+02 1.331174621582031250e+02 1.468660125732421875e+02
1.392586822509765625e+02 1.330982666015625000e+02 1.470624694824218750e+02
1.392899780273437500e+02 1.330697174072265625e+02 1.472584075927734375e+02
1.393209228515625000e+02 1.330332794189453125e+02 1.474535064697265625e+02
1.393533782958984375e+02 1.329904022216796875e+02 1.476474761962890625e+02
1.393891601562500000e+02 1.329425811767578125e+02 1.478399505615234375e+02
1.394301147460937500e+02 1.328912506103515625e+02 1.480306549072265625e+02
1.394780731201171875e+02 1.328379058837890625e+02 1.482192382812500000e+02
1.395348815917968750e+02 1.327839813232421875e+02 1.484053955078125000e+02
1.396023559570312500e+02 1.327309570312500000e+02 1.485888061523437500e+02
1.396823577880859375e+02 1.326803131103515625e+02 1.487691345214843750e+02
1.397766876220703125e+02 1.326334838867187500e+02 1.489460906982421875e+02
1.398816375732421875e+02 1.325940399169921875e+02 1.491207427978515625e+02
1.399797668457031250e+02 1.325706481933593750e+02 1.492976837158203125e+02
1.400514831542968750e+02 1.325727539062500000e+02 1.494820251464843750e+02
1.400866851806640625e+02 1.326096649169921875e+02 1.496751403808593750e+02
1.401714630126953125e+02 1.326820831298828125e+02 1.498411865234375000e+02
1.402814788818359375e+02 1.327656097412109375e+02 1.499914703369140625e+02
1.404002990722656250e+02 1.328533477783203125e+02 1.501339569091796875e+02
1.405260162353515625e+02 1.329428710937500000e+02 1.502705993652343750e+02
1.406568145751953125e+02 1.330318145751953125e+02 1.504033050537109375e+02
1.407908020019531250e+02 1.331177673339843750e+02 1.505340270996093750e+02
1.409261169433593750e+02 1.331983337402343750e+02 1.506647033691406250e+02
1.410609283447265625e+02 1.332711181640625000e+02 1.507972564697265625e+02
1.411933288574218750e+02 1.333337402343750000e+02 1.509336395263671875e+02
1.413215026855468750e+02 1.333837890625000000e+02 1.510757598876953125e+02
1.414435729980468750e+02 1.334188690185546875e+02 1.512255706787109375e+02
1.415576629638671875e+02 1.334365997314453125e+02 1.513850097656250000e+02
1.416613464355468750e+02 1.334354248046875000e+02 1.515557098388671875e+02
1.417471466064453125e+02 1.334214019775390625e+02 1.517366485595703125e+02
1.418115081787109375e+02 1.334011993408203125e+02 1.519251708984375000e+02
1.418619995117187500e+02 1.333758850097656250e+02 1.521181335449218750e+02
1.419072723388671875e+02 1.333459625244140625e+02 1.523123321533203125e+02
1.419559783935546875e+02 1.333119506835937500e+02 1.525045623779296875e+02
1.420167541503906250e+02 1.332743530273437500e+02 1.526916503906250000e+02
1.420962829589843750e+02 1.332333984375000000e+02 1.528709869384765625e+02
1.421719055175781250e+02 1.331849822998046875e+02 1.530488739013671875e+02
1.422266540527343750e+02 1.331276702880859375e+02 1.532311248779296875e+02
1.422681579589843750e+02 1.330650939941406250e+02 1.534172515869140625e+02
1.423047332763671875e+02 1.330010681152343750e+02 1.536065216064453125e+02
1.423441314697265625e+02 1.329390258789062500e+02 1.537981719970703125e+02
1.423876953125000000e+02 1.328786926269531250e+02 1.539908905029296875e+02
1.424330902099609375e+02 1.328176269531250000e+02 1.541830444335937500e+02
1.424779357910156250e+02 1.327533569335937500e+02 1.543730010986328125e+02
1.425198669433593750e+02 1.326834259033203125e+02 1.545591430664062500e+02
1.425565032958984375e+02 1.326053771972656250e+02 1.547398223876953125e+02
1.425854644775390625e+02 1.325167236328125000e+02 1.549134368896484375e+02
1.426043853759765625e+02 1.324150238037109375e+02 1.550783233642578125e+02
1.426109161376953125e+02 1.322978668212890625e+02 1.552329254150390625e+02
1.426043853759765625e+02 1.321657257080078125e+02 1.553775329589843750e+02
1.425862579345703125e+02 1.320225982666015625e+02 1.555147399902343750e+02
1.425580444335937500e+02 1.318727416992187500e+02 1.556473388671875000e+02
1.425213317871093750e+02 1.317203826904296875e+02 1.557780914306640625e+02
1.424776763916015625e+02 1.315697784423828125e+02 1.559097900390625000e+02
1.424286346435546875e+02 1.314251708984375000e+02 1.560451812744140625e+02
1.423757629394531250e+02 1.312908325195312500e+02 1.561870727539062500e+02
1.423200073242187500e+02 1.311754760742187500e+02 1.563409729003906250e+02
1.422690887451171875e+02 1.310746307373046875e+02 1.565063781738281250e+02
1.422259979248046875e+02 1.309474182128906250e+02 1.566531372070312500e+02
1.421842041015625000e+02 1.308014526367187500e+02 1.567845306396484375e+02
1.421420745849609375e+02 1.306516265869140625e+02 1.569133148193359375e+02
1.420985412597656250e+02 1.305119781494140625e+02 1.570515136718750000e+02
1.420739898681640625e+02 1.303612213134765625e+02 1.571800384521484375e+02
1.420579986572265625e+02 1.301964111328125000e+02 1.572947998046875000e+02
1.420346527099609375e+02 1.300313262939453125e+02 1.574073638916015625e+02
1.420057678222656250e+02 1.298661804199218750e+02 1.575183410644531250e+02
1.419732666015625000e+02 1.297010498046875000e+02 1.576282501220703125e+02
1.419390869140625000e+02 1.295360260009765625e+02 1.577376098632812500e+02
1.419051513671875000e+02 1.293712005615234375e+02 1.578469543457031250e+02
1.418734130859375000e+02 1.292066650390625000e+02 1.579568176269531250e+02
1.418457946777343750e+02 1.290425109863281250e+02 1.580676879882812500e+02
1.418242187500000000e+02 1.288788452148437500e+02 1.581801300048828125e+02
1.418106536865234375e+02 1.287157287597656250e+02 1.582946319580078125e+02
1.418074493408203125e+02 1.285533294677734375e+02 1.584117126464843750e+02
1.418235168457031250e+02 1.283931884765625000e+02 1.585314941406250000e+02
1.418565826416015625e+02 1.282393188476562500e+02 1.586569366455078125e+02
1.418954620361328125e+02 1.280964202880859375e+02 1.587925720214843750e+02
1.419295959472656250e+02 1.279685211181640625e+02 1.589423828125000000e+02
1.419550933837890625e+02 1.278535842895507812e+02 1.591045837402343750e+02
1.419717712402343750e+02 1.277461318969726562e+02 1.592742309570312500e+02
1.419794769287109375e+02 1.276406707763671875e+02 1.594463500976562500e+02
1.419780578613281250e+02 1.275317001342773438e+02 1.596159362792968750e+02
1.419673919677734375e+02 1.274137344360351562e+02 1.597780151367187500e+02
1.419491577148437500e+02 1.272842788696289062e+02 1.599302673339843750e+02
1.419292907714843750e+02 1.271478500366210938e+02 1.600764923095703125e+02
1.419142761230468750e+02 1.270099029541015625e+02 1.602213287353515625e+02
1.419106597900390625e+02 1.268759231567382812e+02 1.603694610595703125e+02
1.419222869873046875e+02 1.267492828369140625e+02 1.605237426757812500e+02
1.419466094970703125e+02 1.266283416748046875e+02 1.606826782226562500e+02
1.419801177978515625e+02 1.265107116699218750e+02 1.608441772460937500e+02
1.420193328857421875e+02 1.263939895629882812e+02 1.610061035156250000e+02
1.420607452392578125e+02 1.262758026123046875e+02 1.611663360595703125e+02
1.421008758544921875e+02 1.261537551879882812e+02 1.613227539062500000e+02
1.421362304687500000e+02 1.260254516601562500e+02 1.614732513427734375e+02
1.421633148193359375e+02 1.258885040283203125e+02 1.616157073974609375e+02
1.421786193847656250e+02 1.257405319213867188e+02 1.617480010986328125e+02
1.421810455322265625e+02 1.255859985351562500e+02 1.618747863769531250e+02
1.421853790283203125e+02 1.254609451293945312e+02 1.620305938720703125e+02
1.422022705078125000e+02 1.253603591918945312e+02 1.622070465087890625e+02
1.422403411865234375e+02 1.252700729370117188e+02 1.623864746093750000e+02
1.423064422607421875e+02 1.251765899658203125e+02 1.625524902343750000e+02
1.423823089599609375e+02 1.250760345458984375e+02 1.627079162597656250e+02
1.424416351318359375e+02 1.249695587158203125e+02 1.628654174804687500e+02
1.425112609863281250e+02 1.248479843139648438e+02 1.630157928466796875e+02
1.426068878173828125e+02 1.247106018066406250e+02 1.631545867919921875e+02
1.427156524658203125e+02 1.245686111450195312e+02 1.632892913818359375e+02
1.428234100341796875e+02 1.244336929321289062e+02 1.634278869628906250e+02
1.429160766601562500e+02 1.243175354003906250e+02 1.635783691406250000e+02
1.429795532226562500e+02 1.242318344116210938e+02 1.637487182617187500e+02
1.429997253417968750e+02 1.241882781982421875e+02 1.639469299316406250e+02
1.429624938964843750e+02 1.241985473632812500e+02 1.641809692382812500e+02
1.428917541503906250e+02 1.242456970214843750e+02 1.643818054199218750e+02
