1.282095794677734375e+02 1.334877014160156250e+02 1.104287261962890625e+02
1.281713256835937500e+02 1.334739074707031250e+02 1.104689407348632812e+02
1.280698547363281250e+02 1.334393463134765625e+02 1.105779647827148438e+02
1.279250793457031250e+02 1.333942565917968750e+02 1.107383804321289062e+02
1.277568817138671875e+02 1.333488769531250000e+02 1.109327697753906250e+02
1.275851821899414062e+02 1.333134613037109375e+02 1.111437072753906250e+02
1.274295043945312500e+02 1.332979888916015625e+02 1.113540954589843750e+02
1.272991867065429688e+02 1.333055267333984375e+02 1.115556182861328125e+02
1.271924514770507812e+02 1.333316040039062500e+02 1.117495269775390625e+02
1.271069793701171875e+02 1.333713684082031250e+02 1.119375305175781250e+02
1.270404434204101562e+02 1.334199829101562500e+02 1.121213607788085938e+02
1.269905090332031250e+02 1.334725952148437500e+02 1.123027343750000000e+02
1.269548492431640625e+02 1.335243682861328125e+02 1.124833755493164062e+02
1.269311447143554688e+02 1.335704498291015625e+02 1.126650009155273438e+02
1.269170684814453125e+02 1.336059875488281250e+02 1.128493423461914062e+02
1.269102859497070312e+02 1.336261444091796875e+02 1.130381088256835938e+02
1.269085388183593750e+02 1.336262664794921875e+02 1.132329711914062500e+02
1.269120635986328125e+02 1.336094360351562500e+02 1.134332427978515625e+02
1.269243240356445312e+02 1.335888519287109375e+02 1.136351928710937500e+02
1.269490203857421875e+02 1.335783691406250000e+02 1.138348617553710938e+02
1.269898452758789062e+02 1.335917816162109375e+02 1.140283279418945312e+02
1.270477218627929688e+02 1.336341400146484375e+02 1.142138137817382812e+02
1.271171798706054688e+02 1.336901702880859375e+02 1.143945388793945312e+02
1.271919631958007812e+02 1.337420501708984375e+02 1.145743560791015625e+02
1.272688903808593750e+02 1.337814178466796875e+02 1.147550659179687500e+02
1.273484954833984375e+02 1.338114013671875000e+02 1.149359741210937500e+02
1.274315185546875000e+02 1.338357696533203125e+02 1.151162490844726562e+02
1.275187072753906250e+02 1.338582916259765625e+02 1.152950439453125000e+02
1.276108093261718750e+02 1.338827362060546875e+02 1.154715270996093750e+02
1.277105484008789062e+02 1.339083404541015625e+02 1.156436538696289062e+02
1.278306655883789062e+02 1.339091186523437500e+02 1.158031539916992188e+02
1.279493865966796875e+02 1.339179382324218750e+02 1.159612731933593750e+02
1.280577239990234375e+02 1.339505157470703125e+02 1.161231918334960938e+02
1.281597900390625000e+02 1.340009918212890625e+02 1.162870254516601562e+02
1.282596588134765625e+02 1.340635223388671875e+02 1.164508743286132812e+02
1.283614349365234375e+02 1.341322937011718750e+02 1.166128540039062500e+02
1.284692230224609375e+02 1.342014312744140625e+02 1.167710647583007812e+02
1.285871124267578125e+02 1.342651214599609375e+02 1.169236221313476562e+02
1.287192077636718750e+02 1.343175048828125000e+02 1.170686264038085938e+02
1.288695983886718750e+02 1.343527526855468750e+02 1.172042007446289062e+02
1.290374908447265625e+02 1.343721008300781250e+02 1.173284988403320312e+02
1.292044982910156250e+02 1.344022216796875000e+02 1.174398880004882812e+02
1.293483428955078125e+02 1.344753875732421875e+02 1.175367889404296875e+02
1.294561614990234375e+02 1.346090850830078125e+02 1.176194458007812500e+02
1.295388488769531250e+02 1.347833557128906250e+02 1.176927871704101562e+02
1.296110534667968750e+02 1.349724121093750000e+02 1.177624511718750000e+02
1.296924438476562500e+02 1.351300048828125000e+02 1.178536911010742188e+02
1.297947540283203125e+02 1.352097473144531250e+02 1.180070343017578125e+02
1.298800964355468750e+02 1.353027038574218750e+02 1.181638488769531250e+02
1.299498596191406250e+02 1.354151458740234375e+02 1.183158111572265625e+02
1.300099639892578125e+02 1.355426788330078125e+02 1.184613723754882812e+02
1.300663757324218750e+02 1.356809692382812500e+02 1.185990219116210938e+02
1.301250152587890625e+02 1.358256225585937500e+02 1.187272262573242188e+02
1.301911315917968750e+02 1.359726562500000000e+02 1.188449630737304688e+02
1.302575378417968750e+02 1.361247406005859375e+02 1.189603424072265625e+02
1.303142852783203125e+02 1.362844085693359375e+02 1.190831527709960938e+02
1.303629760742187500e+02 1.364457702636718750e+02 1.192142562866210938e+02
1.304060668945312500e+02 1.366023101806640625e+02 1.193538208007812500e+02
1.304460754394531250e+02 1.367474975585937500e+02 1.195020217895507812e+02
1.304854583740234375e+02 1.368748016357421875e+02 1.196590194702148438e+02
1.305267028808593750e+02 1.369776916503906250e+02 1.198249816894531250e+02
1.305723114013671875e+02 1.370496215820312500e+02 1.200000915527343750e+02
1.306247406005859375e+02 1.370840911865234375e+02 1.201845016479492188e+02
1.306859741210937500e+02 1.370882415771484375e+02 1.203752746582031250e+02
1.307563018798828125e+02 1.371102905273437500e+02 1.205601882934570312e+02
1.308314819335937500e+02 1.371698150634765625e+02 1.207355499267578125e+02
1.309022369384765625e+02 1.372416534423828125e+02 1.209103393554687500e+02
1.309589538574218750e+02 1.372980194091796875e+02 1.210942916870117188e+02
1.309978179931640625e+02 1.373181762695312500e+02 1.212913055419921875e+02
1.310298614501953125e+02 1.372995605468750000e+02 1.214904022216796875e+02
1.310678100585937500e+02 1.372441864013671875e+02 1.216793136596679688e+02
1.311127471923828125e+02 1.371828308105468750e+02 1.218640899658203125e+02
1.311600189208984375e+02 1.371375274658203125e+02 1.220536041259765625e+02
1.312082214355468750e+02 1.371035614013671875e+02 1.222465438842773438e+02
1.312560577392578125e+02 1.370755920410156250e+02 1.224413223266601562e+02
1.313022308349609375e+02 1.370482177734375000e+02 1.226363677978515625e+02
1.313454437255859375e+02 1.370160827636718750e+02 1.228301010131835938e+02
1.313843688964843750e+02 1.369738006591796875e+02 1.230209274291992188e+02
1.314177398681640625e+02 1.369160003662109375e+02 1.232072753906250000e+02
1.314444732666015625e+02 1.368377532958984375e+02 1.233876647949218750e+02
1.314667663574218750e+02 1.367407379150390625e+02 1.235620956420898438e+02
1.314893035888671875e+02 1.366315460205078125e+02 1.237316894531250000e+02
1.315168609619140625e+02 1.365169525146484375e+02 1.238975830078125000e+02
1.315541839599609375e+02 1.364036865234375000e+02 1.240609359741210938e+02
1.316060028076171875e+02 1.362984924316406250e+02 1.242228775024414062e+02
1.316770935058593750e+02 1.362080993652343750e+02 1.243845672607421875e+02
1.317666625976562500e+02 1.361363372802734375e+02 1.245480346679687500e+02
1.318538970947265625e+02 1.360764312744140625e+02 1.247185134887695312e+02
1.319217834472656250e+02 1.360228271484375000e+02 1.248995285034179688e+02
1.319714050292968750e+02 1.359777832031250000e+02 1.250892715454101562e+02
1.320062103271484375e+02 1.359446258544921875e+02 1.252852325439453125e+02
1.320296478271484375e+02 1.359266052246093750e+02 1.254849243164062500e+02
1.320439147949218750e+02 1.359218750000000000e+02 1.256861267089843750e+02
1.320490417480468750e+02 1.359192199707031250e+02 1.258871765136718750e+02
1.320448150634765625e+02 1.359064788818359375e+02 1.260864257812500000e+02
1.320309295654296875e+02 1.358715515136718750e+02 1.262822647094726562e+02
1.319880676269531250e+02 1.358306121826171875e+02 1.264724044799804688e+02
1.319204711914062500e+02 1.358103179931640625e+02 1.266602554321289062e+02
1.318751983642578125e+02 1.357949066162109375e+02 1.268532333374023438e+02
1.318447723388671875e+02 1.357780456542968750e+02 1.270497817993164062e+02
1.318106842041015625e+02 1.357556152343750000e+02 1.272465515136718750e+02
1.317550354003906250e+02 1.357236175537109375e+02 1.274402923583984375e+02
1.316764526367187500e+02 1.356813964843750000e+02 1.276296768188476562e+02
1.315910186767578125e+02 1.356317901611328125e+02 1.278154602050781250e+02
1.315156402587890625e+02 1.355778045654296875e+02 1.279985046386718750e+02
1.314672546386718750e+02 1.355224609375000000e+02 1.281796569824218750e+02
1.314627532958984375e+02 1.354687500000000000e+02 1.283597869873046875e+02
1.315114898681640625e+02 1.354193572998046875e+02 1.285398864746093750e+02
1.315919189453125000e+02 1.353755035400390625e+02 1.287216339111328125e+02
1.316748352050781250e+02 1.353380279541015625e+02 1.289068450927734375e+02
1.317411041259765625e+02 1.353074035644531250e+02 1.290964508056640625e+02
1.317928314208984375e+02 1.352832031250000000e+02 1.292894287109375000e+02
1.318348083496093750e+02 1.352648773193359375e+02 1.294845733642578125e+02
1.318718261718750000e+02 1.352518768310546875e+02 1.296806488037109375e+02
1.319087066650390625e+02 1.352436981201171875e+02 1.298764190673828125e+02
1.319502410888671875e+02 1.352397766113281250e+02 1.300706634521484375e+02
1.320005187988281250e+02 1.352395629882812500e+02 1.302623291015625000e+02
1.320597686767578125e+02 1.352423858642578125e+02 1.304514007568359375e+02
1.321269073486328125e+02 1.352475585937500000e+02 1.306381835937500000e+02
1.322008819580078125e+02 1.352543792724609375e+02 1.308230285644531250e+02
1.322805938720703125e+02 1.352621612548828125e+02 1.310062255859375000e+02
1.323650054931640625e+02 1.352701873779296875e+02 1.311881103515625000e+02
1.324530029296875000e+02 1.352777709960937500e+02 1.313690032958984375e+02
1.325435333251953125e+02 1.352842102050781250e+02 1.315492095947265625e+02
1.326355285644531250e+02 1.352888031005859375e+02 1.317290649414062500e+02
1.327279052734375000e+02 1.352908630371093750e+02 1.319088745117187500e+02
1.328195953369140625e+02 1.352896881103515625e+02 1.320889739990234375e+02
1.329095306396484375e+02 1.352845764160156250e+02 1.322696685791015625e+02
1.329964599609375000e+02 1.352760925292968750e+02 1.324512481689453125e+02
1.330777282714843750e+02 1.352764282226562500e+02 1.326334838867187500e+02
1.331502380371093750e+02 1.353010711669921875e+02 1.328161468505859375e+02
1.332133483886718750e+02 1.353464202880859375e+02 1.330003967285156250e+02
1.332673950195312500e+02 1.354012145996093750e+02 1.331879730224609375e+02
1.333128662109375000e+02 1.354555053710937500e+02 1.333802642822265625e+02
1.333508453369140625e+02 1.355059509277343750e+02 1.335768737792968750e+02
1.333826599121093750e+02 1.355513153076171875e+02 1.337768249511718750e+02
1.334096069335937500e+02 1.355903625488281250e+02 1.339791870117187500e+02
1.334330139160156250e+02 1.356217956542968750e+02 1.341829986572265625e+02
1.334541778564453125e+02 1.356444091796875000e+02 1.343872833251953125e+02
1.334744110107421875e+02 1.356569213867187500e+02 1.345911102294921875e+02
1.334950256347656250e+02 1.356580963134765625e+02 1.347934875488281250e+02
1.335173339843750000e+02 1.356466674804687500e+02 1.349934844970703125e+02
1.335426330566406250e+02 1.356213836669921875e+02 1.351901397705078125e+02
1.335722503662109375e+02 1.355810089111328125e+02 1.353824920654296875e+02
1.336074829101562500e+02 1.355242919921875000e+02 1.355695800781250000e+02
1.336481323242187500e+02 1.354532775878906250e+02 1.357515411376953125e+02
1.336797332763671875e+02 1.354010314941406250e+02 1.359388275146484375e+02
1.337008209228515625e+02 1.353717498779296875e+02 1.361330566406250000e+02
1.337146911621093750e+02 1.353591308593750000e+02 1.363323974609375000e+02
1.337246551513671875e+02 1.353568420410156250e+02 1.365350952148437500e+02
1.337340393066406250e+02 1.353585357666015625e+02 1.367393188476562500e+02
1.337461547851562500e+02 1.353579101562500000e+02 1.369433135986328125e+02
1.337642974853515625e+02 1.353486175537109375e+02 1.371452484130859375e+02
1.337911376953125000e+02 1.353259887695312500e+02 1.373437042236328125e+02
1.338255157470703125e+02 1.352951354980468750e+02 1.375392150878906250e+02
1.338648529052734375e+02 1.352647399902343750e+02 1.377330932617187500e+02
1.339065704345703125e+02 1.352434844970703125e+02 1.379266204833984375e+02
1.339481048583984375e+02 1.352397003173828125e+02 1.381210479736328125e+02
1.339866027832031250e+02 1.352557678222656250e+02 1.383164978027343750e+02
1.340189666748046875e+02 1.352892761230468750e+02 1.385122528076171875e+02
1.340421600341796875e+02 1.353376159667968750e+02 1.387075347900390625e+02
1.340530853271484375e+02 1.353982086181640625e+02 1.389015502929687500e+02
1.340486602783203125e+02 1.354684600830078125e+02 1.390935668945312500e+02
1.340278778076171875e+02 1.355453033447265625e+02 1.392828369140625000e+02
1.340043945312500000e+02 1.356221923828125000e+02 1.394689636230468750e+02
1.339984588623046875e+02 1.356910705566406250e+02 1.396516876220703125e+02
1.340274505615234375e+02 1.357451019287109375e+02 1.398308563232421875e+02
1.340901184082031250e+02 1.357858428955078125e+02 1.400071563720703125e+02
1.341776275634765625e+02 1.358181457519531250e+02 1.401816253662109375e+02
1.342810974121093750e+02 1.358469543457031250e+02 1.403552703857421875e+02
1.343916625976562500e+02 1.358771667480468750e+02 1.405291137695312500e+02
1.345004730224609375e+02 1.359136810302734375e+02 1.407041778564453125e+02
1.345986633300781250e+02 1.359614257812500000e+02 1.408815002441406250e+02
1.346788177490234375e+02 1.360204467773437500e+02 1.410620727539062500e+02
1.347443847656250000e+02 1.360539093017578125e+02 1.412469940185546875e+02
1.348228454589843750e+02 1.360393829345703125e+02 1.414282073974609375e+02
1.349347991943359375e+02 1.360308837890625000e+02 1.416025085449218750e+02
1.350418548583984375e+02 1.360204162597656250e+02 1.417874603271484375e+02
1.351352081298828125e+02 1.360102233886718750e+02 1.419799957275390625e+02
1.352065429687500000e+02 1.360028228759765625e+02 1.421767120361328125e+02
1.352475585937500000e+02 1.360007171630859375e+02 1.423741912841796875e+02
1.352499542236328125e+02 1.360063934326171875e+02 1.425690155029296875e+02
1.352058258056640625e+02 1.360221862792968750e+02 1.427579040527343750e+02
1.351243438720703125e+02 1.360430297851562500e+02 1.429412689208984375e+02
1.350375366210937500e+02 1.360538940429687500e+02 1.431246643066406250e+02
1.349790191650390625e+02 1.360390930175781250e+02 1.433139038085937500e+02
1.349522399902343750e+02 1.359989929199218750e+02 1.435082855224609375e+02
1.348948364257812500e+02 1.359686126708984375e+02 1.436931915283203125e+02
1.348032989501953125e+02 1.359500579833984375e+02 1.438686065673828125e+02
1.346945037841796875e+02 1.359340820312500000e+02 1.440394592285156250e+02
1.345853118896484375e+02 1.359114685058593750e+02 1.442107086181640625e+02
1.344925994873046875e+02 1.358730010986328125e+02 1.443872833251953125e+02
1.344298553466796875e+02 1.358157958984375000e+02 1.445725097656250000e+02
1.344003448486328125e+02 1.357559356689453125e+02 1.447647552490234375e+02
1.344054260253906250e+02 1.357131042480468750e+02 1.449614715576171875e+02
1.344391021728515625e+02 1.356948394775390625e+02 1.451584777832031250e+02
1.344503479003906250e+02 1.356316680908203125e+02 1.453423004150390625e+02
1.344375610351562500e+02 1.355219421386718750e+02 1.455141143798828125e+02
1.344245758056640625e+02 1.354013519287109375e+02 1.456819610595703125e+02
1.344269714355468750e+02 1.352888031005859375e+02 1.458496551513671875e+02
1.344499206542968750e+02 1.351819763183593750e+02 1.460157775878906250e+02
1.344968566894531250e+02 1.350774841308593750e+02 1.461788482666015625e+02
1.345289154052734375e+02 1.349721984863281250e+02 1.463462982177734375e+02
1.345274200439453125e+02 1.348723907470703125e+02 1.465222473144531250e+02
1.345057983398437500e+02 1.347914886474609375e+02 1.467050170898437500e+02
1.344806060791015625e+02 1.347322082519531250e+02 1.468939056396484375e+02
1.344731903076171875e+02 1.346798248291015625e+02 1.470896301269531250e+02
1.344932403564453125e+02 1.346231994628906250e+02 1.472891387939453125e+02
1.345363159179687500e+02 1.345571746826171875e+02 1.474847564697265625e+02
1.345971374511718750e+02 1.344770202636718750e+02 1.476685943603515625e+02
1.346704711914062500e+02 1.343779449462890625e+02 1.478327026367187500e+02
1.347510681152343750e+02 1.342552032470703125e+02 1.479691772460937500e+02
1.348373413085937500e+02 1.341097564697265625e+02 1.480741424560546875e+02
1.349526672363281250e+02 1.339844818115234375e+02 1.481765136718750000e+02
1.350915069580078125e+02 1.338820037841796875e+02 1.482828521728515625e+02
1.352407836914062500e+02 1.337936553955078125e+02 1.483922882080078125e+02
1.353879089355468750e+02 1.337108917236328125e+02 1.485039215087890625e+02
1.355294952392578125e+02 1.336288604736328125e+02 1.486162719726562500e+02
1.356702117919921875e+02 1.335458526611328125e+02 1.487273559570312500e+02
1.358149871826171875e+02 1.334602966308593750e+02 1.488352203369140625e+02
1.359687347412109375e+02 1.333706207275390625e+02 1.489378509521484375e+02
1.361333465576171875e+02 1.332767944335937500e+02 1.490350646972656250e+02
1.363034973144531250e+02 1.331825561523437500e+02 1.491308441162109375e+02
1.364727325439453125e+02 1.330921936035156250e+02 1.492298431396484375e+02
1.366346435546875000e+02 1.330099792480468750e+02 1.493366699218750000e+02
1.367828063964843750e+02 1.329402160644531250e+02 1.494559631347656250e+02
1.369108123779296875e+02 1.328871612548828125e+02 1.495923461914062500e+02
1.370122222900390625e+02 1.328551177978515625e+02 1.497504730224609375e+02
1.370824890136718750e+02 1.328467102050781250e+02 1.499337310791015625e+02
1.371636810302734375e+02 1.328241119384765625e+02 1.501146697998046875e+02
1.372586212158203125e+02 1.327892913818359375e+02 1.502886352539062500e+02
1.373518524169921875e+02 1.327574005126953125e+02 1.504640045166015625e+02
1.374434051513671875e+02 1.327269592285156250e+02 1.506403503417968750e+02
1.375334625244140625e+02 1.326963195800781250e+02 1.508171691894531250e+02
1.376222229003906250e+02 1.326638336181640625e+02 1.509939422607421875e+02
1.377098388671875000e+02 1.326278991699218750e+02 1.511701812744140625e+02
1.377965240478515625e+02 1.325868377685546875e+02 1.513453826904296875e+02
1.378824462890625000e+02 1.325390319824218750e+02 1.515190124511718750e+02
1.379677886962890625e+02 1.324828338623046875e+02 1.516905822753906250e+02
1.380526733398437500e+02 1.324167633056640625e+02 1.518596343994140625e+02
1.381244049072265625e+02 1.323666534423828125e+02 1.520350189208984375e+02
1.381737976074218750e+02 1.323549804687500000e+02 1.522240142822265625e+02
1.382080841064453125e+02 1.323716583251953125e+02 1.524225921630859375e+02
1.382346343994140625e+02 1.324063568115234375e+02 1.526265563964843750e+02
1.382608032226562500e+02 1.324487152099609375e+02 1.528317718505859375e+02
1.382928619384765625e+02 1.324895172119140625e+02 1.530346221923828125e+02
1.383306274414062500e+02 1.325261077880859375e+02 1.532346191406250000e+02
1.383716430664062500e+02 1.325581970214843750e+02 1.534323577880859375e+02
1.384134826660156250e+02 1.325854644775390625e+02 1.536284332275390625e+02
1.384536895751953125e+02 1.326075897216796875e+02 1.538234405517578125e+02
1.384898376464843750e+02 1.326242523193359375e+02 1.540179901123046875e+02
1.385194396972656250e+02 1.326351623535156250e+02 1.542126922607421875e+02
1.385400848388671875e+02 1.326399841308593750e+02 1.544081420898437500e+02
1.385493164062500000e+02 1.326384277343750000e+02 1.546049346923828125e+02
1.385451965332031250e+02 1.326303253173828125e+02 1.548035888671875000e+02
1.385568542480468750e+02 1.326252288818359375e+02 1.549990692138671875e+02
1.385976867675781250e+02 1.326281280517578125e+02 1.551891784667968750e+02
1.386614837646484375e+02 1.326379547119140625e+02 1.553752593994140625e+02
1.387420501708984375e+02 1.326536102294921875e+02 1.555586395263671875e+02
1.388331298828125000e+02 1.326740570068359375e+02 1.557406616210937500e+02
1.389285278320312500e+02 1.326982269287109375e+02 1.559226684570312500e+02
1.390220184326171875e+02 1.327250213623046875e+02 1.561059875488281250e+02
1.391073608398437500e+02 1.327534027099609375e+02 1.562919464111328125e+02
1.391783752441406250e+02 1.327822875976562500e+02 1.564819030761718750e+02
1.392288055419921875e+02 1.328106079101562500e+02 1.566771850585937500e+02
1.392524566650390625e+02 1.328373107910156250e+02 1.568791198730468750e+02
1.392452545166015625e+02 1.328615875244140625e+02 1.570883483886718750e+02
1.392178192138671875e+02 1.328846588134765625e+02 1.573009643554687500e+02
1.391867218017578125e+02 1.329085235595703125e+02 1.575110778808593750e+02
1.391685943603515625e+02 1.329351654052734375e+02 1.577128753662109375e+02
1.391800384521484375e+02 1.329665985107421875e+02 1.579004974365234375e+02
1.392376708984375000e+02 1.330048217773437500e+02 1.580680847167968750e+02
1.393503723144531250e+02 1.330510711669921875e+02 1.582129974365234375e+02
1.394974975585937500e+02 1.331035308837890625e+02 1.583445892333984375e+02
1.396514282226562500e+02 1.331597290039062500e+02 1.584751281738281250e+02
1.397905578613281250e+02 1.332174987792968750e+02 1.586140289306640625e+02
1.399154510498046875e+02 1.332759857177734375e+02 1.587604064941406250e+02
1.400318298339843750e+02 1.333346557617187500e+02 1.589109039306640625e+02
1.401454010009765625e+02 1.333929290771484375e+02 1.590622253417968750e+02
1.402618713378906250e+02 1.334502716064453125e+02 1.592110290527343750e+02
1.403847503662109375e+02 1.335063781738281250e+02 1.593553161621093750e+02
1.405135192871093750e+02 1.335613861083984375e+02 1.594955291748046875e+02
1.406473083496093750e+02 1.336155090332031250e+02 1.596322937011718750e+02
1.407851715087890625e+02 1.336688995361328125e+02 1.597662963867187500e+02
1.409262084960937500e+02 1.337218017578125000e+02 1.598982086181640625e+02
1.410695037841796875e+02 1.337743682861328125e+02 1.600286712646484375e+02
1.412141265869140625e+02 1.338268127441406250e+02 1.601583709716796875e+02
1.413591918945312500e+02 1.338793182373046875e+02 1.602879638671875000e+02
1.415037536621093750e+02 1.339320983886718750e+02 1.604181213378906250e+02
1.416469116210937500e+02 1.339853210449218750e+02 1.605495147705078125e+02
1.417877502441406250e+02 1.340391998291015625e+02 1.606827850341796875e+02
1.419253540039062500e+02 1.340939178466796875e+02 1.608186187744140625e+02
1.420587921142578125e+02 1.341496734619140625e+02 1.609576721191406250e+02
1.421871795654296875e+02 1.342066497802734375e+02 1.611006164550781250e+02
1.423102569580078125e+02 1.342486724853515625e+02 1.612493438720703125e+02
1.424263153076171875e+02 1.341977233886718750e+02 1.614117584228515625e+02
1.425209197998046875e+02 1.341304016113281250e+02 1.615867919921875000e+02
1.425791015625000000e+02 1.341455230712890625e+02 1.617715911865234375e+02
1.426192169189453125e+02 1.341866455078125000e+02 1.619651794433593750e+02
1.426501159667968750e+02 1.341925506591796875e+02 1.621637878417968750e+02
1.426623840332031250e+02 1.341703338623046875e+02 1.623618164062500000e+02
1.426578521728515625e+02 1.341303710937500000e+02 1.625577239990234375e+02
1.426474914550781250e+02 1.340856018066406250e+02 1.627532196044921875e+02
1.426416168212890625e+02 1.340478363037109375e+02 1.629499359130859375e+02
1.426426239013671875e+02 1.340180358886718750e+02 1.631478881835937500e+02
1.426488189697265625e+02 1.339914703369140625e+02 1.633462677001953125e+02
1.426584320068359375e+02 1.339633636474609375e+02 1.635442657470703125e+02
1.426697235107421875e+02 1.339289550781250000e+02 1.637410583496093750e+02
1.426809539794921875e+02 1.338834686279296875e+02 1.639358215332031250e+02
1.426892395019531250e+02 1.338244323730468750e+02 1.641280059814453125e+02
1.426845855712890625e+02 1.337636413574218750e+02 1.643187255859375000e+02
1.426549377441406250e+02 1.337179565429687500e+02 1.645096435546875000e+02
1.426005554199218750e+02 1.336934814453125000e+02 1.647009124755859375e+02
1.425323791503906250e+02 1.336871337890625000e+02 1.648913116455078125e+02
1.424595642089843750e+02 1.336926574707031250e+02 1.650790863037109375e+02
1.423720550537109375e+02 1.336786499023437500e+02 1.652576751708984375e+02
1.422739410400390625e+02 1.336257934570312500e+02 1.654233703613281250e+02
1.421966094970703125e+02 1.335522003173828125e+02 1.655826721191406250e+02
1.421251678466796875e+02 1.334546508789062500e+02 1.657449493408203125e+02
1.420364837646484375e+02 1.333259277343750000e+02 1.659189453125000000e+02
1.419283599853515625e+02 1.331726989746093750e+02 1.661007080078125000e+02
1.418126983642578125e+02 1.330110168457031250e+02 1.662777404785156250e+02
1.417016143798828125e+02 1.328570556640625000e+02 1.664374389648437500e+02
1.416072387695312500e+02 1.327270355224609375e+02 1.665671386718750000e+02
1.415417175292968750e+02 1.326371459960937500e+02 1.666542358398437500e+02
1.415171813964843750e+02 1.326035766601562500e+02 1.666860656738281250e+02
