1.286756439208984375e+02 1.327157287597656250e+02 1.096470489501953125e+02
1.286891326904296875e+02 1.326633605957031250e+02 1.097217712402343750e+02
1.287234039306640625e+02 1.325422668457031250e+02 1.099058074951171875e+02
1.287692260742187500e+02 1.324064025878906250e+02 1.101389694213867188e+02
1.288179931640625000e+02 1.323033752441406250e+02 1.103672561645507812e+02
1.288656463623046875e+02 1.322386627197265625e+02 1.105777282714843750e+02
1.289099426269531250e+02 1.322006072998046875e+02 1.107741012573242188e+02
1.289486389160156250e+02 1.321774902343750000e+02 1.109601287841796875e+02
1.289795227050781250e+02 1.321576385498046875e+02 1.111395874023437500e+02
1.290003204345703125e+02 1.321293182373046875e+02 1.113162460327148438e+02
1.290088195800781250e+02 1.320808410644531250e+02 1.114938583374023438e+02
1.290034790039062500e+02 1.320054473876953125e+02 1.116760787963867188e+02
1.289896545410156250e+02 1.319443969726562500e+02 1.118652725219726562e+02
1.289724273681640625e+02 1.319331207275390625e+02 1.120610275268554688e+02
1.289510955810546875e+02 1.319613189697265625e+02 1.122600860595703125e+02
1.289245452880859375e+02 1.320153198242187500e+02 1.124589691162109375e+02
1.288916625976562500e+02 1.320814819335937500e+02 1.126542053222656250e+02
1.288520812988281250e+02 1.321485900878906250e+02 1.128434143066406250e+02
1.288080139160156250e+02 1.322140655517578125e+02 1.130280151367187500e+02
1.287622833251953125e+02 1.322772674560546875e+02 1.132103042602539062e+02
1.287176971435546875e+02 1.323375396728515625e+02 1.133925704956054688e+02
1.286770629882812500e+02 1.323942413330078125e+02 1.135770797729492188e+02
1.286431732177734375e+02 1.324467163085937500e+02 1.137661361694335938e+02
1.286188659667968750e+02 1.324943084716796875e+02 1.139620132446289062e+02
1.286066284179687500e+02 1.325366058349609375e+02 1.141666641235351562e+02
1.286057891845703125e+02 1.325756378173828125e+02 1.143784179687500000e+02
1.286136322021484375e+02 1.326150054931640625e+02 1.145933380126953125e+02
1.286274566650390625e+02 1.326583099365234375e+02 1.148074569702148438e+02
1.286445312500000000e+02 1.327091522216796875e+02 1.150167922973632812e+02
1.286621398925781250e+02 1.327711486816406250e+02 1.152173843383789062e+02
1.286775512695312500e+02 1.328479003906250000e+02 1.154052581787109375e+02
1.286880493164062500e+02 1.329430084228515625e+02 1.155764465332031250e+02
1.286909027099609375e+02 1.330601043701171875e+02 1.157269821166992188e+02
1.286834106445312500e+02 1.332027587890625000e+02 1.158528900146484375e+02
1.286638793945312500e+02 1.333724975585937500e+02 1.159523239135742188e+02
1.286553802490234375e+02 1.335536956787109375e+02 1.160359649658203125e+02
1.286800689697265625e+02 1.337434539794921875e+02 1.161022796630859375e+02
1.287716369628906250e+02 1.339029693603515625e+02 1.161758956909179688e+02
1.288639221191406250e+02 1.340416870117187500e+02 1.162815170288085938e+02
1.289227905273437500e+02 1.341735534667968750e+02 1.164186401367187500e+02
1.289582214355468750e+02 1.342968597412109375e+02 1.165788803100585938e+02
1.289801635742187500e+02 1.344099121093750000e+02 1.167538757324218750e+02
1.289985504150390625e+02 1.345110168457031250e+02 1.169352645874023438e+02
1.290181884765625000e+02 1.346003570556640625e+02 1.171169738769531250e+02
1.290319671630859375e+02 1.346825256347656250e+02 1.172982025146484375e+02
1.290311431884765625e+02 1.347626800537109375e+02 1.174788970947265625e+02
1.290084991455078125e+02 1.348449249267578125e+02 1.176592330932617188e+02
1.289747314453125000e+02 1.349205017089843750e+02 1.178424453735351562e+02
1.289518890380859375e+02 1.349728393554687500e+02 1.180335922241210938e+02
1.289339904785156250e+02 1.350236358642578125e+02 1.182278823852539062e+02
1.289118499755859375e+02 1.351005706787109375e+02 1.184139099121093750e+02
1.288956604003906250e+02 1.352058868408203125e+02 1.185842437744140625e+02
1.288932952880859375e+02 1.353385162353515625e+02 1.187344207763671875e+02
1.288955688476562500e+02 1.354749298095703125e+02 1.188808975219726562e+02
1.288874969482421875e+02 1.355841979980468750e+02 1.190471878051757812e+02
1.288698120117187500e+02 1.356593933105468750e+02 1.192366714477539062e+02
1.288527679443359375e+02 1.357081298828125000e+02 1.194404678344726562e+02
1.288467254638671875e+02 1.357382965087890625e+02 1.196495513916015625e+02
1.288620910644531250e+02 1.357577209472656250e+02 1.198548660278320312e+02
1.289092407226562500e+02 1.357742614746093750e+02 1.200473785400390625e+02
1.289978637695312500e+02 1.357956390380859375e+02 1.202184906005859375e+02
1.291223754882812500e+02 1.358267974853515625e+02 1.203693466186523438e+02
1.292625427246093750e+02 1.358700256347656250e+02 1.205104522705078125e+02
1.293975219726562500e+02 1.359274597167968750e+02 1.206526870727539062e+02
1.295117950439453125e+02 1.359967498779296875e+02 1.208035278320312500e+02
1.296431732177734375e+02 1.360319519042968750e+02 1.209369888305664062e+02
1.298029785156250000e+02 1.360202331542968750e+02 1.210468215942382812e+02
1.299792938232421875e+02 1.359721527099609375e+02 1.211425704956054688e+02
1.301601867675781250e+02 1.358982391357421875e+02 1.212337799072265625e+02
1.303337249755859375e+02 1.358090515136718750e+02 1.213300094604492188e+02
1.304879608154296875e+02 1.357151489257812500e+02 1.214408111572265625e+02
1.306114501953125000e+02 1.356272583007812500e+02 1.215754318237304688e+02
1.307335357666015625e+02 1.355683593750000000e+02 1.217173004150390625e+02
1.308753814697265625e+02 1.355459899902343750e+02 1.218526382446289062e+02
1.310307769775390625e+02 1.355542297363281250e+02 1.219839935302734375e+02
1.311935119628906250e+02 1.355871124267578125e+02 1.221139678955078125e+02
1.313573760986328125e+02 1.356387481689453125e+02 1.222451171875000000e+02
1.315161132812500000e+02 1.357031555175781250e+02 1.223800201416015625e+02
1.316635589599609375e+02 1.357744293212890625e+02 1.225212478637695312e+02
1.317934570312500000e+02 1.358466339111328125e+02 1.226713867187500000e+02
1.318996124267578125e+02 1.359138031005859375e+02 1.228330078125000000e+02
1.319757843017578125e+02 1.359700317382812500e+02 1.230086746215820312e+02
1.320248870849609375e+02 1.360097351074218750e+02 1.231970138549804688e+02
1.320944824218750000e+02 1.360120086669921875e+02 1.233792190551757812e+02
1.321854248046875000e+02 1.359822235107421875e+02 1.235549774169921875e+02
1.322888336181640625e+02 1.359356536865234375e+02 1.237272720336914062e+02
1.323958129882812500e+02 1.358875122070312500e+02 1.238991165161132812e+02
1.324974670410156250e+02 1.358530578613281250e+02 1.240735092163085938e+02
1.325848999023437500e+02 1.358475341796875000e+02 1.242534408569335938e+02
1.326431884765625000e+02 1.358596343994140625e+02 1.244421310424804688e+02
1.326698455810546875e+02 1.358609313964843750e+02 1.246391296386718750e+02
1.326815338134765625e+02 1.358592529296875000e+02 1.248411178588867188e+02
1.326951293945312500e+02 1.358628082275390625e+02 1.250447540283203125e+02
1.327236480712890625e+02 1.358776550292968750e+02 1.252472305297851562e+02
1.327644195556640625e+02 1.359009246826171875e+02 1.254479370117187500e+02
1.328106994628906250e+02 1.359274291992187500e+02 1.256468353271484375e+02
1.328557434082031250e+02 1.359519653320312500e+02 1.258438568115234375e+02
1.328928070068359375e+02 1.359693603515625000e+02 1.260389709472656250e+02
1.329151611328125000e+02 1.359744110107421875e+02 1.262321243286132812e+02
1.329160308837890625e+02 1.359619598388671875e+02 1.264232635498046875e+02
1.328909606933593750e+02 1.359297485351562500e+02 1.266126556396484375e+02
1.328436889648437500e+02 1.358861846923828125e+02 1.268017196655273438e+02
1.327798461914062500e+02 1.358421020507812500e+02 1.269921112060546875e+02
1.327050018310546875e+02 1.358078002929687500e+02 1.271853637695312500e+02
1.326241760253906250e+02 1.357837066650390625e+02 1.273806457519531250e+02
1.325418701171875000e+02 1.357618103027343750e+02 1.275751037597656250e+02
1.324625854492187500e+02 1.357338256835937500e+02 1.277658081054687500e+02
1.323908233642578125e+02 1.356914520263671875e+02 1.279498367309570312e+02
1.323310699462890625e+02 1.356264343261718750e+02 1.281242675781250000e+02
1.322878265380859375e+02 1.355304412841796875e+02 1.282861633300781250e+02
1.322911529541015625e+02 1.354254760742187500e+02 1.284467620849609375e+02
1.323495635986328125e+02 1.353517761230468750e+02 1.286247100830078125e+02
1.324042358398437500e+02 1.352622222900390625e+02 1.287991027832031250e+02
1.324536895751953125e+02 1.351595153808593750e+02 1.289704284667968750e+02
1.324964141845703125e+02 1.350463256835937500e+02 1.291391754150390625e+02
1.325309448242187500e+02 1.349253845214843750e+02 1.293058319091796875e+02
1.325557556152343750e+02 1.347993774414062500e+02 1.294708862304687500e+02
1.325693664550781250e+02 1.346709899902343750e+02 1.296348571777343750e+02
1.325702667236328125e+02 1.345429382324218750e+02 1.297982025146484375e+02
1.325569763183593750e+02 1.344179229736328125e+02 1.299614257812500000e+02
1.325279998779296875e+02 1.342986145019531250e+02 1.301250152587890625e+02
1.324818420410156250e+02 1.341877288818359375e+02 1.302894744873046875e+02
1.324169921875000000e+02 1.340879669189453125e+02 1.304552917480468750e+02
1.323320159912109375e+02 1.340020751953125000e+02 1.306229553222656250e+02
1.322420806884765625e+02 1.339548492431640625e+02 1.307959136962890625e+02
1.321956481933593750e+02 1.340002136230468750e+02 1.309825744628906250e+02
1.321979522705078125e+02 1.340518646240234375e+02 1.311785278320312500e+02
1.322242736816406250e+02 1.340332794189453125e+02 1.313763580322265625e+02
1.322229766845703125e+02 1.340300903320312500e+02 1.315740356445312500e+02
1.321959228515625000e+02 1.340625152587890625e+02 1.317707824707031250e+02
1.321661834716796875e+02 1.341162414550781250e+02 1.319659271240234375e+02
1.321567687988281250e+02 1.341769409179687500e+02 1.321587829589843750e+02
1.321779174804687500e+02 1.342365264892578125e+02 1.323487396240234375e+02
1.322120056152343750e+02 1.343004608154296875e+02 1.325354461669921875e+02
1.322388916015625000e+02 1.343755035400390625e+02 1.327185974121093750e+02
1.322544555664062500e+02 1.344617614746093750e+02 1.328985595703125000e+02
1.322660675048828125e+02 1.345545349121093750e+02 1.330762329101562500e+02
1.322813262939453125e+02 1.346490478515625000e+02 1.332524871826171875e+02
1.323078765869140625e+02 1.347404785156250000e+02 1.334282379150390625e+02
1.323463134765625000e+02 1.348221435546875000e+02 1.336065673828125000e+02
1.323655242919921875e+02 1.348854675292968750e+02 1.337957763671875000e+02
1.323608703613281250e+02 1.349384765625000000e+02 1.339897308349609375e+02
1.323394775390625000e+02 1.349848785400390625e+02 1.341854095458984375e+02
1.323116149902343750e+02 1.350254974365234375e+02 1.343821105957031250e+02
1.322874908447265625e+02 1.350612030029296875e+02 1.345791015625000000e+02
1.322774047851562500e+02 1.350928192138671875e+02 1.347757110595703125e+02
1.322915649414062500e+02 1.351211853027343750e+02 1.349711914062500000e+02
1.323376312255859375e+02 1.351520233154296875e+02 1.351632537841796875e+02
1.324047698974609375e+02 1.352173004150390625e+02 1.353410949707031250e+02
1.324690704345703125e+02 1.352937774658203125e+02 1.355148468017578125e+02
1.325070495605468750e+02 1.353248748779296875e+02 1.357063293457031250e+02
1.325335998535156250e+02 1.353199310302734375e+02 1.359067077636718750e+02
1.325655059814453125e+02 1.353032684326171875e+02 1.361040496826171875e+02
1.326021423339843750e+02 1.352791442871093750e+02 1.362989044189453125e+02
1.326424255371093750e+02 1.352512207031250000e+02 1.364922180175781250e+02
1.326852569580078125e+02 1.352231292724609375e+02 1.366849365234375000e+02
1.327295532226562500e+02 1.351985473632812500e+02 1.368779907226562500e+02
1.327742004394531250e+02 1.351810913085937500e+02 1.370723571777343750e+02
1.328181152343750000e+02 1.351744537353515625e+02 1.372689361572265625e+02
1.328603668212890625e+02 1.351813049316406250e+02 1.374684600830078125e+02
1.329011077880859375e+02 1.351985168457031250e+02 1.376701354980468750e+02
1.329408874511718750e+02 1.352207641601562500e+02 1.378726654052734375e+02
1.329802551269531250e+02 1.352427215576171875e+02 1.380746917724609375e+02
1.330197296142578125e+02 1.352590789794921875e+02 1.382749176025390625e+02
1.330598907470703125e+02 1.352644805908203125e+02 1.384720153808593750e+02
1.331012573242187500e+02 1.352536163330078125e+02 1.386646575927734375e+02
1.331443939208984375e+02 1.352211761474609375e+02 1.388515319824218750e+02
1.331898498535156250e+02 1.351618194580078125e+02 1.390312957763671875e+02
1.332362213134765625e+02 1.350725555419921875e+02 1.392029418945312500e+02
1.332735595703125000e+02 1.349608001708984375e+02 1.393666839599609375e+02
1.332939910888671875e+02 1.348356933593750000e+02 1.395233306884765625e+02
1.333042449951171875e+02 1.347023315429687500e+02 1.396743164062500000e+02
1.333140869140625000e+02 1.345650329589843750e+02 1.398211669921875000e+02
1.333332214355468750e+02 1.344281005859375000e+02 1.399654541015625000e+02
1.333713989257812500e+02 1.342958374023437500e+02 1.401087341308593750e+02
1.334346771240234375e+02 1.341781463623046875e+02 1.402562866210937500e+02
1.334929046630859375e+02 1.340899963378906250e+02 1.404256134033203125e+02
1.335471343994140625e+02 1.340246429443359375e+02 1.406099090576171875e+02
1.336064147949218750e+02 1.339743652343750000e+02 1.407990722656250000e+02
1.336734771728515625e+02 1.339320068359375000e+02 1.409872741699218750e+02
1.337444305419921875e+02 1.338908843994140625e+02 1.411733093261718750e+02
1.338150787353515625e+02 1.338443756103515625e+02 1.413561248779296875e+02
1.338811950683593750e+02 1.337858276367187500e+02 1.415347137451171875e+02
1.339385833740234375e+02 1.337086181640625000e+02 1.417080383300781250e+02
1.339830474853515625e+02 1.336060943603515625e+02 1.418750762939453125e+02
1.340204925537109375e+02 1.334886474609375000e+02 1.420375823974609375e+02
1.340922546386718750e+02 1.334253692626953125e+02 1.422067108154296875e+02
1.342060546875000000e+02 1.334097595214843750e+02 1.423738708496093750e+02
1.343377685546875000e+02 1.333808441162109375e+02 1.425212097167968750e+02
1.344830169677734375e+02 1.333382568359375000e+02 1.426511535644531250e+02
1.346389770507812500e+02 1.332860107421875000e+02 1.427675170898437500e+02
1.348027801513671875e+02 1.332280883789062500e+02 1.428741455078125000e+02
1.349715728759765625e+02 1.331685028076171875e+02 1.429748840332031250e+02
1.351425018310546875e+02 1.331112670898437500e+02 1.430735473632812500e+02
1.353127288818359375e+02 1.330603485107421875e+02 1.431739807128906250e+02
1.354793701171875000e+02 1.330197906494140625e+02 1.432800140380859375e+02
1.356395874023437500e+02 1.329935607910156250e+02 1.433954772949218750e+02
1.357905426025390625e+02 1.329856719970703125e+02 1.435242309570312500e+02
1.359282836914062500e+02 1.330044403076171875e+02 1.436679840087890625e+02
1.360478057861328125e+02 1.330642852783203125e+02 1.438207702636718750e+02
1.361557312011718750e+02 1.331378173828125000e+02 1.439789428710937500e+02
1.362618408203125000e+02 1.331864624023437500e+02 1.441399536132812500e+02
1.363750152587890625e+02 1.331769104003906250e+02 1.443012847900390625e+02
1.364855499267578125e+02 1.331578216552734375e+02 1.444665222167968750e+02
1.365897216796875000e+02 1.331429748535156250e+02 1.446371154785156250e+02
1.366912994384765625e+02 1.331206207275390625e+02 1.448096923828125000e+02
1.367899932861328125e+02 1.330891571044921875e+02 1.449836273193359375e+02
1.368844757080078125e+02 1.330496673583984375e+02 1.451590270996093750e+02
1.369733886718750000e+02 1.330032958984375000e+02 1.453359832763671875e+02
1.370553588867187500e+02 1.329511413574218750e+02 1.455146331787109375e+02
1.371290435791015625e+02 1.328943176269531250e+02 1.456950531005859375e+02
1.371930847167968750e+02 1.328339385986328125e+02 1.458773651123046875e+02
1.372461242675781250e+02 1.327711334228515625e+02 1.460616607666015625e+02
1.372868194580078125e+02 1.327070007324218750e+02 1.462480773925781250e+02
1.373138122558593750e+02 1.326426696777343750e+02 1.464366912841796875e+02
1.373262481689453125e+02 1.325795288085937500e+02 1.466275787353515625e+02
1.373335723876953125e+02 1.325247192382812500e+02 1.468199157714843750e+02
1.373535461425781250e+02 1.324899139404296875e+02 1.470121307373046875e+02
1.373915405273437500e+02 1.324785461425781250e+02 1.472032318115234375e+02
1.374450988769531250e+02 1.324889068603515625e+02 1.473926086425781250e+02
1.375116729736328125e+02 1.325192260742187500e+02 1.475796356201171875e+02
1.375886840820312500e+02 1.325676727294921875e+02 1.477637023925781250e+02
1.376735687255859375e+02 1.326324920654296875e+02 1.479441833496093750e+02
1.377637634277343750e+02 1.327118530273437500e+02 1.481204833984375000e+02
1.378567047119140625e+02 1.328039855957031250e+02 1.482919616699218750e+02
1.379498138427734375e+02 1.329071044921875000e+02 1.484580078125000000e+02
1.380405426025390625e+02 1.330193939208984375e+02 1.486180267333984375e+02
1.381263122558593750e+02 1.331390838623046875e+02 1.487713775634765625e+02
1.382045745849609375e+02 1.332643585205078125e+02 1.489174652099609375e+02
1.382736968994140625e+02 1.333928985595703125e+02 1.490567169189453125e+02
1.383380737304687500e+02 1.335190429687500000e+02 1.491959228515625000e+02
1.384022521972656250e+02 1.336379547119140625e+02 1.493415679931640625e+02
1.384663543701171875e+02 1.337494659423828125e+02 1.494939117431640625e+02
1.385298309326171875e+02 1.338540344238281250e+02 1.496523437500000000e+02
1.385921325683593750e+02 1.339521179199218750e+02 1.498162689208984375e+02
1.386527557373046875e+02 1.340442199707031250e+02 1.499850769042968750e+02
1.387111358642578125e+02 1.341307830810546875e+02 1.501581726074218750e+02
1.387667541503906250e+02 1.342122955322265625e+02 1.503349456787109375e+02
1.388190612792968750e+02 1.342892150878906250e+02 1.505148010253906250e+02
1.388675384521484375e+02 1.343619995117187500e+02 1.506971282958984375e+02
1.389117126464843750e+02 1.344311370849609375e+02 1.508813781738281250e+02
1.389515991210937500e+02 1.344970855712890625e+02 1.510672454833984375e+02
1.389873352050781250e+02 1.345602874755859375e+02 1.512545166015625000e+02
1.390191040039062500e+02 1.346212158203125000e+02 1.514429779052734375e+02
1.390470428466796875e+02 1.346802825927734375e+02 1.516324005126953125e+02
1.390713195800781250e+02 1.347379913330078125e+02 1.518225860595703125e+02
1.390921020507812500e+02 1.347947692871093750e+02 1.520133209228515625e+02
1.391095275878906250e+02 1.348510742187500000e+02 1.522043914794921875e+02
1.391237792968750000e+02 1.349073486328125000e+02 1.523955688476562500e+02
1.391349945068359375e+02 1.349640655517578125e+02 1.525866546630859375e+02
1.391426849365234375e+02 1.350215911865234375e+02 1.527775421142578125e+02
1.391256713867187500e+02 1.350782165527343750e+02 1.529712982177734375e+02
1.391332702636718750e+02 1.351457519531250000e+02 1.531497192382812500e+02
1.392120971679687500e+02 1.352306671142578125e+02 1.532993469238281250e+02
1.393433532714843750e+02 1.353228607177734375e+02 1.534282836914062500e+02
1.395046386718750000e+02 1.354112701416015625e+02 1.535458068847656250e+02
1.396735229492187500e+02 1.354848632812500000e+02 1.536612091064453125e+02
1.398295135498046875e+02 1.355338745117187500e+02 1.537828826904296875e+02
1.399832611083984375e+02 1.355702056884765625e+02 1.539050292968750000e+02
1.401382598876953125e+02 1.356040344238281250e+02 1.540272979736328125e+02
1.402894897460937500e+02 1.356400451660156250e+02 1.541537170410156250e+02
1.404365081787109375e+02 1.356788482666015625e+02 1.542842102050781250e+02
1.405831756591796875e+02 1.357171630859375000e+02 1.544148559570312500e+02
1.407335510253906250e+02 1.357516021728515625e+02 1.545415649414062500e+02
1.408908996582031250e+02 1.357794342041015625e+02 1.546610870361328125e+02
1.410525207519531250e+02 1.358032684326171875e+02 1.547764587402343750e+02
1.412128753662109375e+02 1.358282470703125000e+02 1.548937530517578125e+02
1.413664703369140625e+02 1.358594055175781250e+02 1.550189056396484375e+02
1.415099487304687500e+02 1.358993072509765625e+02 1.551548767089843750e+02
1.416427612304687500e+02 1.359472045898437500e+02 1.553006591796875000e+02
1.417644805908203125e+02 1.360021667480468750e+02 1.554550628662109375e+02
1.418747100830078125e+02 1.360632934570312500e+02 1.556168365478515625e+02
1.419730377197265625e+02 1.361296234130859375e+02 1.557847900390625000e+02
1.420590667724609375e+02 1.362002563476562500e+02 1.559576873779296875e+02
1.421323852539062500e+02 1.362742462158203125e+02 1.561343231201171875e+02
1.421925964355468750e+02 1.363506774902343750e+02 1.563134460449218750e+02
1.422392883300781250e+02 1.364286193847656250e+02 1.564938812255859375e+02
1.422743072509765625e+02 1.365073394775390625e+02 1.566744842529296875e+02
1.423057098388671875e+02 1.365908966064453125e+02 1.568539886474609375e+02
1.423300476074218750e+02 1.366757202148437500e+02 1.570341033935546875e+02
1.423446655273437500e+02 1.367473754882812500e+02 1.572196502685546875e+02
1.423478393554687500e+02 1.367963256835937500e+02 1.574134063720703125e+02
1.423403930664062500e+02 1.368282012939453125e+02 1.576116485595703125e+02
1.423294677734375000e+02 1.368550567626953125e+02 1.578097076416015625e+02
1.423335723876953125e+02 1.368950500488281250e+02 1.580039520263671875e+02
1.423561401367187500e+02 1.369489440917968750e+02 1.581945800781250000e+02
1.423917388916015625e+02 1.370077209472656250e+02 1.583837738037109375e+02
1.424348144531250000e+02 1.370622711181640625e+02 1.585737304687500000e+02
1.424800262451171875e+02 1.371047515869140625e+02 1.587663574218750000e+02
1.425229949951171875e+02 1.371353454589843750e+02 1.589616699218750000e+02
1.425597534179687500e+02 1.371575775146484375e+02 1.591588439941406250e+02
1.425863800048828125e+02 1.371749267578125000e+02 1.593570861816406250e+02
1.425988922119140625e+02 1.371908874511718750e+02 1.595555877685546875e+02
1.425933380126953125e+02 1.372089843750000000e+02 1.597535858154296875e+02
1.425676116943359375e+02 1.372307128906250000e+02 1.599503326416015625e+02
1.425246429443359375e+02 1.372521209716796875e+02 1.601453552246093750e+02
1.424682159423828125e+02 1.372682800292968750e+02 1.603381805419921875e+02
1.424013824462890625e+02 1.372743377685546875e+02 1.605280609130859375e+02
1.423268585205078125e+02 1.372655181884765625e+02 1.607140502929687500e+02
1.422473144531250000e+02 1.372369995117187500e+02 1.608952636718750000e+02
1.421579589843750000e+02 1.372117004394531250e+02 1.610709228515625000e+02
1.420525970458984375e+02 1.372121124267578125e+02 1.612402801513671875e+02
1.419329223632812500e+02 1.372285003662109375e+02 1.614023895263671875e+02
1.418006744384765625e+02 1.372509918212890625e+02 1.615562744140625000e+02
1.416575469970703125e+02 1.372697601318359375e+02 1.617009887695312500e+02
1.415055541992187500e+02 1.372768249511718750e+02 1.618356323242187500e+02
1.413518371582031250e+02 1.372970886230468750e+02 1.619602813720703125e+02
1.412054748535156250e+02 1.373644256591796875e+02 1.620784149169921875e+02
1.410639495849609375e+02 1.374253845214843750e+02 1.622052459716796875e+02
1.409261627197265625e+02 1.374461669921875000e+02 1.623494415283203125e+02
1.407999725341796875e+02 1.374809265136718750e+02 1.625001831054687500e+02
1.406829223632812500e+02 1.375429534912109375e+02 1.626505737304687500e+02
1.405654296875000000e+02 1.375998382568359375e+02 1.628017578125000000e+02
1.404478149414062500e+02 1.376554412841796875e+02 1.629528656005859375e+02
1.403258056640625000e+02 1.377113647460937500e+02 1.631005096435546875e+02
1.401950225830078125e+02 1.377691192626953125e+02 1.632413635253906250e+02
1.400512084960937500e+02 1.378301696777343750e+02 1.633720550537109375e+02
1.398947143554687500e+02 1.378926239013671875e+02 1.634916229248046875e+02
1.397331695556640625e+02 1.379493255615234375e+02 1.636027679443359375e+02
1.395749053955078125e+02 1.379926147460937500e+02 1.637085571289062500e+02
1.394266357421875000e+02 1.380162658691406250e+02 1.638135375976562500e+02
1.392679748535156250e+02 1.380385437011718750e+02 1.639481964111328125e+02
1.390849456787109375e+02 1.380834960937500000e+02 1.641305236816406250e+02
1.389909667968750000e+02 1.381112518310546875e+02 1.642295074462890625e+02
