2.188618927001953125e+02 2.186051177978515625e+02 2.417836303710937500e+02
2.189847259521484375e+02 2.185661773681640625e+02 2.417138977050781250e+02
2.192127838134765625e+02 2.184974060058593750e+02 2.415716094970703125e+02
2.194110565185546875e+02 2.184444274902343750e+02 2.414217376708984375e+02
2.195726318359375000e+02 2.184081573486328125e+02 2.412692718505859375e+02
2.197028503417968750e+02 2.183852233886718750e+02 2.411134490966796875e+02
2.198070526123046875e+02 2.183722381591796875e+02 2.409535217285156250e+02
2.198905639648437500e+02 2.183658599853515625e+02 2.407887420654296875e+02
2.199587402343750000e+02 2.183626708984375000e+02 2.406183471679687500e+02
2.200169219970703125e+02 2.183593139648437500e+02 2.404416046142578125e+02
2.200702056884765625e+02 2.183525543212890625e+02 2.402578277587890625e+02
2.201201324462890625e+02 2.183409729003906250e+02 2.400676269531250000e+02
2.201654357910156250e+02 2.183246765136718750e+02 2.398725585937500000e+02
2.202047424316406250e+02 2.183037872314453125e+02 2.396742248535156250e+02
2.202367095947265625e+02 2.182784271240234375e+02 2.394742431640625000e+02
2.202599639892578125e+02 2.182487487792968750e+02 2.392742156982421875e+02
2.202731475830078125e+02 2.182148742675781250e+02 2.390757446289062500e+02
2.202796630859375000e+02 2.181803283691406250e+02 2.388780822753906250e+02
2.202876892089843750e+02 2.181509399414062500e+02 2.386782073974609375e+02
2.202983551025390625e+02 2.181266937255859375e+02 2.384767150878906250e+02
2.203126068115234375e+02 2.181073608398437500e+02 2.382742767333984375e+02
2.203313903808593750e+02 2.180927581787109375e+02 2.380715789794921875e+02
2.203556518554687500e+02 2.180826721191406250e+02 2.378693084716796875e+02
2.203863067626953125e+02 2.180769195556640625e+02 2.376681365966796875e+02
2.204243316650390625e+02 2.180753021240234375e+02 2.374687652587890625e+02
2.204706420898437500e+02 2.180775909423828125e+02 2.372718353271484375e+02
2.205261993408203125e+02 2.180836181640625000e+02 2.370780639648437500e+02
2.205919494628906250e+02 2.180931701660156250e+02 2.368881225585937500e+02
2.206688079833984375e+02 2.181060485839843750e+02 2.367026824951171875e+02
2.207576904296875000e+02 2.181220092773437500e+02 2.365224304199218750e+02
2.208531951904296875e+02 2.181368560791015625e+02 2.363461456298828125e+02
2.209386138916015625e+02 2.181391906738281250e+02 2.361692352294921875e+02
2.210059204101562500e+02 2.181241455078125000e+02 2.359893798828125000e+02
2.210564422607421875e+02 2.180936737060546875e+02 2.358066864013671875e+02
2.210917816162109375e+02 2.180499877929687500e+02 2.356213684082031250e+02
2.211135864257812500e+02 2.179952850341796875e+02 2.354336242675781250e+02
2.211234893798828125e+02 2.179317779541015625e+02 2.352436676025390625e+02
2.211231384277343750e+02 2.178616638183593750e+02 2.350516967773437500e+02
2.211141662597656250e+02 2.177871551513671875e+02 2.348579254150390625e+02
2.210981903076171875e+02 2.177104492187500000e+02 2.346625518798828125e+02
2.210768890380859375e+02 2.176337432861328125e+02 2.344657897949218750e+02
2.210518646240234375e+02 2.175592651367187500e+02 2.342678375244140625e+02
2.210247650146484375e+02 2.174892120361328125e+02 2.340688934326171875e+02
2.209972229003906250e+02 2.174257659912109375e+02 2.338691864013671875e+02
2.209708862304687500e+02 2.173711700439453125e+02 2.336689147949218750e+02
2.209473876953125000e+02 2.173275451660156250e+02 2.334682922363281250e+02
2.209273223876953125e+02 2.172917480468750000e+02 2.332686157226562500e+02
2.209094390869140625e+02 2.172503814697265625e+02 2.330732421875000000e+02
2.208922424316406250e+02 2.171889190673828125e+02 2.328857727050781250e+02
2.208725585937500000e+02 2.170952911376953125e+02 2.327099304199218750e+02
2.208274078369140625e+02 2.169875488281250000e+02 2.325508880615234375e+02
2.207431640625000000e+02 2.168839569091796875e+02 2.324100341796875000e+02
2.206276855468750000e+02 2.167837066650390625e+02 2.322842864990234375e+02
2.204896392822265625e+02 2.166852264404296875e+02 2.321703948974609375e+02
2.203377380371093750e+02 2.165869750976562500e+02 2.320651092529296875e+02
2.201806182861328125e+02 2.164874420166015625e+02 2.319651947021484375e+02
2.200269622802734375e+02 2.163850555419921875e+02 2.318673858642578125e+02
2.198843231201171875e+02 2.162787780761718750e+02 2.317686767578125000e+02
2.197484741210937500e+02 2.161727447509765625e+02 2.316683502197265625e+02
2.196087799072265625e+02 2.160737609863281250e+02 2.315670013427734375e+02
2.194629669189453125e+02 2.159832611083984375e+02 2.314639739990234375e+02
2.193146514892578125e+02 2.158989562988281250e+02 2.313576965332031250e+02
2.191676025390625000e+02 2.158184051513671875e+02 2.312466125488281250e+02
2.190236053466796875e+02 2.157396545410156250e+02 2.311307678222656250e+02
2.188814849853515625e+02 2.156614379882812500e+02 2.310126342773437500e+02
2.187398681640625000e+02 2.155825500488281250e+02 2.308948669433593750e+02
2.185973663330078125e+02 2.155017700195312500e+02 2.307801361083984375e+02
2.184525604248046875e+02 2.154179077148437500e+02 2.306710968017578125e+02
2.183086547851562500e+02 2.153245697021484375e+02 2.305679016113281250e+02
2.182041015625000000e+02 2.152723693847656250e+02 2.304183044433593750e+02
2.181390228271484375e+02 2.152790069580078125e+02 2.302161254882812500e+02
2.180772399902343750e+02 2.152253265380859375e+02 2.300349578857421875e+02
2.180140228271484375e+02 2.151144714355468750e+02 2.298782501220703125e+02
2.179505615234375000e+02 2.149725799560546875e+02 2.297362060546875000e+02
2.178879852294921875e+02 2.148252410888671875e+02 2.295991973876953125e+02
2.178268737792968750e+02 2.146853485107421875e+02 2.294617004394531250e+02
2.177671813964843750e+02 2.145533142089843750e+02 2.293220825195312500e+02
2.177088775634765625e+02 2.144290161132812500e+02 2.291789550781250000e+02
2.176518859863281250e+02 2.143123474121093750e+02 2.290308532714843750e+02
2.175961914062500000e+02 2.142031860351562500e+02 2.288763885498046875e+02
2.175419769287109375e+02 2.141008605957031250e+02 2.287148132324218750e+02
2.174904479980468750e+02 2.140027618408203125e+02 2.285479278564453125e+02
2.174430084228515625e+02 2.139058532714843750e+02 2.283780975341796875e+02
2.174010314941406250e+02 2.138070526123046875e+02 2.282076873779296875e+02
2.173659362792968750e+02 2.137033081054687500e+02 2.280390472412109375e+02
2.173385925292968750e+02 2.135926818847656250e+02 2.278740081787109375e+02
2.173035583496093750e+02 2.135055999755859375e+02 2.276984710693359375e+02
2.172565155029296875e+02 2.134436950683593750e+02 2.275121612548828125e+02
2.172033233642578125e+02 2.133862762451171875e+02 2.273256072998046875e+02
2.171459350585937500e+02 2.133229522705078125e+02 2.271444091796875000e+02
2.170805816650390625e+02 2.132586517333984375e+02 2.269667053222656250e+02
2.170036010742187500e+02 2.131992034912109375e+02 2.267901458740234375e+02
2.169178771972656250e+02 2.131460418701171875e+02 2.266132812500000000e+02
2.168307495117187500e+02 2.130977020263671875e+02 2.264352111816406250e+02
2.167496185302734375e+02 2.130526428222656250e+02 2.262550964355468750e+02
2.166818695068359375e+02 2.130093536376953125e+02 2.260720672607421875e+02
2.166349029541015625e+02 2.129662933349609375e+02 2.258852844238281250e+02
2.166153717041015625e+02 2.129220275878906250e+02 2.256939849853515625e+02
2.166164398193359375e+02 2.128766021728515625e+02 2.254989624023437500e+02
2.166199035644531250e+02 2.128313140869140625e+02 2.253023834228515625e+02
2.166093750000000000e+02 2.127874450683593750e+02 2.251062164306640625e+02
2.165844421386718750e+02 2.127460021972656250e+02 2.249107513427734375e+02
2.165518951416015625e+02 2.127078704833984375e+02 2.247154998779296875e+02
2.165186157226562500e+02 2.126739044189453125e+02 2.245199737548828125e+02
2.164914398193359375e+02 2.126449890136718750e+02 2.243236694335937500e+02
2.164772186279296875e+02 2.126219787597656250e+02 2.241261138916015625e+02
2.164810943603515625e+02 2.126069641113281250e+02 2.239267730712890625e+02
2.164815979003906250e+02 2.126091461181640625e+02 2.237263336181640625e+02
2.164562377929687500e+02 2.126143646240234375e+02 2.235294952392578125e+02
2.164038238525390625e+02 2.126183166503906250e+02 2.233376770019531250e+02
2.163292083740234375e+02 2.126225128173828125e+02 2.231507873535156250e+02
2.162372283935546875e+02 2.126284942626953125e+02 2.229687805175781250e+02
2.161327209472656250e+02 2.126377563476562500e+02 2.227915802001953125e+02
2.160205230712890625e+02 2.126518402099609375e+02 2.226191406250000000e+02
2.159056243896484375e+02 2.126720886230468750e+02 2.224511871337890625e+02
2.157955017089843750e+02 2.126966552734375000e+02 2.222839050292968750e+02
2.156997070312500000e+02 2.127210235595703125e+02 2.221106414794921875e+02
2.156277313232421875e+02 2.127406463623046875e+02 2.219246673583984375e+02
2.155032043457031250e+02 2.127585754394531250e+02 2.217733306884765625e+02
2.153414611816406250e+02 2.127858886718750000e+02 2.216542205810546875e+02
2.151943817138671875e+02 2.128099975585937500e+02 2.215239410400390625e+02
2.150614471435546875e+02 2.128246612548828125e+02 2.213742523193359375e+02
2.149297332763671875e+02 2.128505249023437500e+02 2.212261962890625000e+02
2.147908477783203125e+02 2.129013671875000000e+02 2.210941772460937500e+02
2.146473846435546875e+02 2.129722747802734375e+02 2.209740295410156250e+02
2.145030364990234375e+02 2.130564880371093750e+02 2.208596801757812500e+02
2.143615112304687500e+02 2.131472015380859375e+02 2.207450256347656250e+02
2.142265319824218750e+02 2.132376251220703125e+02 2.206240081787109375e+02
2.141015777587890625e+02 2.133212280273437500e+02 2.204908599853515625e+02
2.139843139648437500e+02 2.133983001708984375e+02 2.203479461669921875e+02
2.138627777099609375e+02 2.134748229980468750e+02 2.202081451416015625e+02
2.137125244140625000e+02 2.135460968017578125e+02 2.200891265869140625e+02
2.135511016845703125e+02 2.136154327392578125e+02 2.199804687500000000e+02
2.134035644531250000e+02 2.136884765625000000e+02 2.198670654296875000e+02
2.132948913574218750e+02 2.137708740234375000e+02 2.197339172363281250e+02
2.132349548339843750e+02 2.138633270263671875e+02 2.195736694335937500e+02
2.132033538818359375e+02 2.139566955566406250e+02 2.193943939208984375e+02
2.131761474609375000e+02 2.140406188964843750e+02 2.192059783935546875e+02
2.131331481933593750e+02 2.141061706542968750e+02 2.190170440673828125e+02
2.130757293701171875e+02 2.141520996093750000e+02 2.188287811279296875e+02
2.130128631591796875e+02 2.141798553466796875e+02 2.186398162841796875e+02
2.129534912109375000e+02 2.141909179687500000e+02 2.184487609863281250e+02
2.129053192138671875e+02 2.141875610351562500e+02 2.182545013427734375e+02
2.128471832275390625e+02 2.141884002685546875e+02 2.180622100830078125e+02
2.127732391357421875e+02 2.141995239257812500e+02 2.178735504150390625e+02
2.126919555664062500e+02 2.142175903320312500e+02 2.176870117187500000e+02
2.126117706298828125e+02 2.142393188476562500e+02 2.175010833740234375e+02
2.125411224365234375e+02 2.142613983154296875e+02 2.173142700195312500e+02
2.124884643554687500e+02 2.142805175781250000e+02 2.171250305175781250e+02
2.124621429443359375e+02 2.142934265136718750e+02 2.169319152832031250e+02
2.124637603759765625e+02 2.142990570068359375e+02 2.167344665527343750e+02
2.124839172363281250e+02 2.142999420166015625e+02 2.165340118408203125e+02
2.125121917724609375e+02 2.142989501953125000e+02 2.163320617675781250e+02
2.125385894775390625e+02 2.142988281250000000e+02 2.161300201416015625e+02
2.125588836669921875e+02 2.143002014160156250e+02 2.159284667968750000e+02
2.125729522705078125e+02 2.143023071289062500e+02 2.157273864746093750e+02
2.125807952880859375e+02 2.143042755126953125e+02 2.155267486572265625e+02
2.125823822021484375e+02 2.143052673339843750e+02 2.153264923095703125e+02
2.125776977539062500e+02 2.143044586181640625e+02 2.151266021728515625e+02
2.125667266845703125e+02 2.143010101318359375e+02 2.149270324707031250e+02
2.125494537353515625e+02 2.142940673828125000e+02 2.147277526855468750e+02
2.125258483886718750e+02 2.142828063964843750e+02 2.145287322998046875e+02
2.124936370849609375e+02 2.142663116455078125e+02 2.143308868408203125e+02
2.124429321289062500e+02 2.142434997558593750e+02 2.141384429931640625e+02
2.123661651611328125e+02 2.142120819091796875e+02 2.139555664062500000e+02
2.122835693359375000e+02 2.141616516113281250e+02 2.137811889648437500e+02
2.122164611816406250e+02 2.140846405029296875e+02 2.136125030517578125e+02
2.121641387939453125e+02 2.139861602783203125e+02 2.134477691650390625e+02
2.121232299804687500e+02 2.138728485107421875e+02 2.132853851318359375e+02
2.120903625488281250e+02 2.137513732910156250e+02 2.131237335205078125e+02
2.120621490478515625e+02 2.136283721923828125e+02 2.129612121582031250e+02
2.120352478027343750e+02 2.135104980468750000e+02 2.127962036132812500e+02
2.120062561035156250e+02 2.134044036865234375e+02 2.126271209716796875e+02
2.119718170166015625e+02 2.133167266845703125e+02 2.124523315429687500e+02
2.119294128417968750e+02 2.132525482177734375e+02 2.122706451416015625e+02
2.118805694580078125e+02 2.132094268798828125e+02 2.120827484130859375e+02
2.118279876708984375e+02 2.131827850341796875e+02 2.118899383544921875e+02
2.117743682861328125e+02 2.131680297851562500e+02 2.116934356689453125e+02
2.117224121093750000e+02 2.131605682373046875e+02 2.114945373535156250e+02
2.116748046875000000e+02 2.131558227539062500e+02 2.112944793701171875e+02
2.116342773437500000e+02 2.131491851806640625e+02 2.110945281982421875e+02
2.116034851074218750e+02 2.131360778808593750e+02 2.108959503173828125e+02
2.115851745605468750e+02 2.131118927001953125e+02 2.106999969482421875e+02
2.115818786621093750e+02 2.130722351074218750e+02 2.105078735351562500e+02
2.115923461914062500e+02 2.130171203613281250e+02 2.103193969726562500e+02
2.116111450195312500e+02 2.129515686035156250e+02 2.101327819824218750e+02
2.116326141357421875e+02 2.128808288574218750e+02 2.099461975097656250e+02
2.116510620117187500e+02 2.128101348876953125e+02 2.097578125000000000e+02
2.116608581542968750e+02 2.127447509765625000e+02 2.095657653808593750e+02
2.116563110351562500e+02 2.126899261474609375e+02 2.093682250976562500e+02
2.116370086669921875e+02 2.126514892578125000e+02 2.091650543212890625e+02
2.116231842041015625e+02 2.126377410888671875e+02 2.089629211425781250e+02
2.116402282714843750e+02 2.126575469970703125e+02 2.087701873779296875e+02
2.117026824951171875e+02 2.127138366699218750e+02 2.085919799804687500e+02
2.117929840087890625e+02 2.127920532226562500e+02 2.084238281250000000e+02
2.118876190185546875e+02 2.128744354248046875e+02 2.082595214843750000e+02
2.119630889892578125e+02 2.129431457519531250e+02 2.080928497314453125e+02
2.120007324218750000e+02 2.129839172363281250e+02 2.079187774658203125e+02
2.120019073486328125e+02 2.129969482421875000e+02 2.077373504638671875e+02
2.119732208251953125e+02 2.129862518310546875e+02 2.075498504638671875e+02
2.119212799072265625e+02 2.129558258056640625e+02 2.073576049804687500e+02
2.118526916503906250e+02 2.129096679687500000e+02 2.071619110107421875e+02
2.117740325927734375e+02 2.128517761230468750e+02 2.069640960693359375e+02
2.116919097900390625e+02 2.127861480712890625e+02 2.067654724121093750e+02
2.116129455566406250e+02 2.127167816162109375e+02 2.065673522949218750e+02
2.115437011718750000e+02 2.126476745605468750e+02 2.063710327148437500e+02
2.114905548095703125e+02 2.125825958251953125e+02 2.061778717041015625e+02
2.114531555175781250e+02 2.125184020996093750e+02 2.059896392822265625e+02
2.114239654541015625e+02 2.124446716308593750e+02 2.058086547851562500e+02
2.113952789306640625e+02 2.123509216308593750e+02 2.056371002197265625e+02
2.113650054931640625e+02 2.122382354736328125e+02 2.054731903076171875e+02
2.113375854492187500e+02 2.121210479736328125e+02 2.053105621337890625e+02
2.113178558349609375e+02 2.120144958496093750e+02 2.051425628662109375e+02
2.113101654052734375e+02 2.119324798583984375e+02 2.049631347656250000e+02
2.113133544921875000e+02 2.118738708496093750e+02 2.047728424072265625e+02
2.113228454589843750e+02 2.118280639648437500e+02 2.045764160156250000e+02
2.113339843750000000e+02 2.117843170166015625e+02 2.043786926269531250e+02
2.113421478271484375e+02 2.117318878173828125e+02 2.041844635009765625e+02
2.113464508056640625e+02 2.116632537841796875e+02 2.039969177246093750e+02
2.113558197021484375e+02 2.115791931152343750e+02 2.038150329589843750e+02
2.113802337646484375e+02 2.114818725585937500e+02 2.036371154785156250e+02
2.114199066162109375e+02 2.113745880126953125e+02 2.034620819091796875e+02
2.114656372070312500e+02 2.112617645263671875e+02 2.032893981933593750e+02
2.115078887939453125e+02 2.111478424072265625e+02 2.031185455322265625e+02
2.115371246337890625e+02 2.110372772216796875e+02 2.029490203857421875e+02
2.115437927246093750e+02 2.109345245361328125e+02 2.027802886962890625e+02
2.115183258056640625e+02 2.108440246582031250e+02 2.026118469238281250e+02
2.114514465332031250e+02 2.107703094482421875e+02 2.024431610107421875e+02
2.113534698486328125e+02 2.107238616943359375e+02 2.022718505859375000e+02
2.112672424316406250e+02 2.107245788574218750e+02 2.020925598144531250e+02
2.112127990722656250e+02 2.107672119140625000e+02 2.019038848876953125e+02
2.111744079589843750e+02 2.108110961914062500e+02 2.017103729248046875e+02
2.111414489746093750e+02 2.108360137939453125e+02 2.015148010253906250e+02
2.111114501953125000e+02 2.108458709716796875e+02 2.013176574707031250e+02
2.110823211669921875e+02 2.108457336425781250e+02 2.011193542480468750e+02
2.110519866943359375e+02 2.108407135009765625e+02 2.009202728271484375e+02
2.110183868408203125e+02 2.108358459472656250e+02 2.007208404541015625e+02
2.109790496826171875e+02 2.108357543945312500e+02 2.005217742919921875e+02
2.109293060302734375e+02 2.108423919677734375e+02 2.003259735107421875e+02
2.108636474609375000e+02 2.108567199707031250e+02 2.001370544433593750e+02
2.107765960693359375e+02 2.108796691894531250e+02 1.999586639404296875e+02
2.106667327880859375e+02 2.109134216308593750e+02 1.997956542968750000e+02
2.105422973632812500e+02 2.109592742919921875e+02 1.996470031738281250e+02
2.104115295410156250e+02 2.110147247314453125e+02 1.995031738281250000e+02
2.102820434570312500e+02 2.110771026611328125e+02 1.993552093505859375e+02
2.101575317382812500e+02 2.111436462402343750e+02 1.992005157470703125e+02
2.100399780273437500e+02 2.112115325927734375e+02 1.990393829345703125e+02
2.099313354492187500e+02 2.112779693603515625e+02 1.988721008300781250e+02
2.098335113525390625e+02 2.113401336669921875e+02 1.986990203857421875e+02
2.097484893798828125e+02 2.113952178955078125e+02 1.985204315185546875e+02
2.096782073974609375e+02 2.114403839111328125e+02 1.983366394042968750e+02
2.096246185302734375e+02 2.114728393554687500e+02 1.981479797363281250e+02
2.095896453857421875e+02 2.114897766113281250e+02 1.979547424316406250e+02
2.095750885009765625e+02 2.114885253906250000e+02 1.977572784423828125e+02
2.095754547119140625e+02 2.114747314453125000e+02 1.975569152832031250e+02
2.095749969482421875e+02 2.114655914306640625e+02 1.973564605712890625e+02
2.095586547851562500e+02 2.114769592285156250e+02 1.971585235595703125e+02
2.095226745605468750e+02 2.115070648193359375e+02 1.969638366699218750e+02
2.094687194824218750e+02 2.115458068847656250e+02 1.967722015380859375e+02
2.093987731933593750e+02 2.115834045410156250e+02 1.965833435058593750e+02
2.093179779052734375e+02 2.116147613525390625e+02 1.963965148925781250e+02
2.092335205078125000e+02 2.116376953125000000e+02 1.962106170654296875e+02
2.091525878906250000e+02 2.116500396728515625e+02 1.960245666503906250e+02
2.090823669433593750e+02 2.116496734619140625e+02 1.958372955322265625e+02
2.090300750732421875e+02 2.116344299316406250e+02 1.956476898193359375e+02
2.090027008056640625e+02 2.116022949218750000e+02 1.954546813964843750e+02
2.089940032958984375e+02 2.115603485107421875e+02 1.952584686279296875e+02
2.089757537841796875e+02 2.115306854248046875e+02 1.950613555908203125e+02
2.089395446777343750e+02 2.115189971923828125e+02 1.948645477294921875e+02
2.089046173095703125e+02 2.115018310546875000e+02 1.946674804687500000e+02
2.088692626953125000e+02 2.114756469726562500e+02 1.944704895019531250e+02
2.088361053466796875e+02 2.114417266845703125e+02 1.942738037109375000e+02
2.088077850341796875e+02 2.114013214111328125e+02 1.940776214599609375e+02
2.087869415283203125e+02 2.113556518554687500e+02 1.938821411132812500e+02
2.087761993408203125e+02 2.113059997558593750e+02 1.936875915527343750e+02
2.087781982421875000e+02 2.112536163330078125e+02 1.934941864013671875e+02
2.087951202392578125e+02 2.112000122070312500e+02 1.933020172119140625e+02
2.088057708740234375e+02 2.111605682373046875e+02 1.931062622070312500e+02
2.088016967773437500e+02 2.111375732421875000e+02 1.929059295654296875e+02
2.087910003662109375e+02 2.111215057373046875e+02 1.927039184570312500e+02
2.087817687988281250e+02 2.111027984619140625e+02 1.925031433105468750e+02
2.087821044921875000e+02 2.110719451904296875e+02 1.923065338134765625e+02
2.087998352050781250e+02 2.110198211669921875e+02 1.921168670654296875e+02
2.088359985351562500e+02 2.109480743408203125e+02 1.919337921142578125e+02
2.088847808837890625e+02 2.108691864013671875e+02 1.917537536621093750e+02
2.089400939941406250e+02 2.107960815429687500e+02 1.915730743408203125e+02
2.089958190917968750e+02 2.107417449951171875e+02 1.913880615234375000e+02
2.090458221435546875e+02 2.107156524658203125e+02 1.911957702636718750e+02
2.090838317871093750e+02 2.106893768310546875e+02 1.910008239746093750e+02
2.090908203125000000e+02 2.106548309326171875e+02 1.908063354492187500e+02
2.090532836914062500e+02 2.106583404541015625e+02 1.906070098876953125e+02
2.090016326904296875e+02 2.106600799560546875e+02 1.904094696044921875e+02
2.089518890380859375e+02 2.106392974853515625e+02 1.902170562744140625e+02
2.089038085937500000e+02 2.105983428955078125e+02 1.900292358398437500e+02
2.088564605712890625e+02 2.105406036376953125e+02 1.898453674316406250e+02
2.088088684082031250e+02 2.104694519042968750e+02 1.896647186279296875e+02
2.087600860595703125e+02 2.103882598876953125e+02 1.894866485595703125e+02
2.087091827392578125e+02 2.103004150390625000e+02 1.893104705810546875e+02
2.086551818847656250e+02 2.102092895507812500e+02 1.891354980468750000e+02
2.085971374511718750e+02 2.101182556152343750e+02 1.889610443115234375e+02
2.085341033935546875e+02 2.100307006835937500e+02 1.887864227294921875e+02
2.084651336669921875e+02 2.099499969482421875e+02 1.886109771728515625e+02
2.083664398193359375e+02 2.098995971679687500e+02 1.884463043212890625e+02
2.082355499267578125e+02 2.098895874023437500e+02 1.882951812744140625e+02
2.081118011474609375e+02 2.098912811279296875e+02 1.881370849609375000e+02
2.079941558837890625e+02 2.098986816406250000e+02 1.879736175537109375e+02
2.078815917968750000e+02 2.099056243896484375e+02 1.878063201904296875e+02
2.077731323242187500e+02 2.099059906005859375e+02 1.876367492675781250e+02
2.076678009033203125e+02 2.098936462402343750e+02 1.874664459228515625e+02
2.075646209716796875e+02 2.098624420166015625e+02 1.872969512939453125e+02
2.074554138183593750e+02 2.098484649658203125e+02 1.871345520019531250e+02
2.073339385986328125e+02 2.098980560302734375e+02 1.869826507568359375e+02
2.072117919921875000e+02 2.099715423583984375e+02 1.868313751220703125e+02
2.070991821289062500e+02 2.100327758789062500e+02 1.866721343994140625e+02
2.069969787597656250e+02 2.100748596191406250e+02 1.865041351318359375e+02
2.069034576416015625e+02 2.100993347167968750e+02 1.863288574218750000e+02
2.068168334960937500e+02 2.101077575683593750e+02 1.861477813720703125e+02
2.067353668212890625e+02 2.101016693115234375e+02 1.859623718261718750e+02
2.066573028564453125e+02 2.100826110839843750e+02 1.857740783691406250e+02
2.065808715820312500e+02 2.100521392822265625e+02 1.855844116210937500e+02
2.065043182373046875e+02 2.100118103027343750e+02 1.853948059082031250e+02
2.064258880615234375e+02 2.099631652832031250e+02 1.852067565917968750e+02
2.063438110351562500e+02 2.099077453613281250e+02 1.850217132568359375e+02
2.062563476562500000e+02 2.098470916748046875e+02 1.848411712646484375e+02
2.061617279052734375e+02 2.097827758789062500e+02 1.846665802001953125e+02
2.060581970214843750e+02 2.097163391113281250e+02 1.844994354248046875e+02
2.059440002441406250e+02 2.096493072509765625e+02 1.843411712646484375e+02
2.058173675537109375e+02 2.095832519531250000e+02 1.841932983398437500e+02
2.056765747070312500e+02 2.095197143554687500e+02 1.840572662353515625e+02
2.055240631103515625e+02 2.094579772949218750e+02 1.839328765869140625e+02
2.053723144531250000e+02 2.093920288085937500e+02 1.838159942626953125e+02
2.052352294921875000e+02 2.093150634765625000e+02 1.837019500732421875e+02
2.051246490478515625e+02 2.092211608886718750e+02 1.835864868164062500e+02
2.050378112792968750e+02 2.091105194091796875e+02 1.834685058593750000e+02
2.049657592773437500e+02 2.089859008789062500e+02 1.833482818603515625e+02
2.048994903564453125e+02 2.088500976562500000e+02 1.832260742187500000e+02
2.048300323486328125e+02 2.087059173583984375e+02 1.831021423339843750e+02
2.047483978271484375e+02 2.085561523437500000e+02 1.829767761230468750e+02
2.046455841064453125e+02 2.084035797119140625e+02 1.828502349853515625e+02
2.045128631591796875e+02 2.082509918212890625e+02 1.827228088378906250e+02
2.043494567871093750e+02 2.081010589599609375e+02 1.825957489013671875e+02
2.041640472412109375e+02 2.079562835693359375e+02 1.824715118408203125e+02
2.039658660888671875e+02 2.078191680908203125e+02 1.823525695800781250e+02
2.037641448974609375e+02 2.076922302246093750e+02 1.822414093017578125e+02
2.035681304931640625e+02 2.075779418945312500e+02 1.821405181884765625e+02
2.033870544433593750e+02 2.074788360595703125e+02 1.820523986816406250e+02
2.032301330566406250e+02 2.073973999023437500e+02 1.819795227050781250e+02
2.031066131591796875e+02 2.073361206054687500e+02 1.819243774414062500e+02
2.030257263183593750e+02 2.072975311279296875e+02 1.818894805908203125e+02
2.029967193603515625e+02 2.072841033935546875e+02 1.818772888183593750e+02
