1.305588073730468750e+02 1.322491607666015625e+02 1.124621582031250000e+02
1.305507202148437500e+02 1.322905426025390625e+02 1.124962081909179688e+02
1.305301971435546875e+02 1.323997955322265625e+02 1.125899429321289062e+02
1.305028076171875000e+02 1.325546569824218750e+02 1.127307281494140625e+02
1.304741516113281250e+02 1.327327880859375000e+02 1.129059295654296875e+02
1.304498291015625000e+02 1.329119110107421875e+02 1.131029205322265625e+02
1.304354248046875000e+02 1.330697174072265625e+02 1.133090591430664062e+02
1.304363250732421875e+02 1.331848297119140625e+02 1.135121307373046875e+02
1.304540557861328125e+02 1.332535552978515625e+02 1.137078628540039062e+02
1.304866943359375000e+02 1.332881011962890625e+02 1.138990859985351562e+02
1.305321655273437500e+02 1.333012542724609375e+02 1.140889129638671875e+02
1.305884857177734375e+02 1.333060607910156250e+02 1.142801818847656250e+02
1.306558532714843750e+02 1.333250579833984375e+02 1.144681091308593750e+02
1.307335815429687500e+02 1.333821563720703125e+02 1.146433181762695312e+02
1.308052215576171875e+02 1.334579925537109375e+02 1.148152236938476562e+02
1.308549957275390625e+02 1.335281066894531250e+02 1.149951019287109375e+02
1.308835601806640625e+02 1.335919952392578125e+02 1.151823883056640625e+02
1.308947753906250000e+02 1.336538696289062500e+02 1.153742065429687500e+02
1.308925170898437500e+02 1.337179260253906250e+02 1.155676879882812500e+02
1.308807678222656250e+02 1.337880706787109375e+02 1.157600402832031250e+02
1.308655548095703125e+02 1.338620300292968750e+02 1.159503173828125000e+02
1.308550415039062500e+02 1.339311218261718750e+02 1.161394500732421875e+02
1.308574829101562500e+02 1.339864196777343750e+02 1.163284835815429688e+02
1.308806915283203125e+02 1.340194702148437500e+02 1.165183868408203125e+02
1.309251251220703125e+02 1.340308380126953125e+02 1.167093582153320312e+02
1.309852752685546875e+02 1.340282592773437500e+02 1.169009170532226562e+02
1.310554809570312500e+02 1.340196990966796875e+02 1.170925827026367188e+02
1.311300659179687500e+02 1.340131378173828125e+02 1.172838745117187500e+02
1.312033843994140625e+02 1.340165557861328125e+02 1.174743041992187500e+02
1.312697448730468750e+02 1.340379028320312500e+02 1.176633911132812500e+02
1.313252410888671875e+02 1.340810699462890625e+02 1.178509826660156250e+02
1.313832855224609375e+02 1.341126708984375000e+02 1.180396652221679688e+02
1.314489440917968750e+02 1.341281433105468750e+02 1.182287826538085938e+02
1.315220947265625000e+02 1.341369323730468750e+02 1.184163513183593750e+02
1.316026153564453125e+02 1.341485137939453125e+02 1.186003875732421875e+02
1.316903076171875000e+02 1.341717376708984375e+02 1.187790527343750000e+02
1.317842559814453125e+02 1.342068023681640625e+02 1.189525680541992188e+02
1.318829498291015625e+02 1.342475738525390625e+02 1.191226348876953125e+02
1.319849090576171875e+02 1.342877960205078125e+02 1.192910003662109375e+02
1.320886077880859375e+02 1.343211975097656250e+02 1.194594116210937500e+02
1.321925659179687500e+02 1.343414916992187500e+02 1.196296081542968750e+02
1.322953186035156250e+02 1.343431091308593750e+02 1.198021316528320312e+02
1.323955688476562500e+02 1.343225708007812500e+02 1.199742355346679688e+02
1.324930572509765625e+02 1.342814941406250000e+02 1.201441268920898438e+02
1.325893249511718750e+02 1.342301483154296875e+02 1.203127136230468750e+02
1.326860809326171875e+02 1.341796417236328125e+02 1.204811706542968750e+02
1.327637481689453125e+02 1.341537628173828125e+02 1.206630477905273438e+02
1.328094635009765625e+02 1.341507415771484375e+02 1.208625717163085938e+02
1.328339080810546875e+02 1.341442565917968750e+02 1.210676040649414062e+02
1.328477783203125000e+02 1.341080627441406250e+02 1.212660369873046875e+02
1.328444366455078125e+02 1.340383605957031250e+02 1.214537200927734375e+02
1.328393249511718750e+02 1.339683990478515625e+02 1.216428680419921875e+02
1.328522949218750000e+02 1.338968048095703125e+02 1.218308410644531250e+02
1.328862457275390625e+02 1.338272552490234375e+02 1.220157623291015625e+02
1.329425201416015625e+02 1.337621307373046875e+02 1.221960678100585938e+02
1.330167694091796875e+02 1.336992187500000000e+02 1.223715057373046875e+02
1.331032867431640625e+02 1.336351928710937500e+02 1.225420913696289062e+02
1.331963806152343750e+02 1.335667419433593750e+02 1.227078552246093750e+02
1.332903594970703125e+02 1.334905242919921875e+02 1.228688278198242188e+02
1.333793334960937500e+02 1.334115753173828125e+02 1.230285263061523438e+02
1.334629364013671875e+02 1.333632354736328125e+02 1.231980361938476562e+02
1.335432281494140625e+02 1.333444213867187500e+02 1.233762359619140625e+02
1.336219024658203125e+02 1.333491821289062500e+02 1.235607681274414062e+02
1.337006683349609375e+02 1.333715209960937500e+02 1.237492828369140625e+02
1.337812194824218750e+02 1.334054565429687500e+02 1.239394149780273438e+02
1.338652496337890625e+02 1.334450073242187500e+02 1.241288070678710938e+02
1.339544525146484375e+02 1.334842071533203125e+02 1.243151168823242188e+02
1.340503540039062500e+02 1.335172576904296875e+02 1.244960937500000000e+02
1.341508483886718750e+02 1.335421295166015625e+02 1.246722259521484375e+02
1.342502288818359375e+02 1.335606079101562500e+02 1.248466567993164062e+02
1.343426513671875000e+02 1.335746154785156250e+02 1.250226669311523438e+02
1.344222106933593750e+02 1.335860900878906250e+02 1.252035064697265625e+02
1.344831695556640625e+02 1.335969238281250000e+02 1.253924255371093750e+02
1.344867095947265625e+02 1.336234741210937500e+02 1.255888061523437500e+02
1.344775238037109375e+02 1.336049499511718750e+02 1.257887954711914062e+02
1.344849395751953125e+02 1.335907440185546875e+02 1.259850616455078125e+02
1.344932403564453125e+02 1.336222229003906250e+02 1.261758728027343750e+02
1.345004882812500000e+02 1.336895294189453125e+02 1.263624343872070312e+02
1.345050354003906250e+02 1.337816162109375000e+02 1.265459747314453125e+02
1.345052947998046875e+02 1.338873901367187500e+02 1.267277679443359375e+02
1.344996490478515625e+02 1.339958038330078125e+02 1.269090499877929688e+02
1.344864807128906250e+02 1.340957946777343750e+02 1.270910873413085938e+02
1.344651641845703125e+02 1.341781768798828125e+02 1.272749023437500000e+02
1.344441986083984375e+02 1.342506713867187500e+02 1.274595642089843750e+02
1.344348144531250000e+02 1.343276214599609375e+02 1.276433715820312500e+02
1.344372406005859375e+02 1.344107055664062500e+02 1.278263168334960938e+02
1.344478454589843750e+02 1.344971466064453125e+02 1.280089416503906250e+02
1.344629364013671875e+02 1.345841979980468750e+02 1.281918029785156250e+02
1.344789123535156250e+02 1.346690979003906250e+02 1.283754272460937500e+02
1.344920959472656250e+02 1.347490997314453125e+02 1.285603942871093750e+02
1.344988555908203125e+02 1.348214263916015625e+02 1.287472534179687500e+02
1.344955444335937500e+02 1.348833160400390625e+02 1.289365234375000000e+02
1.344785003662109375e+02 1.349320220947265625e+02 1.291287841796875000e+02
1.344511566162109375e+02 1.349674377441406250e+02 1.293242797851562500e+02
1.344441680908203125e+02 1.349993286132812500e+02 1.295219879150390625e+02
1.344552917480468750e+02 1.350150909423828125e+02 1.297213745117187500e+02
1.344728698730468750e+02 1.349936828613281250e+02 1.299199371337890625e+02
1.345136566162109375e+02 1.349530792236328125e+02 1.301115264892578125e+02
1.345799560546875000e+02 1.349169616699218750e+02 1.302986297607421875e+02
1.346580047607421875e+02 1.348968658447265625e+02 1.304860382080078125e+02
1.346843566894531250e+02 1.348649444580078125e+02 1.306735229492187500e+02
1.346361999511718750e+02 1.348092651367187500e+02 1.308593597412109375e+02
1.345481109619140625e+02 1.347439727783203125e+02 1.310408630371093750e+02
1.344528961181640625e+02 1.346840515136718750e+02 1.312173461914062500e+02
1.343678436279296875e+02 1.346423950195312500e+02 1.313944549560546875e+02
1.343072967529296875e+02 1.346314849853515625e+02 1.315790710449218750e+02
1.342796020507812500e+02 1.346581573486328125e+02 1.317746276855468750e+02
1.342692260742187500e+02 1.347065124511718750e+02 1.319712219238281250e+02
1.342623748779296875e+02 1.347580261230468750e+02 1.321642913818359375e+02
1.342545928955078125e+02 1.347991638183593750e+02 1.323586273193359375e+02
1.342456512451171875e+02 1.348276062011718750e+02 1.325555114746093750e+02
1.342370605468750000e+02 1.348461151123046875e+02 1.327544403076171875e+02
1.342303619384765625e+02 1.348574676513671875e+02 1.329548797607421875e+02
1.342270812988281250e+02 1.348644714355468750e+02 1.331562805175781250e+02
1.342287445068359375e+02 1.348698883056640625e+02 1.333581085205078125e+02
1.342368621826171875e+02 1.348765258789062500e+02 1.335598297119140625e+02
1.342529754638671875e+02 1.348871612548828125e+02 1.337609405517578125e+02
1.342786254882812500e+02 1.349045715332031250e+02 1.339608612060546875e+02
1.343149414062500000e+02 1.349318695068359375e+02 1.341588745117187500e+02
1.343579254150390625e+02 1.349765777587890625e+02 1.343512573242187500e+02
1.343997955322265625e+02 1.350494995117187500e+02 1.345321044921875000e+02
1.344351196289062500e+02 1.351542510986328125e+02 1.346988525390625000e+02
1.344768218994140625e+02 1.352598876953125000e+02 1.348634643554687500e+02
1.345527343750000000e+02 1.353481750488281250e+02 1.350276641845703125e+02
1.346040496826171875e+02 1.354261169433593750e+02 1.352018432617187500e+02
1.346156921386718750e+02 1.354739074707031250e+02 1.353968811035156250e+02
1.346067504882812500e+02 1.355058288574218750e+02 1.356011352539062500e+02
1.345963897705078125e+02 1.355368499755859375e+02 1.358028259277343750e+02
1.345956726074218750e+02 1.355749969482421875e+02 1.359986114501953125e+02
1.346060333251953125e+02 1.356195373535156250e+02 1.361953582763671875e+02
1.346394348144531250e+02 1.356553344726562500e+02 1.363916320800781250e+02
1.347189483642578125e+02 1.356545715332031250e+02 1.365742187500000000e+02
1.347915039062500000e+02 1.356918640136718750e+02 1.367575988769531250e+02
1.348428802490234375e+02 1.357625579833984375e+02 1.369461822509765625e+02
1.348872985839843750e+02 1.358162536621093750e+02 1.371351165771484375e+02
1.349381866455078125e+02 1.358049316406250000e+02 1.373197631835937500e+02
1.349923248291015625e+02 1.357351531982421875e+02 1.375020446777343750e+02
1.350298919677734375e+02 1.356680297851562500e+02 1.376903228759765625e+02
1.350438842773437500e+02 1.356115417480468750e+02 1.378834838867187500e+02
1.350451202392578125e+02 1.355472259521484375e+02 1.380759887695312500e+02
1.350385284423828125e+02 1.355055236816406250e+02 1.382710723876953125e+02
1.350279388427734375e+02 1.355059356689453125e+02 1.384706420898437500e+02
1.350117034912109375e+02 1.355125274658203125e+02 1.386702575683593750e+02
1.349909973144531250e+02 1.355172119140625000e+02 1.388693847656250000e+02
1.349676361083984375e+02 1.355184783935546875e+02 1.390682983398437500e+02
1.349433898925781250e+02 1.355147705078125000e+02 1.392673339843750000e+02
1.349201049804687500e+02 1.355045776367187500e+02 1.394667663574218750e+02
1.349015502929687500e+02 1.354854431152343750e+02 1.396663970947265625e+02
1.349019622802734375e+02 1.354501953125000000e+02 1.398632812500000000e+02
1.349334564208984375e+02 1.353921661376953125e+02 1.400515899658203125e+02
1.349875640869140625e+02 1.353214263916015625e+02 1.402310485839843750e+02
1.350741119384765625e+02 1.352615814208984375e+02 1.403972625732421875e+02
1.351945648193359375e+02 1.352080993652343750e+02 1.405494537353515625e+02
1.353349456787109375e+02 1.351574554443359375e+02 1.406931457519531250e+02
1.354812316894531250e+02 1.351060791015625000e+02 1.408338317871093750e+02
1.356194152832031250e+02 1.350504455566406250e+02 1.409770202636718750e+02
1.357355041503906250e+02 1.349869842529296875e+02 1.411281890869140625e+02
1.358154907226562500e+02 1.349121704101562500e+02 1.412928619384765625e+02
1.358672943115234375e+02 1.348441467285156250e+02 1.414727020263671875e+02
1.359345550537109375e+02 1.348224029541015625e+02 1.416589355468750000e+02
1.360196990966796875e+02 1.348276367187500000e+02 1.418444213867187500e+02
1.361216888427734375e+02 1.348361206054687500e+02 1.420223083496093750e+02
1.362393493652343750e+02 1.348251495361328125e+02 1.421861419677734375e+02
1.363693695068359375e+02 1.347881164550781250e+02 1.423348541259765625e+02
1.365068511962890625e+02 1.347308349609375000e+02 1.424715881347656250e+02
1.366468353271484375e+02 1.346594696044921875e+02 1.425996398925781250e+02
1.367847442626953125e+02 1.345804290771484375e+02 1.427226409912109375e+02
1.369200744628906250e+02 1.345029449462890625e+02 1.428480987548828125e+02
1.370544738769531250e+02 1.344293212890625000e+02 1.429776000976562500e+02
1.371893005371093750e+02 1.343565063476562500e+02 1.431074218750000000e+02
1.373258819580078125e+02 1.342813568115234375e+02 1.432338104248046875e+02
1.374655761718750000e+02 1.342007446289062500e+02 1.433529663085937500e+02
1.376097259521484375e+02 1.341115417480468750e+02 1.434611511230468750e+02
1.377596740722656250e+02 1.340105895996093750e+02 1.435545806884765625e+02
1.379133453369140625e+02 1.338991851806640625e+02 1.436356811523437500e+02
1.380589752197265625e+02 1.337911376953125000e+02 1.437245330810546875e+02
1.381830596923828125e+02 1.337024688720703125e+02 1.438443603515625000e+02
1.382820739746093750e+02 1.336389465332031250e+02 1.440036621093750000e+02
1.383787231445312500e+02 1.335791168212890625e+02 1.441721649169921875e+02
1.384972381591796875e+02 1.334992218017578125e+02 1.443160705566406250e+02
1.385877685546875000e+02 1.334325103759765625e+02 1.444774169921875000e+02
1.386378784179687500e+02 1.333881683349609375e+02 1.446698150634765625e+02
1.386810607910156250e+02 1.333454132080078125e+02 1.448641204833984375e+02
1.387210693359375000e+02 1.333065185546875000e+02 1.450592498779296875e+02
1.387615814208984375e+02 1.332737731933593750e+02 1.452541046142578125e+02
1.388063201904296875e+02 1.332494659423828125e+02 1.454476318359375000e+02
1.388589935302734375e+02 1.332359008789062500e+02 1.456387329101562500e+02
1.389232940673828125e+02 1.332353515625000000e+02 1.458263092041015625e+02
1.390017242431640625e+02 1.332484130859375000e+02 1.460096588134765625e+02
1.390886993408203125e+02 1.332644653320312500e+02 1.461902313232421875e+02
1.391754150390625000e+02 1.332683715820312500e+02 1.463703765869140625e+02
1.392558135986328125e+02 1.332507934570312500e+02 1.465517578125000000e+02
1.393299255371093750e+02 1.332148590087890625e+02 1.467345428466796875e+02
1.393985443115234375e+02 1.331654205322265625e+02 1.469186401367187500e+02
1.394624786376953125e+02 1.331072692871093750e+02 1.471039886474609375e+02
1.395225219726562500e+02 1.330452270507812500e+02 1.472905273437500000e+02
1.395794982910156250e+02 1.329841308593750000e+02 1.474781799316406250e+02
1.396342010498046875e+02 1.329288024902343750e+02 1.476669158935546875e+02
1.396874389648437500e+02 1.328840332031250000e+02 1.478566284179687500e+02
1.397400054931640625e+02 1.328546600341796875e+02 1.480472869873046875e+02
1.397927246093750000e+02 1.328455047607421875e+02 1.482388000488281250e+02
1.398464050292968750e+02 1.328613891601562500e+02 1.484311370849609375e+02
1.399011077880859375e+02 1.329062042236328125e+02 1.486228485107421875e+02
1.399542083740234375e+02 1.329804534912109375e+02 1.488075714111328125e+02
1.400024871826171875e+02 1.330838623046875000e+02 1.489777221679687500e+02
1.400426635742187500e+02 1.332161102294921875e+02 1.491257476806640625e+02
1.400753784179687500e+02 1.333690490722656250e+02 1.492505493164062500e+02
1.401194305419921875e+02 1.334989776611328125e+02 1.493824615478515625e+02
1.401777191162109375e+02 1.335989685058593750e+02 1.495274963378906250e+02
1.402484588623046875e+02 1.336724548339843750e+02 1.496841735839843750e+02
1.403298950195312500e+02 1.337228088378906250e+02 1.498509826660156250e+02
1.404202117919921875e+02 1.337534637451171875e+02 1.500264739990234375e+02
1.405176239013671875e+02 1.337677917480468750e+02 1.502091369628906250e+02
1.406203765869140625e+02 1.337691955566406250e+02 1.503974914550781250e+02
1.407266540527343750e+02 1.337610931396484375e+02 1.505900726318359375e+02
1.408346862792968750e+02 1.337468719482421875e+02 1.507853698730468750e+02
1.409427032470703125e+02 1.337299346923828125e+02 1.509819030761718750e+02
1.410488891601562500e+02 1.337136840820312500e+02 1.511782073974609375e+02
1.411514739990234375e+02 1.337015228271484375e+02 1.513727722167968750e+02
1.412486724853515625e+02 1.336968231201171875e+02 1.515641326904296875e+02
1.413396606445312500e+02 1.337015228271484375e+02 1.517514038085937500e+02
1.414257812500000000e+02 1.337140197753906250e+02 1.519351196289062500e+02
1.415087432861328125e+02 1.337322082519531250e+02 1.521160583496093750e+02
1.415902099609375000e+02 1.337539825439453125e+02 1.522949523925781250e+02
1.416718750000000000e+02 1.337772674560546875e+02 1.524725341796875000e+02
1.417554321289062500e+02 1.337999420166015625e+02 1.526495819091796875e+02
1.418425598144531250e+02 1.338199310302734375e+02 1.528268432617187500e+02
1.419355316162109375e+02 1.338375701904296875e+02 1.530036315917968750e+02
1.420390777587890625e+02 1.338631744384765625e+02 1.531734619140625000e+02
1.421572875976562500e+02 1.339062042236328125e+02 1.533300170898437500e+02
1.422887725830078125e+02 1.339612579345703125e+02 1.534741821289062500e+02
1.424306640625000000e+02 1.340189056396484375e+02 1.536087799072265625e+02
1.425801391601562500e+02 1.340697326660156250e+02 1.537366333007812500e+02
1.427343139648437500e+02 1.341043090820312500e+02 1.538605651855468750e+02
1.428903656005859375e+02 1.341132354736328125e+02 1.539834136962890625e+02
1.430454254150390625e+02 1.340929107666015625e+02 1.541079254150390625e+02
1.431966857910156250e+02 1.340565185546875000e+02 1.542366333007812500e+02
1.433413391113281250e+02 1.340202026367187500e+02 1.543720397949218750e+02
1.434766082763671875e+02 1.339999542236328125e+02 1.545166168212890625e+02
1.436008605957031250e+02 1.340031433105468750e+02 1.546713867187500000e+02
1.437140197753906250e+02 1.340255737304687500e+02 1.548353576660156250e+02
1.438160858154296875e+02 1.340622100830078125e+02 1.550074310302734375e+02
1.439071044921875000e+02 1.341080322265625000e+02 1.551864929199218750e+02
1.439870910644531250e+02 1.341580200195312500e+02 1.553714294433593750e+02
1.440560607910156250e+02 1.342071533203125000e+02 1.555611419677734375e+02
1.441140289306640625e+02 1.342503967285156250e+02 1.557545013427734375e+02
1.441610565185546875e+02 1.342827148437500000e+02 1.559504241943359375e+02
1.441971282958984375e+02 1.342991333007812500e+02 1.561477813720703125e+02
1.442228088378906250e+02 1.342972412109375000e+02 1.563457489013671875e+02
1.442398376464843750e+02 1.342808532714843750e+02 1.565441894531250000e+02
1.442501220703125000e+02 1.342546997070312500e+02 1.567430419921875000e+02
1.442555694580078125e+02 1.342234649658203125e+02 1.569422302246093750e+02
1.442581329345703125e+02 1.341918640136718750e+02 1.571417236328125000e+02
1.442596893310546875e+02 1.341645812988281250e+02 1.573414459228515625e+02
1.442621765136718750e+02 1.341463317871093750e+02 1.575413513183593750e+02
1.442670898437500000e+02 1.341408538818359375e+02 1.577413940429687500e+02
1.442731475830078125e+02 1.341454162597656250e+02 1.579415435791015625e+02
1.442779541015625000e+02 1.341547546386718750e+02 1.581418457031250000e+02
1.442790985107421875e+02 1.341635284423828125e+02 1.583422851562500000e+02
1.442742156982421875e+02 1.341664581298828125e+02 1.585428924560546875e+02
1.442616119384765625e+02 1.341576690673828125e+02 1.587433776855468750e+02
1.442464447021484375e+02 1.341259460449218750e+02 1.589405212402343750e+02
1.442338867187500000e+02 1.340710449218750000e+02 1.591328277587890625e+02
1.442004699707031250e+02 1.340144042968750000e+02 1.593218994140625000e+02
1.441458587646484375e+02 1.339553833007812500e+02 1.595074768066406250e+02
1.440868682861328125e+02 1.338965911865234375e+02 1.596924896240234375e+02
1.440403594970703125e+02 1.338406066894531250e+02 1.598798522949218750e+02
1.440231475830078125e+02 1.337899932861328125e+02 1.600724792480468750e+02
1.440451507568359375e+02 1.337806091308593750e+02 1.602692108154296875e+02
1.440444488525390625e+02 1.338007507324218750e+02 1.604681243896484375e+02
1.440232238769531250e+02 1.338190460205078125e+02 1.606688690185546875e+02
1.440030212402343750e+02 1.338553924560546875e+02 1.608673858642578125e+02
1.439852142333984375e+02 1.339008483886718750e+02 1.610642395019531250e+02
1.439692840576171875e+02 1.339437408447265625e+02 1.612604217529296875e+02
1.439546966552734375e+02 1.339723968505859375e+02 1.614569244384765625e+02
1.439409027099609375e+02 1.339751281738281250e+02 1.616547241210937500e+02
1.439270324707031250e+02 1.339542694091796875e+02 1.618567657470703125e+02
1.439112854003906250e+02 1.339262084960937500e+02 1.620647125244140625e+02
1.438917236328125000e+02 1.338916625976562500e+02 1.622759857177734375e+02
1.438664398193359375e+02 1.338511810302734375e+02 1.624879608154296875e+02
1.438335266113281250e+02 1.338053283691406250e+02 1.626980133056640625e+02
1.437910461425781250e+02 1.337546539306640625e+02 1.629035186767578125e+02
1.437370910644531250e+02 1.336996765136718750e+02 1.631018524169921875e+02
1.436697540283203125e+02 1.336409759521484375e+02 1.632903900146484375e+02
1.435871124267578125e+02 1.335790863037109375e+02 1.634665069580078125e+02
1.434872436523437500e+02 1.335145568847656250e+02 1.636275787353515625e+02
1.433682556152343750e+02 1.334479217529296875e+02 1.637709808349609375e+02
1.432282104492187500e+02 1.333797607421875000e+02 1.638940734863281250e+02
1.430663452148437500e+02 1.333116912841796875e+02 1.639957275390625000e+02
1.429168701171875000e+02 1.332784881591796875e+02 1.641191864013671875e+02
1.428023681640625000e+02 1.332706604003906250e+02 1.642854309082031250e+02
1.426950073242187500e+02 1.332274780273437500e+02 1.644500122070312500e+02
1.425939636230468750e+02 1.331640472412109375e+02 1.646137695312500000e+02
1.425000915527343750e+02 1.330997009277343750e+02 1.647801971435546875e+02
1.424141540527343750e+02 1.330536804199218750e+02 1.649528808593750000e+02
1.423280944824218750e+02 1.330204772949218750e+02 1.651585540771484375e+02
1.422386627197265625e+02 1.329844360351562500e+02 1.654008026123046875e+02
1.421542968750000000e+02 1.329494323730468750e+02 1.656467132568359375e+02
1.420835266113281250e+02 1.329194946289062500e+02 1.658632659912109375e+02
1.420348358154296875e+02 1.328986053466796875e+02 1.660174102783203125e+02
1.420167083740234375e+02 1.328907470703125000e+02 1.660761413574218750e+02
