1.323992462158203125e+02 1.225130996704101562e+02 1.609863739013671875e+02
1.323280334472656250e+02 1.226749038696289062e+02 1.609162750244140625e+02
1.322417449951171875e+02 1.227844924926757812e+02 1.607626647949218750e+02
1.321980590820312500e+02 1.229010848999023438e+02 1.606242828369140625e+02
1.321769409179687500e+02 1.230688171386718750e+02 1.605095672607421875e+02
1.321555328369140625e+02 1.232538146972656250e+02 1.604035797119140625e+02
1.321111602783203125e+02 1.234224090576171875e+02 1.602914733886718750e+02
1.320391235351562500e+02 1.235662841796875000e+02 1.601727294921875000e+02
1.319666595458984375e+02 1.237210769653320312e+02 1.600702514648437500e+02
1.319015655517578125e+02 1.238875961303710938e+02 1.599783782958984375e+02
1.318416290283203125e+02 1.240506591796875000e+02 1.598794403076171875e+02
1.317855072021484375e+02 1.242060546875000000e+02 1.597688140869140625e+02
1.317323455810546875e+02 1.243547363281250000e+02 1.596480560302734375e+02
1.316812896728515625e+02 1.244977035522460938e+02 1.595187377929687500e+02
1.316314392089843750e+02 1.246359558105468750e+02 1.593824157714843750e+02
1.315819549560546875e+02 1.247704696655273438e+02 1.592406616210937500e+02
1.315319519042968750e+02 1.249022521972656250e+02 1.590950622558593750e+02
1.314805755615234375e+02 1.250322875976562500e+02 1.589471740722656250e+02
1.314269561767578125e+02 1.251615753173828125e+02 1.587985534667968750e+02
1.313706207275390625e+02 1.252909622192382812e+02 1.586506042480468750e+02
1.313156280517578125e+02 1.254195709228515625e+02 1.585025787353515625e+02
1.312689666748046875e+02 1.255454177856445312e+02 1.583523254394531250e+02
1.312376708984375000e+02 1.256665191650390625e+02 1.581976623535156250e+02
1.312287902832031250e+02 1.257808685302734375e+02 1.580364685058593750e+02
1.312430419921875000e+02 1.258864822387695312e+02 1.578672637939453125e+02
1.312614288330078125e+02 1.259814529418945312e+02 1.576908569335937500e+02
1.312620544433593750e+02 1.260638885498046875e+02 1.575084686279296875e+02
1.312424774169921875e+02 1.261324539184570312e+02 1.573209991455078125e+02
1.312187500000000000e+02 1.261863479614257812e+02 1.571289978027343750e+02
1.311983642578125000e+02 1.262314910888671875e+02 1.569350280761718750e+02
1.311703186035156250e+02 1.262856369018554688e+02 1.567448730468750000e+02
1.311332244873046875e+02 1.263520355224609375e+02 1.565595092773437500e+02
1.310895843505859375e+02 1.264287948608398438e+02 1.563781585693359375e+02
1.310418701171875000e+02 1.265140075683593750e+02 1.562000427246093750e+02
1.309926147460937500e+02 1.266057739257812500e+02 1.560244140625000000e+02
1.309442901611328125e+02 1.267021789550781250e+02 1.558504943847656250e+02
1.308994140625000000e+02 1.268013381958007812e+02 1.556775207519531250e+02
1.308604888916015625e+02 1.269013290405273438e+02 1.555047149658203125e+02
1.308299865722656250e+02 1.270002670288085938e+02 1.553313293457031250e+02
1.308104400634765625e+02 1.270962295532226562e+02 1.551565704345703125e+02
1.308043212890625000e+02 1.271873168945312500e+02 1.549796752929687500e+02
1.308141479492187500e+02 1.272716369628906250e+02 1.547998962402343750e+02
1.308347167968750000e+02 1.273500518798828125e+02 1.546172637939453125e+02
1.308158416748046875e+02 1.274386901855468750e+02 1.544367218017578125e+02
1.307606964111328125e+02 1.275325851440429688e+02 1.542579498291015625e+02
1.306856994628906250e+02 1.276217651367187500e+02 1.540792541503906250e+02
1.306073303222656250e+02 1.276962890625000000e+02 1.538989257812500000e+02
1.305420379638671875e+02 1.277461853027343750e+02 1.537152709960937500e+02
1.305062713623046875e+02 1.277615051269531250e+02 1.535265960693359375e+02
1.305122833251953125e+02 1.277377243041992188e+02 1.533315429687500000e+02
1.305381317138671875e+02 1.277143478393554688e+02 1.531316833496093750e+02
1.305625305175781250e+02 1.277121200561523438e+02 1.529313507080078125e+02
1.305912017822265625e+02 1.276893615722656250e+02 1.527370605468750000e+02
1.306333465576171875e+02 1.276197357177734375e+02 1.525541076660156250e+02
1.307016143798828125e+02 1.275357589721679688e+02 1.523837738037109375e+02
1.307973480224609375e+02 1.274649734497070312e+02 1.522227172851562500e+02
1.309006652832031250e+02 1.274074554443359375e+02 1.520605468750000000e+02
1.310072326660156250e+02 1.273596801757812500e+02 1.518984680175781250e+02
1.311434478759765625e+02 1.273195495605468750e+02 1.517562866210937500e+02
1.312780151367187500e+02 1.272892532348632812e+02 1.516108551025390625e+02
1.314095001220703125e+02 1.272665023803710938e+02 1.514616088867187500e+02
1.315389556884765625e+02 1.272486724853515625e+02 1.513098297119140625e+02
1.316673889160156250e+02 1.272331771850585938e+02 1.511567840576171875e+02
1.317958221435546875e+02 1.272173843383789062e+02 1.510037384033203125e+02
1.319252929687500000e+02 1.271987075805664062e+02 1.508519592285156250e+02
1.320561676025390625e+02 1.272138137817382812e+02 1.507074432373046875e+02
1.321861724853515625e+02 1.272911453247070312e+02 1.505704345703125000e+02
1.323123626708984375e+02 1.273764114379882812e+02 1.504281005859375000e+02
1.324314117431640625e+02 1.274395446777343750e+02 1.502733459472656250e+02
1.325394439697265625e+02 1.274849472045898438e+02 1.501072692871093750e+02
1.326325073242187500e+02 1.275195465087890625e+02 1.499315948486328125e+02
1.327066802978515625e+02 1.275502624511718750e+02 1.497479858398437500e+02
1.327580566406250000e+02 1.275840072631835938e+02 1.495581359863281250e+02
1.327873535156250000e+02 1.276258239746093750e+02 1.493644561767578125e+02
1.328039398193359375e+02 1.276772994995117188e+02 1.491706542968750000e+02
1.328181610107421875e+02 1.277396316528320312e+02 1.489805908203125000e+02
1.328376922607421875e+02 1.278132324218750000e+02 1.487969055175781250e+02
1.328628234863281250e+02 1.278963623046875000e+02 1.486187438964843750e+02
1.328925933837890625e+02 1.279869232177734375e+02 1.484447174072265625e+02
1.329260101318359375e+02 1.280827941894531250e+02 1.482733917236328125e+02
1.329621429443359375e+02 1.281818695068359375e+02 1.481033477783203125e+02
1.329999847412109375e+02 1.282820434570312500e+02 1.479331970214843750e+02
1.330385894775390625e+02 1.283812103271484375e+02 1.477615051269531250e+02
1.330769805908203125e+02 1.284772491455078125e+02 1.475868530273437500e+02
1.331141662597656250e+02 1.285680694580078125e+02 1.474078216552734375e+02
1.331489410400390625e+02 1.286524505615234375e+02 1.472237091064453125e+02
1.331786041259765625e+02 1.287342071533203125e+02 1.470376434326171875e+02
1.331999664306640625e+02 1.288188323974609375e+02 1.468540191650390625e+02
1.332098388671875000e+02 1.289118194580078125e+02 1.466772613525390625e+02
1.332050476074218750e+02 1.290186767578125000e+02 1.465118255615234375e+02
1.331828765869140625e+02 1.291447296142578125e+02 1.463619079589843750e+02
1.331542816162109375e+02 1.292899780273437500e+02 1.462261657714843750e+02
1.331408081054687500e+02 1.294472198486328125e+02 1.460971374511718750e+02
1.331216735839843750e+02 1.295961914062500000e+02 1.459672546386718750e+02
1.330596466064453125e+02 1.297144927978515625e+02 1.458305511474609375e+02
1.329567871093750000e+02 1.298065490722656250e+02 1.456890411376953125e+02
1.328288879394531250e+02 1.298861236572265625e+02 1.455475006103515625e+02
1.326917266845703125e+02 1.299669799804687500e+02 1.454106597900390625e+02
1.325610961914062500e+02 1.300628967285156250e+02 1.452833251953125000e+02
1.324524841308593750e+02 1.301873321533203125e+02 1.451700439453125000e+02
1.323594970703125000e+02 1.303320617675781250e+02 1.450622406005859375e+02
1.322714233398437500e+02 1.304785766601562500e+02 1.449475860595703125e+02
1.321927490234375000e+02 1.306200408935546875e+02 1.448223266601562500e+02
1.321280364990234375e+02 1.307497406005859375e+02 1.446827545166015625e+02
1.320818634033203125e+02 1.308609313964843750e+02 1.445251617431640625e+02
1.320535888671875000e+02 1.309501647949218750e+02 1.443487854003906250e+02
1.320076599121093750e+02 1.310364685058593750e+02 1.441731719970703125e+02
1.319424285888671875e+02 1.311248626708984375e+02 1.440033721923828125e+02
1.318898315429687500e+02 1.312039184570312500e+02 1.438285675048828125e+02
1.318745117187500000e+02 1.312643585205078125e+02 1.436398925781250000e+02
1.318638458251953125e+02 1.313142852783203125e+02 1.434453430175781250e+02
1.318212127685546875e+02 1.313677520751953125e+02 1.432568664550781250e+02
1.317606353759765625e+02 1.314342498779296875e+02 1.430779876708984375e+02
1.316927185058593750e+02 1.315152130126953125e+02 1.429082336425781250e+02
1.316194305419921875e+02 1.316062316894531250e+02 1.427449951171875000e+02
1.315425720214843750e+02 1.317027893066406250e+02 1.425855712890625000e+02
1.314639129638671875e+02 1.318003387451171875e+02 1.424273223876953125e+02
1.313852233886718750e+02 1.318943328857421875e+02 1.422675476074218750e+02
1.313083038330078125e+02 1.319802398681640625e+02 1.421035614013671875e+02
1.312349243164062500e+02 1.320535125732421875e+02 1.419327087402343750e+02
1.311676025390625000e+02 1.321101226806640625e+02 1.417523651123046875e+02
1.311473846435546875e+02 1.321720428466796875e+02 1.415650177001953125e+02
1.311875305175781250e+02 1.322507781982421875e+02 1.413817138671875000e+02
1.312494812011718750e+02 1.323318328857421875e+02 1.412075347900390625e+02
1.313031311035156250e+02 1.324125213623046875e+02 1.410343170166015625e+02
1.313238677978515625e+02 1.324910736083984375e+02 1.408536376953125000e+02
1.313185882568359375e+02 1.325628509521484375e+02 1.406648864746093750e+02
1.313074798583984375e+02 1.326220855712890625e+02 1.404707641601562500e+02
1.313107910156250000e+02 1.326629638671875000e+02 1.402740020751953125e+02
1.313350372314453125e+02 1.326789855957031250e+02 1.400757598876953125e+02
1.313522644042968750e+02 1.326726837158203125e+02 1.398751373291015625e+02
1.313511352539062500e+02 1.326573181152343750e+02 1.396747436523437500e+02
1.313241882324218750e+02 1.326450347900390625e+02 1.394768676757812500e+02
1.312879180908203125e+02 1.326358947753906250e+02 1.392800292968750000e+02
1.312380371093750000e+02 1.326274261474609375e+02 1.390868530273437500e+02
1.311672973632812500e+02 1.326184692382812500e+02 1.388990173339843750e+02
1.310848693847656250e+02 1.326063232421875000e+02 1.387146301269531250e+02
1.309998474121093750e+02 1.325882568359375000e+02 1.385318450927734375e+02
1.309214019775390625e+02 1.325615844726562500e+02 1.383488006591796875e+02
1.308586425781250000e+02 1.325235900878906250e+02 1.381636199951171875e+02
1.308170318603515625e+02 1.324741821289062500e+02 1.379750213623046875e+02
1.307926177978515625e+02 1.324198913574218750e+02 1.377831268310546875e+02
1.307800445556640625e+02 1.323682861328125000e+02 1.375883026123046875e+02
1.307739105224609375e+02 1.323269653320312500e+02 1.373909149169921875e+02
1.307689056396484375e+02 1.323028106689453125e+02 1.371913604736328125e+02
1.307610931396484375e+02 1.322928161621093750e+02 1.369908905029296875e+02
1.307475585937500000e+02 1.322865142822265625e+02 1.367913208007812500e+02
1.307254638671875000e+02 1.322735137939453125e+02 1.365944671630859375e+02
1.306939392089843750e+02 1.322494812011718750e+02 1.364010162353515625e+02
1.306539306640625000e+02 1.322157745361328125e+02 1.362105255126953125e+02
1.306064605712890625e+02 1.321740264892578125e+02 1.360225372314453125e+02
1.305525360107421875e+02 1.321258850097656250e+02 1.358365936279296875e+02
1.304931793212890625e+02 1.320729370117187500e+02 1.356522369384765625e+02
1.304294281005859375e+02 1.320168304443359375e+02 1.354690093994140625e+02
1.303623046875000000e+02 1.319591827392578125e+02 1.352864379882812500e+02
1.302928161621093750e+02 1.319016113281250000e+02 1.351040649414062500e+02
1.302219848632812500e+02 1.318457489013671875e+02 1.349214172363281250e+02
1.301508483886718750e+02 1.317932128906250000e+02 1.347380523681640625e+02
1.300804138183593750e+02 1.317456359863281250e+02 1.345534973144531250e+02
1.300117034912109375e+02 1.317046203613281250e+02 1.343672790527343750e+02
1.299491882324218750e+02 1.316640319824218750e+02 1.341802520751953125e+02
1.299095001220703125e+02 1.315903472900390625e+02 1.339978027343750000e+02
1.299030761718750000e+02 1.314709777832031250e+02 1.338227233886718750e+02
1.299244079589843750e+02 1.313416137695312500e+02 1.336513366699218750e+02
1.299663391113281250e+02 1.312429656982421875e+02 1.334793243408203125e+02
1.300217132568359375e+02 1.312156982421875000e+02 1.333023529052734375e+02
1.300811614990234375e+02 1.312669067382812500e+02 1.331175384521484375e+02
1.301306610107421875e+02 1.313155822753906250e+02 1.329261779785156250e+02
1.301671142578125000e+02 1.313380889892578125e+02 1.327298889160156250e+02
1.301915435791015625e+02 1.313370666503906250e+02 1.325301208496093750e+02
1.302050170898437500e+02 1.313151855468750000e+02 1.323283233642578125e+02
1.302085723876953125e+02 1.312751617431640625e+02 1.321259002685546875e+02
1.302032470703125000e+02 1.312196502685546875e+02 1.319243164062500000e+02
1.301900787353515625e+02 1.311513214111328125e+02 1.317249908447265625e+02
1.301701507568359375e+02 1.310728759765625000e+02 1.315293731689453125e+02
1.301444702148437500e+02 1.309869842529296875e+02 1.313388977050781250e+02
1.301141052246093750e+02 1.308963165283203125e+02 1.311549530029296875e+02
1.300797576904296875e+02 1.308028106689453125e+02 1.309775695800781250e+02
1.300418395996093750e+02 1.307075958251953125e+02 1.308050537109375000e+02
1.300006561279296875e+02 1.306117401123046875e+02 1.306356353759765625e+02
1.299565887451171875e+02 1.305162963867187500e+02 1.304675292968750000e+02
1.299099731445312500e+02 1.304223327636718750e+02 1.302989501953125000e+02
1.298602600097656250e+02 1.303310241699218750e+02 1.301284332275390625e+02
1.297909851074218750e+02 1.302466888427734375e+02 1.299602661132812500e+02
1.297098083496093750e+02 1.301733093261718750e+02 1.297916259765625000e+02
1.296349182128906250e+02 1.301137390136718750e+02 1.296164093017578125e+02
1.295740966796875000e+02 1.300673065185546875e+02 1.294325866699218750e+02
1.295245819091796875e+02 1.300298004150390625e+02 1.292423400878906250e+02
1.294831085205078125e+02 1.299968414306640625e+02 1.290480499267578125e+02
1.294463958740234375e+02 1.299640502929687500e+02 1.288520965576171875e+02
1.294111938476562500e+02 1.299270324707031250e+02 1.286568298339843750e+02
1.293742675781250000e+02 1.298814239501953125e+02 1.284646301269531250e+02
1.293354187011718750e+02 1.298242034912109375e+02 1.282764434814453125e+02
1.293125915527343750e+02 1.297641143798828125e+02 1.280868225097656250e+02
1.293145599365234375e+02 1.297107391357421875e+02 1.278940887451171875e+02
1.293160095214843750e+02 1.296584625244140625e+02 1.277004928588867188e+02
1.292922515869140625e+02 1.296133880615234375e+02 1.275070266723632812e+02
1.292398986816406250e+02 1.295986175537109375e+02 1.273140792846679688e+02
1.291625823974609375e+02 1.295919189453125000e+02 1.271289443969726562e+02
1.291002502441406250e+02 1.295997467041015625e+02 1.269398422241210938e+02
1.290551605224609375e+02 1.296177368164062500e+02 1.267451248168945312e+02
1.290078887939453125e+02 1.296302795410156250e+02 1.265488815307617188e+02
1.289619903564453125e+02 1.296407623291015625e+02 1.263499298095703125e+02
1.289141235351562500e+02 1.296539001464843750e+02 1.261515197753906250e+02
1.288609619140625000e+02 1.296743927001953125e+02 1.259569168090820312e+02
1.287991790771484375e+02 1.297069549560546875e+02 1.257693634033203125e+02
1.287254333496093750e+02 1.297562866210937500e+02 1.255921173095703125e+02
1.286371002197265625e+02 1.298271026611328125e+02 1.254282302856445312e+02
1.285574951171875000e+02 1.299236907958984375e+02 1.252725067138671875e+02
1.285006103515625000e+02 1.300325622558593750e+02 1.251137542724609375e+02
1.284472198486328125e+02 1.301289215087890625e+02 1.249455642700195312e+02
1.283961944580078125e+02 1.302110443115234375e+02 1.247688827514648438e+02
1.283541107177734375e+02 1.302866821289062500e+02 1.245875930786132812e+02
1.283275299072265625e+02 1.303635864257812500e+02 1.244055709838867188e+02
1.283202972412109375e+02 1.304464416503906250e+02 1.242247848510742188e+02
1.283264770507812500e+02 1.305291290283203125e+02 1.240405426025390625e+02
1.283390197753906250e+02 1.306050262451171875e+02 1.238483428955078125e+02
1.283540039062500000e+02 1.306738128662109375e+02 1.236493453979492188e+02
1.283681793212890625e+02 1.307364196777343750e+02 1.234458694458007812e+02
1.283783416748046875e+02 1.307938079833984375e+02 1.232402343750000000e+02
1.283812255859375000e+02 1.308469390869140625e+02 1.230347595214843750e+02
1.283736114501953125e+02 1.308967437744140625e+02 1.228317565917968750e+02
1.283522491455078125e+02 1.309441833496093750e+02 1.226335449218750000e+02
1.283139190673828125e+02 1.309902191162109375e+02 1.224424514770507812e+02
1.282553558349609375e+02 1.310357971191406250e+02 1.222607879638671875e+02
1.281733245849609375e+02 1.310818786621093750e+02 1.220908737182617188e+02
1.280646057128906250e+02 1.311293945312500000e+02 1.219350357055664062e+02
1.279394912719726562e+02 1.311771087646484375e+02 1.217864303588867188e+02
1.278358230590820312e+02 1.312203674316406250e+02 1.216207809448242188e+02
1.277538528442382812e+02 1.312624359130859375e+02 1.214409027099609375e+02
1.276896820068359375e+02 1.313073883056640625e+02 1.212525329589843750e+02
1.276394119262695312e+02 1.313592376708984375e+02 1.210614242553710938e+02
1.275991363525390625e+02 1.314220886230468750e+02 1.208733062744140625e+02
1.275643768310546875e+02 1.314962921142578125e+02 1.206899108886718750e+02
1.275326766967773438e+02 1.315752868652343750e+02 1.205062942504882812e+02
1.275092239379882812e+02 1.316485290527343750e+02 1.203206558227539062e+02
1.274997177124023438e+02 1.317048187255859375e+02 1.201312026977539062e+02
1.275074386596679688e+02 1.317370452880859375e+02 1.199368438720703125e+02
1.275281372070312500e+02 1.317506713867187500e+02 1.197386093139648438e+02
1.275560836791992188e+02 1.317536468505859375e+02 1.195379562377929688e+02
1.275855789184570312e+02 1.317538909912109375e+02 1.193363571166992188e+02
1.276108932495117188e+02 1.317593078613281250e+02 1.191352539062500000e+02
1.276263122558593750e+02 1.317778472900390625e+02 1.189361190795898438e+02
1.276264038085937500e+02 1.318172454833984375e+02 1.187403717041015625e+02
1.276320800781250000e+02 1.318678894042968750e+02 1.185469665527343750e+02
1.276753768920898438e+02 1.319021301269531250e+02 1.183535614013671875e+02
1.277348709106445312e+02 1.319108276367187500e+02 1.181624374389648438e+02
1.277956237792968750e+02 1.318923034667968750e+02 1.179746704101562500e+02
1.278556137084960938e+02 1.318511657714843750e+02 1.177895278930664062e+02
1.279135437011718750e+02 1.317923889160156250e+02 1.176061782836914062e+02
1.279680938720703125e+02 1.317209320068359375e+02 1.174237747192382812e+02
1.280179748535156250e+02 1.316417388916015625e+02 1.172414855957031250e+02
1.280618438720703125e+02 1.315597839355468750e+02 1.170584716796875000e+02
1.280984191894531250e+02 1.314799957275390625e+02 1.168739013671875000e+02
1.281256866455078125e+02 1.314063873291015625e+02 1.166871719360351562e+02
1.281395874023437500e+02 1.313401641845703125e+02 1.164983825683593750e+02
1.281357574462890625e+02 1.312820281982421875e+02 1.163077468872070312e+02
1.281107177734375000e+02 1.312322387695312500e+02 1.161156311035156250e+02
1.280664215087890625e+02 1.311879730224609375e+02 1.159233169555664062e+02
1.280068969726562500e+02 1.311453399658203125e+02 1.157324523925781250e+02
1.279361648559570312e+02 1.311004028320312500e+02 1.155446624755859375e+02
1.278582611083984375e+02 1.310492401123046875e+02 1.153615875244140625e+02
1.277772064208984375e+02 1.309879302978515625e+02 1.151848602294921875e+02
1.276970214843750000e+02 1.309125518798828125e+02 1.150161285400390625e+02
1.276217422485351562e+02 1.308191986083984375e+02 1.148570098876953125e+02
1.275552597045898438e+02 1.307040710449218750e+02 1.147091140747070312e+02
1.274963989257812500e+02 1.305691528320312500e+02 1.145721817016601562e+02
1.274371643066406250e+02 1.304241027832031250e+02 1.144434967041015625e+02
1.273690872192382812e+02 1.302791595458984375e+02 1.143201828002929688e+02
1.272837142944335938e+02 1.301445007324218750e+02 1.141993560791015625e+02
1.271725616455078125e+02 1.300303497314453125e+02 1.140781250000000000e+02
1.270271759033203125e+02 1.299469299316406250e+02 1.139536056518554688e+02
1.268390960693359375e+02 1.299044494628906250e+02 1.138229217529296875e+02
1.266118316650390625e+02 1.299114227294921875e+02 1.136896896362304688e+02
