1.255305404663085938e+02 1.230803909301757812e+02 1.185571441650390625e+02
1.255743179321289062e+02 1.231495208740234375e+02 1.187074203491210938e+02
1.256288070678710938e+02 1.232955169677734375e+02 1.188815155029296875e+02
1.256761093139648438e+02 1.234494476318359375e+02 1.189875717163085938e+02
1.257409591674804688e+02 1.235930862426757812e+02 1.191183166503906250e+02
1.258075332641601562e+02 1.237312545776367188e+02 1.192567291259765625e+02
1.258744964599609375e+02 1.238653106689453125e+02 1.193978805541992188e+02
1.259433975219726562e+02 1.239958877563476562e+02 1.195397338867187500e+02
1.260157623291015625e+02 1.241236038208007812e+02 1.196802215576171875e+02
1.260931549072265625e+02 1.242490921020507812e+02 1.198172988891601562e+02
1.261771011352539062e+02 1.243729629516601562e+02 1.199489135742187500e+02
1.262691574096679688e+02 1.244958496093750000e+02 1.200730133056640625e+02
1.263708572387695312e+02 1.246183700561523438e+02 1.201875534057617188e+02
1.264837188720703125e+02 1.247411499023437500e+02 1.202905120849609375e+02
1.266074523925781250e+02 1.248647689819335938e+02 1.203817291259765625e+02
1.267389907836914062e+02 1.249897613525390625e+02 1.204639739990234375e+02
1.268750152587890625e+02 1.251166534423828125e+02 1.205402221679687500e+02
1.270122299194335938e+02 1.252459564208984375e+02 1.206134872436523438e+02
1.271473159790039062e+02 1.253781967163085938e+02 1.206867523193359375e+02
1.272769699096679688e+02 1.255139007568359375e+02 1.207630157470703125e+02
1.273978805541992188e+02 1.256535873413085938e+02 1.208452682495117188e+02
1.274971008300781250e+02 1.257973785400390625e+02 1.209420166015625000e+02
1.275469360351562500e+02 1.259412612915039062e+02 1.210716247558593750e+02
1.275778961181640625e+02 1.260760803222656250e+02 1.212224731445312500e+02
1.276296463012695312e+02 1.261921234130859375e+02 1.213780899047851562e+02
1.277253265380859375e+02 1.262826766967773438e+02 1.215283432006835938e+02
1.278444671630859375e+02 1.263488998413085938e+02 1.216798095703125000e+02
1.279594802856445312e+02 1.263932266235351562e+02 1.218417968750000000e+02
1.280479125976562500e+02 1.264093017578125000e+02 1.220202713012695312e+02
1.281225738525390625e+02 1.263684158325195312e+02 1.222025756835937500e+02
1.281980133056640625e+02 1.263142089843750000e+02 1.223832855224609375e+02
1.282858276367187500e+02 1.263012542724609375e+02 1.225596771240234375e+02
1.283795928955078125e+02 1.263348007202148438e+02 1.227352676391601562e+02
1.284524993896484375e+02 1.263632888793945312e+02 1.229206008911132812e+02
1.285203552246093750e+02 1.263677978515625000e+02 1.231084671020507812e+02
1.286174926757812500e+02 1.263672180175781250e+02 1.232842254638671875e+02
1.287347259521484375e+02 1.263642578125000000e+02 1.234515075683593750e+02
1.288614807128906250e+02 1.263610076904296875e+02 1.236145324707031250e+02
1.289872131347656250e+02 1.263595733642578125e+02 1.237775115966796875e+02
1.291013488769531250e+02 1.263620452880859375e+02 1.239446563720703125e+02
1.291933288574218750e+02 1.263705368041992188e+02 1.241201858520507812e+02
1.292525787353515625e+02 1.263871383666992188e+02 1.243083114624023438e+02
1.292317047119140625e+02 1.264181365966796875e+02 1.245064392089843750e+02
1.292203979492187500e+02 1.264386596679687500e+02 1.247061538696289062e+02
1.292287902832031250e+02 1.264518585205078125e+02 1.249063262939453125e+02
1.292523498535156250e+02 1.264646987915039062e+02 1.251060791015625000e+02
1.292865295410156250e+02 1.264841461181640625e+02 1.253045501708984375e+02
1.293268127441406250e+02 1.265171585083007812e+02 1.255008697509765625e+02
1.293686828613281250e+02 1.265705718994140625e+02 1.256941604614257812e+02
1.294099578857421875e+02 1.266409225463867188e+02 1.258844528198242188e+02
1.294524688720703125e+02 1.267066116333007812e+02 1.260732955932617188e+02
1.294984893798828125e+02 1.267441940307617188e+02 1.262623977661132812e+02
1.295415039062500000e+02 1.267373046875000000e+02 1.264542236328125000e+02
1.295153198242187500e+02 1.267575531005859375e+02 1.266564025878906250e+02
1.295325012207031250e+02 1.267658691406250000e+02 1.268585205078125000e+02
1.295774383544921875e+02 1.267527008056640625e+02 1.270576019287109375e+02
1.296181640625000000e+02 1.267153472900390625e+02 1.272518310546875000e+02
1.296255798339843750e+02 1.266521301269531250e+02 1.274398269653320312e+02
1.296082763671875000e+02 1.265751190185546875e+02 1.276259078979492188e+02
1.295946807861328125e+02 1.265024032592773438e+02 1.278166046142578125e+02
1.295895385742187500e+02 1.264391555786132812e+02 1.280120086669921875e+02
1.295921325683593750e+02 1.263875732421875000e+02 1.282107238769531250e+02
1.296017456054687500e+02 1.263498535156250000e+02 1.284113922119140625e+02
1.296176910400390625e+02 1.263282012939453125e+02 1.286125946044921875e+02
1.296392211914062500e+02 1.263248062133789062e+02 1.288129577636718750e+02
1.296656341552734375e+02 1.263418807983398438e+02 1.290110931396484375e+02
1.296823425292968750e+02 1.263783493041992188e+02 1.292070922851562500e+02
1.296579437255859375e+02 1.264247055053710938e+02 1.294037628173828125e+02
1.296079711914062500e+02 1.264774780273437500e+02 1.296000061035156250e+02
1.295509643554687500e+02 1.265337524414062500e+02 1.297944793701171875e+02
1.295055084228515625e+02 1.265905914306640625e+02 1.299857940673828125e+02
1.294901580810546875e+02 1.266450729370117188e+02 1.301726074218750000e+02
1.295233764648437500e+02 1.266942825317382812e+02 1.303535614013671875e+02
1.296054229736328125e+02 1.267397537231445312e+02 1.305289916992187500e+02
1.296991882324218750e+02 1.267920761108398438e+02 1.307027435302734375e+02
1.297679748535156250e+02 1.268611831665039062e+02 1.308784790039062500e+02
1.298233032226562500e+02 1.269399490356445312e+02 1.310544433593750000e+02
1.298800659179687500e+02 1.270218811035156250e+02 1.312287292480468750e+02
1.299378814697265625e+02 1.271070632934570312e+02 1.314012756347656250e+02
1.299961547851562500e+02 1.271956405639648438e+02 1.315720062255859375e+02
1.300543212890625000e+02 1.272877883911132812e+02 1.317409057617187500e+02
1.301117706298828125e+02 1.273836593627929688e+02 1.319079437255859375e+02
1.301679077148437500e+02 1.274834289550781250e+02 1.320730590820312500e+02
1.302221527099609375e+02 1.275872421264648438e+02 1.322362060546875000e+02
1.302739105224609375e+02 1.276952819824218750e+02 1.323973693847656250e+02
1.303262786865234375e+02 1.277976074218750000e+02 1.325610809326171875e+02
1.303555450439453125e+02 1.278513565063476562e+02 1.327474670410156250e+02
1.303439025878906250e+02 1.278834075927734375e+02 1.329448547363281250e+02
1.303115081787109375e+02 1.279066925048828125e+02 1.331475982666015625e+02
1.302785644531250000e+02 1.279341583251953125e+02 1.333500366210937500e+02
1.302621765136718750e+02 1.279772796630859375e+02 1.335470428466796875e+02
1.302522735595703125e+02 1.280343475341796875e+02 1.337386169433593750e+02
1.302255706787109375e+02 1.280969696044921875e+02 1.339273223876953125e+02
1.301766052246093750e+02 1.281595916748046875e+02 1.341148071289062500e+02
1.301143493652343750e+02 1.282190399169921875e+02 1.343019714355468750e+02
1.300482330322265625e+02 1.282722473144531250e+02 1.344896545410156250e+02
1.299876861572265625e+02 1.283161010742187500e+02 1.346787567138671875e+02
1.299421234130859375e+02 1.283475036621093750e+02 1.348701171875000000e+02
1.299209442138671875e+02 1.283633880615234375e+02 1.350645904541015625e+02
1.299338836669921875e+02 1.283616790771484375e+02 1.352632904052734375e+02
1.299875030517578125e+02 1.283503570556640625e+02 1.354673767089843750e+02
1.300611267089843750e+02 1.283479919433593750e+02 1.356697235107421875e+02
1.301250457763671875e+02 1.283750762939453125e+02 1.358602447509765625e+02
1.301494750976562500e+02 1.284521026611328125e+02 1.360288085937500000e+02
1.301222534179687500e+02 1.285851287841796875e+02 1.361727752685546875e+02
1.300914306640625000e+02 1.287306060791015625e+02 1.363149566650390625e+02
1.300873260498046875e+02 1.288598480224609375e+02 1.364696655273437500e+02
1.301038360595703125e+02 1.289743957519531250e+02 1.366346435546875000e+02
1.301327819824218750e+02 1.290775451660156250e+02 1.368066864013671875e+02
1.301660003662109375e+02 1.291725921630859375e+02 1.369825744628906250e+02
1.301968231201171875e+02 1.292631835937500000e+02 1.371591796875000000e+02
1.302294616699218750e+02 1.293577880859375000e+02 1.373334960937500000e+02
1.302364959716796875e+02 1.294667358398437500e+02 1.374981384277343750e+02
1.302114868164062500e+02 1.295898437500000000e+02 1.376526184082031250e+02
1.301661529541015625e+02 1.297218017578125000e+02 1.378007507324218750e+02
1.301123504638671875e+02 1.298573150634765625e+02 1.379464416503906250e+02
1.300619354248046875e+02 1.299910430908203125e+02 1.380935363769531250e+02
1.300267486572265625e+02 1.301176605224609375e+02 1.382459411621093750e+02
1.300186462402343750e+02 1.302318572998046875e+02 1.384074859619140625e+02
1.300408172607421875e+02 1.303331146240234375e+02 1.385786437988281250e+02
1.300712280273437500e+02 1.304349365234375000e+02 1.387497558593750000e+02
1.301127166748046875e+02 1.305342407226562500e+02 1.389186859130859375e+02
1.301761474609375000e+02 1.306281890869140625e+02 1.390852203369140625e+02
1.302472991943359375e+02 1.307331542968750000e+02 1.392410736083984375e+02
1.303143157958984375e+02 1.308579406738281250e+02 1.393831176757812500e+02
1.303718109130859375e+02 1.309909820556640625e+02 1.395224304199218750e+02
1.304153900146484375e+02 1.311173706054687500e+02 1.396723632812500000e+02
1.304313507080078125e+02 1.312253570556640625e+02 1.398404083251953125e+02
1.304503326416015625e+02 1.313223114013671875e+02 1.400135803222656250e+02
1.304969177246093750e+02 1.314146118164062500e+02 1.401865844726562500e+02
1.305349578857421875e+02 1.314955139160156250e+02 1.403676147460937500e+02
1.305541839599609375e+02 1.315615997314453125e+02 1.405583190917968750e+02
1.305704803466796875e+02 1.316129302978515625e+02 1.407537078857421875e+02
1.306008453369140625e+02 1.316497039794921875e+02 1.409485168457031250e+02
1.306599273681640625e+02 1.316716613769531250e+02 1.411382293701171875e+02
1.307237548828125000e+02 1.316747589111328125e+02 1.413294830322265625e+02
1.307829437255859375e+02 1.316673278808593750e+02 1.415233001708984375e+02
1.308401947021484375e+02 1.316615142822265625e+02 1.417168579101562500e+02
1.308981933593750000e+02 1.316694335937500000e+02 1.419073333740234375e+02
1.309595794677734375e+02 1.317029266357421875e+02 1.420919952392578125e+02
1.310248107910156250e+02 1.317610473632812500e+02 1.422721405029296875e+02
1.310913696289062500e+02 1.318256683349609375e+02 1.424543762207031250e+02
1.311544952392578125e+02 1.318805999755859375e+02 1.426415100097656250e+02
1.312072753906250000e+02 1.319130706787109375e+02 1.428316802978515625e+02
1.312428283691406250e+02 1.319108886718750000e+02 1.430227966308593750e+02
1.312591400146484375e+02 1.318726043701171875e+02 1.432138671875000000e+02
1.312595977783203125e+02 1.318088378906250000e+02 1.434051361083984375e+02
1.312478637695312500e+02 1.317307891845703125e+02 1.435969543457031250e+02
1.312276000976562500e+02 1.316497192382812500e+02 1.437896270751953125e+02
1.312025146484375000e+02 1.315768280029296875e+02 1.439834747314453125e+02
1.311762542724609375e+02 1.315233612060546875e+02 1.441788177490234375e+02
1.311525115966796875e+02 1.315005493164062500e+02 1.443759918212890625e+02
1.311309814453125000e+02 1.315159606933593750e+02 1.445742340087890625e+02
1.310528717041015625e+02 1.315161437988281250e+02 1.447577362060546875e+02
1.309702911376953125e+02 1.315200347900390625e+02 1.449418334960937500e+02
1.309210968017578125e+02 1.315289459228515625e+02 1.451360321044921875e+02
1.308817443847656250e+02 1.315001373291015625e+02 1.453317565917968750e+02
1.308494873046875000e+02 1.314360351562500000e+02 1.455272674560546875e+02
1.308255462646484375e+02 1.313469543457031250e+02 1.457221832275390625e+02
1.308111572265625000e+02 1.312432556152343750e+02 1.459161224365234375e+02
1.308075561523437500e+02 1.311352844238281250e+02 1.461086883544921875e+02
1.308159484863281250e+02 1.310333862304687500e+02 1.462994689941406250e+02
1.308375701904296875e+02 1.309479064941406250e+02 1.464880828857421875e+02
1.308736419677734375e+02 1.308891754150390625e+02 1.466741333007812500e+02
1.309254150390625000e+02 1.308675689697265625e+02 1.468572235107421875e+02
1.309940185546875000e+02 1.308933868408203125e+02 1.470369873046875000e+02
1.310258941650390625e+02 1.309453125000000000e+02 1.472280883789062500e+02
1.310816650390625000e+02 1.309957275390625000e+02 1.474111175537109375e+02
1.311758117675781250e+02 1.310461120605468750e+02 1.475817565917968750e+02
1.312882080078125000e+02 1.310990295410156250e+02 1.477461242675781250e+02
1.313995819091796875e+02 1.311568603515625000e+02 1.479100189208984375e+02
1.315030822753906250e+02 1.312192993164062500e+02 1.480755615234375000e+02
1.316007232666015625e+02 1.312841339111328125e+02 1.482422332763671875e+02
1.316947631835937500e+02 1.313491363525390625e+02 1.484094543457031250e+02
1.317874145507812500e+02 1.314120330810546875e+02 1.485766296386718750e+02
1.318808898925781250e+02 1.314705810546875000e+02 1.487431945800781250e+02
1.319774322509765625e+02 1.315225067138671875e+02 1.489085388183593750e+02
1.320792694091796875e+02 1.315655822753906250e+02 1.490721130371093750e+02
1.321886291503906250e+02 1.315975494384765625e+02 1.492332916259765625e+02
1.323072814941406250e+02 1.316168060302734375e+02 1.493916625976562500e+02
1.324329223632812500e+02 1.316275787353515625e+02 1.495479125976562500e+02
1.325611267089843750e+02 1.316371307373046875e+02 1.497034149169921875e+02
1.326880798339843750e+02 1.316514129638671875e+02 1.498593597412109375e+02
1.328114624023437500e+02 1.316730957031250000e+02 1.500165100097656250e+02
1.329291229248046875e+02 1.317044525146484375e+02 1.501756286621093750e+02
1.330390014648437500e+02 1.317476043701171875e+02 1.503374328613281250e+02
1.331405944824218750e+02 1.317930603027343750e+02 1.505028839111328125e+02
1.332214965820312500e+02 1.318172607421875000e+02 1.506790618896484375e+02
1.332830352783203125e+02 1.318204956054687500e+02 1.508651123046875000e+02
1.333292694091796875e+02 1.318056488037109375e+02 1.510588531494140625e+02
1.333642272949218750e+02 1.317756347656250000e+02 1.512580718994140625e+02
1.333919830322265625e+02 1.317333221435546875e+02 1.514605560302734375e+02
1.334165649414062500e+02 1.316816101074218750e+02 1.516641082763671875e+02
1.334420318603515625e+02 1.316234130859375000e+02 1.518665008544921875e+02
1.334724426269531250e+02 1.315616302490234375e+02 1.520655517578125000e+02
1.335117797851562500e+02 1.314991302490234375e+02 1.522590789794921875e+02
1.335611724853515625e+02 1.314391021728515625e+02 1.524468383789062500e+02
1.336173858642578125e+02 1.313850708007812500e+02 1.526315307617187500e+02
1.336768341064453125e+02 1.313406066894531250e+02 1.528161163330078125e+02
1.337359313964843750e+02 1.313092498779296875e+02 1.530034942626953125e+02
1.337924804687500000e+02 1.312843780517578125e+02 1.531969146728515625e+02
1.338473663330078125e+02 1.312547607421875000e+02 1.533968811035156250e+02
1.339016571044921875e+02 1.312234649658203125e+02 1.536010742187500000e+02
1.339563751220703125e+02 1.311941375732421875e+02 1.538070526123046875e+02
1.340126037597656250e+02 1.311703948974609375e+02 1.540123901367187500e+02
1.340714111328125000e+02 1.311558532714843750e+02 1.542146148681640625e+02
1.341338195800781250e+02 1.311541442871093750e+02 1.544113159179687500e+02
1.342008972167968750e+02 1.311688842773437500e+02 1.546000366210937500e+02
1.342737121582031250e+02 1.312036895751953125e+02 1.547783508300781250e+02
1.343533020019531250e+02 1.312621917724609375e+02 1.549438323974609375e+02
1.344407348632812500e+02 1.313480224609375000e+02 1.550940246582031250e+02
1.345351867675781250e+02 1.314620513916015625e+02 1.552279357910156250e+02
1.346279296875000000e+02 1.315936126708984375e+02 1.553507537841796875e+02
1.347141418457031250e+02 1.317350769042968750e+02 1.554663543701171875e+02
1.347947387695312500e+02 1.318847198486328125e+02 1.555758056640625000e+02
1.348708496093750000e+02 1.320410003662109375e+02 1.556800842285156250e+02
1.349435882568359375e+02 1.322023925781250000e+02 1.557801513671875000e+02
1.350140991210937500e+02 1.323674011230468750e+02 1.558769531250000000e+02
1.350834808349609375e+02 1.325345001220703125e+02 1.559714965820312500e+02
1.351528778076171875e+02 1.327021484375000000e+02 1.560647125244140625e+02
1.352234191894531250e+02 1.328688507080078125e+02 1.561575775146484375e+02
1.352962036132812500e+02 1.330330657958984375e+02 1.562510528564453125e+02
1.353723907470703125e+02 1.331932983398437500e+02 1.563461151123046875e+02
1.354530639648437500e+02 1.333480072021484375e+02 1.564437408447265625e+02
1.355393829345703125e+02 1.334956817626953125e+02 1.565448608398437500e+02
1.356324615478515625e+02 1.336347961425781250e+02 1.566504821777343750e+02
1.357334289550781250e+02 1.337638244628906250e+02 1.567615356445312500e+02
1.358433837890625000e+02 1.338812561035156250e+02 1.568789978027343750e+02
1.359618530273437500e+02 1.339856109619140625e+02 1.570040893554687500e+02
1.360831604003906250e+02 1.340755615234375000e+02 1.571386871337890625e+02
1.362006072998046875e+02 1.341497955322265625e+02 1.572848968505859375e+02
1.363107757568359375e+02 1.342064056396484375e+02 1.574425964355468750e+02
1.364480285644531250e+02 1.342470550537109375e+02 1.575846405029296875e+02
1.366021728515625000e+02 1.342895507812500000e+02 1.577122650146484375e+02
1.367676544189453125e+02 1.343341979980468750e+02 1.578294525146484375e+02
1.369407196044921875e+02 1.343796844482421875e+02 1.579394531250000000e+02
1.371175994873046875e+02 1.344246673583984375e+02 1.580454864501953125e+02
1.372945556640625000e+02 1.344678344726562500e+02 1.581507568359375000e+02
1.374678192138671875e+02 1.345078430175781250e+02 1.582585144042968750e+02
1.376336669921875000e+02 1.345433807373046875e+02 1.583719787597656250e+02
1.377882995605468750e+02 1.345731201171875000e+02 1.584943695068359375e+02
1.379280090332031250e+02 1.345957336425781250e+02 1.586289215087890625e+02
1.380490264892578125e+02 1.346098937988281250e+02 1.587788543701171875e+02
1.381475982666015625e+02 1.346142730712890625e+02 1.589474029541015625e+02
1.382154846191406250e+02 1.346074523925781250e+02 1.591345977783203125e+02
1.382395019531250000e+02 1.345906677246093750e+02 1.593300781250000000e+02
1.382316894531250000e+02 1.345699462890625000e+02 1.595305175781250000e+02
1.382068634033203125e+02 1.345516967773437500e+02 1.597337341308593750e+02
1.381797790527343750e+02 1.345423431396484375e+02 1.599375610351562500e+02
1.381652374267578125e+02 1.345482788085937500e+02 1.601398010253906250e+02
1.381748352050781250e+02 1.345748443603515625e+02 1.603385467529296875e+02
1.381637420654296875e+02 1.346073455810546875e+02 1.605357055664062500e+02
1.381442108154296875e+02 1.346410064697265625e+02 1.607232666015625000e+02
1.381396179199218750e+02 1.346805725097656250e+02 1.609003448486328125e+02
1.381451721191406250e+02 1.347258453369140625e+02 1.610726470947265625e+02
1.381560821533203125e+02 1.347766723632812500e+02 1.612458801269531250e+02
1.381675872802734375e+02 1.348328857421875000e+02 1.614257659912109375e+02
1.381749114990234375e+02 1.348943328857421875e+02 1.616179962158203125e+02
1.381732635498046875e+02 1.349608306884765625e+02 1.618282928466796875e+02
1.381578674316406250e+02 1.350322113037109375e+02 1.620623626708984375e+02
1.381250457763671875e+02 1.351075897216796875e+02 1.623225860595703125e+02
1.380828247070312500e+02 1.351781921386718750e+02 1.625759735107421875e+02
1.380463409423828125e+02 1.352304992675781250e+02 1.627681274414062500e+02
1.380307922363281250e+02 1.352509613037109375e+02 1.628443298339843750e+02
