1.393020782470703125e+02 1.251568832397460938e+02 1.682312469482421875e+02
1.392656097412109375e+02 1.252148666381835938e+02 1.681626129150390625e+02
1.391762084960937500e+02 1.253463897705078125e+02 1.679949035644531250e+02
1.390638580322265625e+02 1.254877853393554688e+02 1.677854614257812500e+02
1.389530487060546875e+02 1.255889129638671875e+02 1.675802917480468750e+02
1.388489379882812500e+02 1.256470794677734375e+02 1.673856811523437500e+02
1.387524108886718750e+02 1.256700744628906250e+02 1.671992492675781250e+02
1.386643676757812500e+02 1.256656417846679688e+02 1.670185546875000000e+02
1.385857238769531250e+02 1.256415634155273438e+02 1.668411712646484375e+02
1.385173645019531250e+02 1.256055908203125000e+02 1.666646881103515625e+02
1.384602050781250000e+02 1.255654907226562500e+02 1.664866638183593750e+02
1.384151458740234375e+02 1.255290374755859375e+02 1.663047180175781250e+02
1.383830566406250000e+02 1.255039901733398438e+02 1.661163940429687500e+02
1.383648071289062500e+02 1.254968185424804688e+02 1.659201507568359375e+02
1.383608093261718750e+02 1.255074920654296875e+02 1.657188262939453125e+02
1.383713836669921875e+02 1.255339584350585938e+02 1.655166473388671875e+02
1.383968811035156250e+02 1.255741424560546875e+02 1.653178100585937500e+02
1.384374694824218750e+02 1.256259613037109375e+02 1.651264190673828125e+02
1.384897308349609375e+02 1.256866302490234375e+02 1.649426879882812500e+02
1.385460205078125000e+02 1.257525863647460938e+02 1.647623748779296875e+02
1.386006317138671875e+02 1.258212051391601562e+02 1.645822448730468750e+02
1.386561889648437500e+02 1.259053344726562500e+02 1.644095306396484375e+02
1.386650695800781250e+02 1.259724426269531250e+02 1.642237243652343750e+02
1.386325073242187500e+02 1.260206527709960938e+02 1.640275268554687500e+02
1.385777587890625000e+02 1.260590744018554688e+02 1.638309020996093750e+02
1.385147399902343750e+02 1.260946350097656250e+02 1.636401062011718750e+02
1.384472045898437500e+02 1.261301345825195312e+02 1.634543151855468750e+02
1.383777923583984375e+02 1.261679306030273438e+02 1.632718658447265625e+02
1.383091278076171875e+02 1.262103576660156250e+02 1.630911102294921875e+02
1.382438201904296875e+02 1.262597274780273438e+02 1.629104156494140625e+02
1.381835479736328125e+02 1.263171386718750000e+02 1.627289733886718750e+02
1.381287231445312500e+02 1.263820571899414062e+02 1.625469665527343750e+02
1.380796966552734375e+02 1.264538574218750000e+02 1.623646850585937500e+02
1.380368041992187500e+02 1.265318832397460938e+02 1.621824188232421875e+02
1.380003814697265625e+02 1.266155090332031250e+02 1.620004425048828125e+02
1.379707946777343750e+02 1.267040863037109375e+02 1.618190460205078125e+02
1.379483489990234375e+02 1.267969818115234375e+02 1.616385040283203125e+02
1.379334106445312500e+02 1.268935546875000000e+02 1.614591217041015625e+02
1.379263153076171875e+02 1.269931716918945312e+02 1.612811584472656250e+02
1.379273986816406250e+02 1.270951843261718750e+02 1.611049041748046875e+02
1.379369964599609375e+02 1.271989593505859375e+02 1.609306488037109375e+02
1.379554748535156250e+02 1.273038558959960938e+02 1.607586822509765625e+02
1.379831695556640625e+02 1.274085388183593750e+02 1.605888671875000000e+02
1.380207824707031250e+02 1.275063705444335938e+02 1.604181213378906250e+02
1.380678710937500000e+02 1.275896301269531250e+02 1.602421722412109375e+02
1.381120605468750000e+02 1.276671905517578125e+02 1.600608215332031250e+02
1.381503448486328125e+02 1.277437057495117188e+02 1.598757171630859375e+02
1.381835174560546875e+02 1.278203887939453125e+02 1.596882324218750000e+02
1.382123413085937500e+02 1.278984451293945312e+02 1.594997558593750000e+02
1.382375640869140625e+02 1.279790878295898438e+02 1.593116455078125000e+02
1.382599639892578125e+02 1.280635223388671875e+02 1.591253204345703125e+02
1.382802886962890625e+02 1.281529693603515625e+02 1.589421081542968750e+02
1.382993164062500000e+02 1.282486267089843750e+02 1.587634277343750000e+02
1.383177947998046875e+02 1.283517150878906250e+02 1.585906219482421875e+02
1.383364868164062500e+02 1.284634552001953125e+02 1.584250946044921875e+02
1.383561706542968750e+02 1.285850219726562500e+02 1.582682189941406250e+02
1.383775939941406250e+02 1.287176666259765625e+02 1.581213531494140625e+02
1.384015350341796875e+02 1.288625640869140625e+02 1.579858856201171875e+02
1.384286804199218750e+02 1.290208587646484375e+02 1.578631286621093750e+02
1.384583892822265625e+02 1.291914367675781250e+02 1.577522125244140625e+02
1.384884490966796875e+02 1.293706817626953125e+02 1.576499023437500000e+02
1.385166168212890625e+02 1.295548706054687500e+02 1.575528259277343750e+02
1.385405883789062500e+02 1.297402801513671875e+02 1.574576263427734375e+02
1.385581207275390625e+02 1.299231567382812500e+02 1.573609466552734375e+02
1.385669403076171875e+02 1.300997924804687500e+02 1.572594451904296875e+02
1.385647735595703125e+02 1.302664642333984375e+02 1.571497192382812500e+02
1.385493621826171875e+02 1.304194030761718750e+02 1.570284576416015625e+02
1.385184173583984375e+02 1.305549163818359375e+02 1.568922576904296875e+02
1.384696044921875000e+02 1.306692504882812500e+02 1.567380828857421875e+02
1.384169921875000000e+02 1.307794799804687500e+02 1.565776367187500000e+02
1.383647613525390625e+02 1.308968048095703125e+02 1.564215698242187500e+02
1.382961120605468750e+02 1.310108489990234375e+02 1.562730102539062500e+02
1.381964874267578125e+02 1.311122589111328125e+02 1.561343841552734375e+02
1.380751037597656250e+02 1.312021789550781250e+02 1.560009460449218750e+02
1.379553985595703125e+02 1.312880706787109375e+02 1.558636474609375000e+02
1.378600311279296875e+02 1.313773498535156250e+02 1.557138824462890625e+02
1.377938842773437500e+02 1.314751892089843750e+02 1.555522766113281250e+02
1.377461395263671875e+02 1.315847167968750000e+02 1.553875885009765625e+02
1.377071838378906250e+02 1.317080078125000000e+02 1.552271728515625000e+02
1.376739349365234375e+02 1.318430938720703125e+02 1.550717010498046875e+02
1.376449279785156250e+02 1.319870605468750000e+02 1.549203186035156250e+02
1.376186828613281250e+02 1.321369476318359375e+02 1.547721252441406250e+02
1.375937347412109375e+02 1.322898406982421875e+02 1.546262207031250000e+02
1.375685729980468750e+02 1.324428253173828125e+02 1.544817352294921875e+02
1.375417480468750000e+02 1.325929412841796875e+02 1.543377685546875000e+02
1.375117645263671875e+02 1.327372894287109375e+02 1.541934204101562500e+02
1.374771575927734375e+02 1.328729248046875000e+02 1.540478363037109375e+02
1.374364471435546875e+02 1.329969177246093750e+02 1.539000854492187500e+02
1.373881530761718750e+02 1.331063385009765625e+02 1.537492980957031250e+02
1.373307952880859375e+02 1.331982574462890625e+02 1.535945892333984375e+02
1.372628936767578125e+02 1.332697601318359375e+02 1.534350585937500000e+02
1.371830291748046875e+02 1.333179321289062500e+02 1.532698516845703125e+02
1.370923156738281250e+02 1.333418273925781250e+02 1.530987854003906250e+02
1.369956054687500000e+02 1.333434143066406250e+02 1.529228210449218750e+02
1.368981018066406250e+02 1.333248443603515625e+02 1.527429504394531250e+02
1.368049774169921875e+02 1.332883148193359375e+02 1.525601959228515625e+02
1.367214202880859375e+02 1.332359924316406250e+02 1.523755798339843750e+02
1.366525878906250000e+02 1.331700592041015625e+02 1.521901245117187500e+02
1.366036987304687500e+02 1.330926818847656250e+02 1.520048217773437500e+02
1.365769653320312500e+02 1.330082092285156250e+02 1.518200683593750000e+02
1.365661468505859375e+02 1.329271545410156250e+02 1.516344757080078125e+02
1.365634307861328125e+02 1.328611755371093750e+02 1.514462890625000000e+02
1.365610504150390625e+02 1.328218994140625000e+02 1.512537841796875000e+02
1.365552520751953125e+02 1.328143615722656250e+02 1.510561828613281250e+02
1.365515899658203125e+02 1.328283081054687500e+02 1.508549957275390625e+02
1.365569610595703125e+02 1.328513641357421875e+02 1.506520080566406250e+02
1.365763854980468750e+02 1.328735961914062500e+02 1.504487762451171875e+02
1.366079711914062500e+02 1.328944396972656250e+02 1.502459869384765625e+02
1.366481475830078125e+02 1.329154663085937500e+02 1.500440521240234375e+02
1.366933898925781250e+02 1.329382629394531250e+02 1.498434295654296875e+02
1.367401733398437500e+02 1.329644165039062500e+02 1.496445465087890625e+02
1.367849578857421875e+02 1.329955139160156250e+02 1.494478454589843750e+02
1.368242034912109375e+02 1.330331268310546875e+02 1.492537841796875000e+02
1.368543853759765625e+02 1.330788574218750000e+02 1.490627899169921875e+02
1.368719482421875000e+02 1.331342926025390625e+02 1.488753051757812500e+02
1.368733978271484375e+02 1.332009887695312500e+02 1.486917724609375000e+02
1.368551483154296875e+02 1.332805633544921875e+02 1.485126342773437500e+02
1.368157196044921875e+02 1.333699188232421875e+02 1.483372497558593750e+02
1.367592315673828125e+02 1.334527130126953125e+02 1.481619415283203125e+02
1.366909179687500000e+02 1.335103607177734375e+02 1.479824523925781250e+02
1.366210937500000000e+02 1.335352783203125000e+02 1.477959594726562500e+02
1.365690460205078125e+02 1.335429534912109375e+02 1.476026611328125000e+02
1.365317077636718750e+02 1.335451660156250000e+02 1.474056549072265625e+02
1.365003814697265625e+02 1.335437164306640625e+02 1.472078552246093750e+02
1.364702911376953125e+02 1.335287628173828125e+02 1.470102081298828125e+02
1.364310302734375000e+02 1.335038604736328125e+02 1.468143920898437500e+02
1.363879089355468750e+02 1.334812469482421875e+02 1.466195068359375000e+02
1.363462219238281250e+02 1.334731903076171875e+02 1.464246520996093750e+02
1.363088836669921875e+02 1.334869842529296875e+02 1.462292785644531250e+02
1.362710723876953125e+02 1.335140380859375000e+02 1.460339050292968750e+02
1.362264099121093750e+02 1.335424804687500000e+02 1.458392791748046875e+02
1.361713409423828125e+02 1.335626373291015625e+02 1.456460113525390625e+02
1.361091003417968750e+02 1.335701446533203125e+02 1.454543457031250000e+02
1.360439147949218750e+02 1.335614166259765625e+02 1.452644805908203125e+02
1.359800567626953125e+02 1.335328826904296875e+02 1.450765991210937500e+02
1.359192810058593750e+02 1.334838409423828125e+02 1.448912811279296875e+02
1.358542327880859375e+02 1.334241638183593750e+02 1.447103881835937500e+02
1.357755279541015625e+02 1.333661041259765625e+02 1.445361022949218750e+02
1.356773681640625000e+02 1.333184814453125000e+02 1.443692169189453125e+02
1.355750579833984375e+02 1.332698516845703125e+02 1.442025299072265625e+02
1.354779663085937500e+02 1.332155456542968750e+02 1.440330505371093750e+02
1.353598327636718750e+02 1.331877746582031250e+02 1.438764190673828125e+02
1.352093505859375000e+02 1.331909942626953125e+02 1.437412261962890625e+02
1.350644836425781250e+02 1.331508026123046875e+02 1.436118774414062500e+02
1.349314880371093750e+02 1.330867919921875000e+02 1.434771881103515625e+02
1.347953033447265625e+02 1.330529327392578125e+02 1.433375854492187500e+02
1.346563568115234375e+02 1.330468444824218750e+02 1.431947326660156250e+02
1.345152740478515625e+02 1.330654602050781250e+02 1.430503082275390625e+02
1.343726806640625000e+02 1.331057586669921875e+02 1.429059753417968750e+02
1.342291870117187500e+02 1.331647033691406250e+02 1.427634277343750000e+02
1.340854034423828125e+02 1.332392578125000000e+02 1.426242980957031250e+02
1.339419555664062500e+02 1.333264007568359375e+02 1.424902801513671875e+02
1.337994537353515625e+02 1.334230957031250000e+02 1.423630523681640625e+02
1.336585235595703125e+02 1.335262908935546875e+02 1.422442626953125000e+02
1.335200805664062500e+02 1.336329803466796875e+02 1.421349029541015625e+02
1.333883819580078125e+02 1.337402801513671875e+02 1.420276184082031250e+02
1.332699584960937500e+02 1.338454132080078125e+02 1.419095458984375000e+02
1.331704559326171875e+02 1.339466247558593750e+02 1.417705993652343750e+02
1.330908813476562500e+02 1.340472106933593750e+02 1.416148834228515625e+02
1.330308074951171875e+02 1.341520538330078125e+02 1.414508819580078125e+02
1.329898223876953125e+02 1.342660064697265625e+02 1.412870788574218750e+02
1.329672241210937500e+02 1.343925628662109375e+02 1.411309051513671875e+02
1.329575347900390625e+02 1.345139617919921875e+02 1.409732055664062500e+02
1.329526977539062500e+02 1.346054534912109375e+02 1.407980194091796875e+02
1.329480285644531250e+02 1.346718902587890625e+02 1.406083679199218750e+02
1.329394683837890625e+02 1.347240142822265625e+02 1.404110565185546875e+02
1.329229888916015625e+02 1.347725219726562500e+02 1.402128295898437500e+02
1.328945465087890625e+02 1.348281402587890625e+02 1.400204772949218750e+02
1.328501281738281250e+02 1.349015655517578125e+02 1.398407440185546875e+02
1.327893676757812500e+02 1.349949645996093750e+02 1.396750488281250000e+02
1.327197113037109375e+02 1.350925598144531250e+02 1.395134124755859375e+02
1.326495361328125000e+02 1.351763153076171875e+02 1.393444824218750000e+02
1.325878143310546875e+02 1.352359924316406250e+02 1.391614379882812500e+02
1.325449523925781250e+02 1.352825927734375000e+02 1.389698791503906250e+02
1.325314941406250000e+02 1.353305511474609375e+02 1.387774505615234375e+02
1.325497741699218750e+02 1.353884124755859375e+02 1.385886688232421875e+02
1.325886230468750000e+02 1.354551239013671875e+02 1.384030456542968750e+02
1.326357116699218750e+02 1.355287322998046875e+02 1.382196197509765625e+02
1.326786651611328125e+02 1.356072845458984375e+02 1.380374298095703125e+02
1.327051239013671875e+02 1.356888427734375000e+02 1.378555297851562500e+02
1.327075805664062500e+02 1.357715301513671875e+02 1.376731109619140625e+02
1.327122497558593750e+02 1.358455505371093750e+02 1.374878234863281250e+02
1.327337036132812500e+02 1.358886718750000000e+02 1.372934417724609375e+02
1.327621154785156250e+02 1.359065551757812500e+02 1.370928955078125000e+02
1.327870178222656250e+02 1.359067077636718750e+02 1.368897705078125000e+02
1.327989196777343750e+02 1.358961791992187500e+02 1.366872100830078125e+02
1.327924652099609375e+02 1.358801574707031250e+02 1.364867095947265625e+02
1.327633209228515625e+02 1.358633270263671875e+02 1.362892456054687500e+02
1.327076110839843750e+02 1.358500671386718750e+02 1.360958251953125000e+02
1.326308135986328125e+02 1.358381958007812500e+02 1.359064941406250000e+02
1.325472869873046875e+02 1.358193054199218750e+02 1.357204742431640625e+02
1.324716949462890625e+02 1.357847137451171875e+02 1.355369262695312500e+02
1.324187316894531250e+02 1.357257537841796875e+02 1.353550415039062500e+02
1.323719024658203125e+02 1.356578826904296875e+02 1.351732635498046875e+02
1.323129272460937500e+02 1.356040344238281250e+02 1.349890136718750000e+02
1.322584381103515625e+02 1.355493316650390625e+02 1.348039703369140625e+02
1.322115020751953125e+02 1.354865722656250000e+02 1.346202392578125000e+02
1.321738586425781250e+02 1.354114990234375000e+02 1.344391784667968750e+02
1.321445770263671875e+02 1.353255310058593750e+02 1.342607574462890625e+02
1.321223297119140625e+02 1.352308044433593750e+02 1.340847167968750000e+02
1.321058502197265625e+02 1.351294555664062500e+02 1.339108581542968750e+02
1.320938568115234375e+02 1.350236053466796875e+02 1.337389221191406250e+02
1.320850677490234375e+02 1.349154205322265625e+02 1.335687103271484375e+02
1.320782318115234375e+02 1.348069305419921875e+02 1.333998870849609375e+02
1.320727386474609375e+02 1.346994628906250000e+02 1.332310943603515625e+02
1.320680389404296875e+02 1.345939178466796875e+02 1.330608673095703125e+02
1.320630950927734375e+02 1.344912109375000000e+02 1.328888092041015625e+02
1.320568389892578125e+02 1.343923492431640625e+02 1.327145690917968750e+02
1.320481872558593750e+02 1.342982330322265625e+02 1.325378112792968750e+02
1.320360717773437500e+02 1.342098693847656250e+02 1.323582000732421875e+02
1.320194091796875000e+02 1.341281738281250000e+02 1.321753845214843750e+02
1.319971313476562500e+02 1.340541229248046875e+02 1.319890441894531250e+02
1.319681549072265625e+02 1.339886627197265625e+02 1.317988281250000000e+02
1.319313964843750000e+02 1.339327545166015625e+02 1.316044158935546875e+02
1.318883056640625000e+02 1.338878631591796875e+02 1.314060058593750000e+02
1.318529510498046875e+02 1.338579559326171875e+02 1.312065734863281250e+02
1.318433074951171875e+02 1.338477783203125000e+02 1.310099487304687500e+02
1.318760070800781250e+02 1.338615875244140625e+02 1.308197479248046875e+02
1.319493865966796875e+02 1.338964843750000000e+02 1.306365356445312500e+02
1.320482788085937500e+02 1.339443817138671875e+02 1.304586486816406250e+02
1.321572265625000000e+02 1.339970245361328125e+02 1.302843933105468750e+02
1.322607879638671875e+02 1.340461883544921875e+02 1.301120452880859375e+02
1.323435058593750000e+02 1.340836639404296875e+02 1.299398956298828125e+02
1.323902740478515625e+02 1.341013641357421875e+02 1.297662963867187500e+02
1.323960723876953125e+02 1.340961456298828125e+02 1.295904541015625000e+02
1.323673400878906250e+02 1.340703582763671875e+02 1.294126586914062500e+02
1.323110961914062500e+02 1.340266876220703125e+02 1.292332458496093750e+02
1.322343902587890625e+02 1.339677886962890625e+02 1.290525360107421875e+02
1.321442718505859375e+02 1.338963317871093750e+02 1.288708648681640625e+02
1.320477447509765625e+02 1.338150024414062500e+02 1.286885528564453125e+02
1.319518585205078125e+02 1.337264556884765625e+02 1.285059509277343750e+02
1.318636474609375000e+02 1.336333618164062500e+02 1.283233642578125000e+02
1.317901458740234375e+02 1.335383911132812500e+02 1.281411437988281250e+02
1.317384033203125000e+02 1.334442138671875000e+02 1.279596023559570312e+02
1.317144775390625000e+02 1.333531646728515625e+02 1.277791595458984375e+02
1.317075805664062500e+02 1.332618255615234375e+02 1.276014938354492188e+02
1.316943664550781250e+02 1.331625976562500000e+02 1.274290771484375000e+02
1.316712036132812500e+02 1.330561828613281250e+02 1.272606124877929688e+02
1.316482849121093750e+02 1.329490661621093750e+02 1.270921936035156250e+02
1.316359710693359375e+02 1.328477935791015625e+02 1.269198989868164062e+02
1.316376953125000000e+02 1.327553710937500000e+02 1.267420425415039062e+02
1.316439514160156250e+02 1.326681518554687500e+02 1.265611343383789062e+02
1.316438598632812500e+02 1.325818481445312500e+02 1.263801116943359375e+02
1.316267852783203125e+02 1.324923400878906250e+02 1.262017974853515625e+02
1.316022949218750000e+02 1.324146575927734375e+02 1.260191192626953125e+02
1.315914306640625000e+02 1.323506011962890625e+02 1.258291244506835938e+02
1.315913085937500000e+02 1.322771148681640625e+02 1.256416549682617188e+02
1.315985717773437500e+02 1.321977539062500000e+02 1.254559478759765625e+02
1.316099090576171875e+02 1.321174316406250000e+02 1.252706909179687500e+02
1.316220397949218750e+02 1.320410614013671875e+02 1.250845718383789062e+02
1.316316680908203125e+02 1.319735717773437500e+02 1.248962860107421875e+02
1.316354675292968750e+02 1.319198913574218750e+02 1.247044982910156250e+02
1.316311187744140625e+02 1.318842468261718750e+02 1.245080413818359375e+02
1.316447143554687500e+02 1.318514099121093750e+02 1.243121032714843750e+02
1.316184234619140625e+02 1.318628997802734375e+02 1.241156845092773438e+02
1.315650939941406250e+02 1.319088439941406250e+02 1.239205398559570312e+02
1.315108032226562500e+02 1.319699249267578125e+02 1.237292404174804688e+02
1.314635009765625000e+02 1.320385131835937500e+02 1.235417709350585938e+02
1.314231567382812500e+02 1.321121978759765625e+02 1.233570022583007812e+02
1.313896789550781250e+02 1.321885528564453125e+02 1.231737823486328125e+02
1.313629760742187500e+02 1.322652130126953125e+02 1.229909820556640625e+02
1.313429718017578125e+02 1.323397521972656250e+02 1.228074493408203125e+02
1.313295745849609375e+02 1.324097747802734375e+02 1.226220474243164062e+02
1.313227081298828125e+02 1.324728851318359375e+02 1.224336318969726562e+02
1.313222656250000000e+02 1.325266723632812500e+02 1.222410659790039062e+02
1.313269653320312500e+02 1.325692291259765625e+02 1.220436325073242188e+02
1.313083648681640625e+02 1.326099090576171875e+02 1.218504028320312500e+02
1.312402038574218750e+02 1.326634368896484375e+02 1.216716003417968750e+02
1.311548767089843750e+02 1.327332763671875000e+02 1.215002975463867188e+02
1.310894165039062500e+02 1.328208465576171875e+02 1.213279495239257812e+02
1.310531616210937500e+02 1.329212493896484375e+02 1.211514587402343750e+02
1.310388641357421875e+02 1.330257568359375000e+02 1.209709777832031250e+02
1.310390625000000000e+02 1.331256256103515625e+02 1.207867050170898438e+02
1.310462951660156250e+02 1.332121124267578125e+02 1.205988235473632812e+02
1.310530700683593750e+02 1.332764434814453125e+02 1.204075469970703125e+02
1.310519256591796875e+02 1.333098602294921875e+02 1.202130584716796875e+02
1.310355224609375000e+02 1.333045806884765625e+02 1.200156784057617188e+02
1.310032196044921875e+02 1.332866516113281250e+02 1.198190841674804688e+02
1.309586486816406250e+02 1.332708892822265625e+02 1.196247940063476562e+02
1.309043273925781250e+02 1.332564849853515625e+02 1.194323959350585938e+02
1.308428039550781250e+02 1.332426605224609375e+02 1.192415161132812500e+02
1.307765960693359375e+02 1.332285766601562500e+02 1.190517501831054688e+02
1.307082366943359375e+02 1.332134552001953125e+02 1.188627166748046875e+02
1.306402587890625000e+02 1.331964874267578125e+02 1.186740036010742188e+02
1.305745849609375000e+02 1.331777496337890625e+02 1.184853515625000000e+02
1.305050811767578125e+02 1.331689910888671875e+02 1.182980270385742188e+02
1.304308471679687500e+02 1.331737060546875000e+02 1.181119155883789062e+02
1.303564910888671875e+02 1.331870574951171875e+02 1.179256668090820312e+02
1.302866363525390625e+02 1.332041473388671875e+02 1.177379074096679688e+02
1.302259063720703125e+02 1.332201232910156250e+02 1.175472793579101562e+02
1.301784667968750000e+02 1.332306365966796875e+02 1.173526382446289062e+02
1.301452636718750000e+02 1.332350616455078125e+02 1.171543350219726562e+02
1.301257934570312500e+02 1.332344665527343750e+02 1.169533767700195312e+02
1.301195983886718750e+02 1.332298736572265625e+02 1.167507858276367188e+02
1.301261444091796875e+02 1.332223510742187500e+02 1.165475845336914062e+02
1.301449432373046875e+02 1.332129364013671875e+02 1.163447952270507812e+02
1.301755218505859375e+02 1.332026977539062500e+02 1.161434326171875000e+02
1.302173614501953125e+02 1.331926574707031250e+02 1.159445190429687500e+02
1.302699432373046875e+02 1.331839141845703125e+02 1.157490615844726562e+02
1.303322753906250000e+02 1.331783294677734375e+02 1.155579071044921875e+02
1.304029235839843750e+02 1.331784210205078125e+02 1.153717651367187500e+02
1.304804077148437500e+02 1.331864471435546875e+02 1.151907653808593750e+02
1.305629272460937500e+02 1.332033691406250000e+02 1.150122985839843750e+02
1.306486053466796875e+02 1.332297058105468750e+02 1.148328857421875000e+02
1.307355499267578125e+02 1.332660064697265625e+02 1.146490859985351562e+02
1.308176574707031250e+02 1.333045043945312500e+02 1.144590148925781250e+02
1.308661956787109375e+02 1.332935943603515625e+02 1.142693023681640625e+02
1.308680572509765625e+02 1.332407226562500000e+02 1.140600738525390625e+02
1.308514099121093750e+02 1.332338562011718750e+02 1.138060073852539062e+02
1.308247375488281250e+02 1.332583007812500000e+02 1.135433273315429688e+02
1.307959289550781250e+02 1.332969207763671875e+02 1.133094024658203125e+02
1.307728729248046875e+02 1.333326416015625000e+02 1.131416320800781250e+02
1.307634277343750000e+02 1.333483428955078125e+02 1.130774002075195312e+02
