1.262344436645507812e+02 1.314133758544921875e+02 1.084278411865234375e+02
1.262840347290039062e+02 1.314019317626953125e+02 1.084604187011718750e+02
1.264148712158203125e+02 1.313726348876953125e+02 1.085479812622070312e+02
1.266000061035156250e+02 1.313330383300781250e+02 1.086753005981445312e+02
1.268125305175781250e+02 1.312907104492187500e+02 1.088271255493164062e+02
1.270255050659179688e+02 1.312531890869140625e+02 1.089882278442382812e+02
1.272137451171875000e+02 1.312276763916015625e+02 1.091442108154296875e+02
1.273728408813476562e+02 1.312167358398437500e+02 1.092907943725585938e+02
1.275120010375976562e+02 1.312200164794921875e+02 1.094302978515625000e+02
1.276406784057617188e+02 1.312370452880859375e+02 1.095651855468750000e+02
1.277683105468750000e+02 1.312673950195312500e+02 1.096979064941406250e+02
1.279042434692382812e+02 1.313103942871093750e+02 1.098309555053710938e+02
1.280429382324218750e+02 1.313399353027343750e+02 1.099706878662109375e+02
1.281777191162109375e+02 1.313417053222656250e+02 1.101179122924804688e+02
1.283112792968750000e+02 1.313232727050781250e+02 1.102684860229492188e+02
1.284463348388671875e+02 1.312922668457031250e+02 1.104182586669921875e+02
1.285855560302734375e+02 1.312562866210937500e+02 1.105630874633789062e+02
1.287316741943359375e+02 1.312229156494140625e+02 1.106988143920898438e+02
1.288872985839843750e+02 1.311998138427734375e+02 1.108218994140625000e+02
1.290526580810546875e+02 1.311962280273437500e+02 1.109381408691406250e+02
1.291844024658203125e+02 1.312409973144531250e+02 1.110694046020507812e+02
1.292613830566406250e+02 1.313392028808593750e+02 1.112227706909179688e+02
1.293176574707031250e+02 1.314603576660156250e+02 1.113855209350585938e+02
1.293886871337890625e+02 1.315731048583984375e+02 1.115444564819335938e+02
1.294900360107421875e+02 1.316636047363281250e+02 1.116911163330078125e+02
1.295773620605468750e+02 1.317703704833984375e+02 1.118342132568359375e+02
1.296519622802734375e+02 1.318912200927734375e+02 1.119756851196289062e+02
1.297206573486328125e+02 1.320191192626953125e+02 1.121163482666015625e+02
1.297902679443359375e+02 1.321469573974609375e+02 1.122570343017578125e+02
1.298676147460937500e+02 1.322676696777343750e+02 1.123985671997070312e+02
1.299595336914062500e+02 1.323741912841796875e+02 1.125417556762695312e+02
1.300693359375000000e+02 1.324672851562500000e+02 1.126825637817382812e+02
1.301910095214843750e+02 1.325687561035156250e+02 1.128038787841796875e+02
1.303162994384765625e+02 1.326955261230468750e+02 1.128953170776367188e+02
1.304352111816406250e+02 1.328415679931640625e+02 1.129706344604492188e+02
1.305374450683593750e+02 1.329970397949218750e+02 1.130476379394531250e+02
1.306139984130859375e+02 1.331527862548828125e+02 1.131424102783203125e+02
1.306655883789062500e+02 1.333048248291015625e+02 1.132581481933593750e+02
1.306972198486328125e+02 1.334514465332031250e+02 1.133922729492187500e+02
1.307139587402343750e+02 1.335910186767578125e+02 1.135421829223632812e+02
1.307208404541015625e+02 1.337218475341796875e+02 1.137052688598632812e+02
1.307229156494140625e+02 1.338422698974609375e+02 1.138789215087890625e+02
1.307252349853515625e+02 1.339506225585937500e+02 1.140605392456054688e+02
1.307328491210937500e+02 1.340452423095703125e+02 1.142475128173828125e+02
1.307508239746093750e+02 1.341244354248046875e+02 1.144372329711914062e+02
1.307828521728515625e+02 1.341877136230468750e+02 1.146269378662109375e+02
1.307935943603515625e+02 1.342678375244140625e+02 1.148094711303710938e+02
1.307996215820312500e+02 1.343429260253906250e+02 1.149881744384765625e+02
1.308382873535156250e+02 1.343754882812500000e+02 1.151702270507812500e+02
1.309008789062500000e+02 1.343753051757812500e+02 1.153558044433593750e+02
1.309778137207031250e+02 1.343530273437500000e+02 1.155449676513671875e+02
1.310595397949218750e+02 1.343193206787109375e+02 1.157377395629882812e+02
1.311364898681640625e+02 1.342848205566406250e+02 1.159341812133789062e+02
1.311991119384765625e+02 1.342602081298828125e+02 1.161343307495117188e+02
1.312378234863281250e+02 1.342561035156250000e+02 1.163382263183593750e+02
1.312485351562500000e+02 1.342755584716796875e+02 1.165449523925781250e+02
1.312410736083984375e+02 1.343021850585937500e+02 1.167510986328125000e+02
1.312274475097656250e+02 1.343165435791015625e+02 1.169528884887695312e+02
1.312197113037109375e+02 1.342991485595703125e+02 1.171465148925781250e+02
1.312292785644531250e+02 1.342324829101562500e+02 1.173287582397460938e+02
1.312524108886718750e+02 1.341474456787109375e+02 1.175106964111328125e+02
1.312750549316406250e+02 1.341041412353515625e+02 1.177106018066406250e+02
1.312989196777343750e+02 1.341009521484375000e+02 1.179244461059570312e+02
1.313287200927734375e+02 1.341249084472656250e+02 1.181441040039062500e+02
1.313691406250000000e+02 1.341629638671875000e+02 1.183614730834960938e+02
1.314248657226562500e+02 1.342021484375000000e+02 1.185684204101562500e+02
1.315005950927734375e+02 1.342294311523437500e+02 1.187568283081054688e+02
1.316010131835937500e+02 1.342318115234375000e+02 1.189185791015625000e+02
1.317308044433593750e+02 1.341962738037109375e+02 1.190455474853515625e+02
1.318900451660156250e+02 1.341186828613281250e+02 1.191366882324218750e+02
1.320556640625000000e+02 1.340390014648437500e+02 1.192261657714843750e+02
1.321980590820312500e+02 1.340083618164062500e+02 1.193573913574218750e+02
1.323042602539062500e+02 1.340115203857421875e+02 1.195300445556640625e+02
1.323861999511718750e+02 1.340014190673828125e+02 1.197132263183593750e+02
1.324665374755859375e+02 1.339790344238281250e+02 1.198948669433593750e+02
1.325649566650390625e+02 1.339496612548828125e+02 1.200662841796875000e+02
1.326681671142578125e+02 1.339255981445312500e+02 1.202369003295898438e+02
1.327634582519531250e+02 1.339115142822265625e+02 1.204139938354492188e+02
1.328533172607421875e+02 1.339027252197265625e+02 1.205949859619140625e+02
1.329406585693359375e+02 1.338942871093750000e+02 1.207770233154296875e+02
1.330284271240234375e+02 1.338812408447265625e+02 1.209572753906250000e+02
1.331195220947265625e+02 1.338586273193359375e+02 1.211328887939453125e+02
1.332168731689453125e+02 1.338215026855468750e+02 1.213010253906250000e+02
1.333232116699218750e+02 1.337684783935546875e+02 1.214600524902343750e+02
1.334406127929687500e+02 1.337129058837890625e+02 1.216133499145507812e+02
1.335707702636718750e+02 1.336715087890625000e+02 1.217655334472656250e+02
1.337108154296875000e+02 1.336498107910156250e+02 1.219195251464843750e+02
1.338529815673828125e+02 1.336413269042968750e+02 1.220763778686523438e+02
1.339891967773437500e+02 1.336389160156250000e+02 1.222370681762695312e+02
1.341114196777343750e+02 1.336354522705078125e+02 1.224025878906250000e+02
1.342116394042968750e+02 1.336238098144531250e+02 1.225739059448242188e+02
1.342817993164062500e+02 1.335968780517578125e+02 1.227520065307617188e+02
1.343140106201171875e+02 1.335476989746093750e+02 1.229378356933593750e+02
1.343190460205078125e+02 1.334898529052734375e+02 1.231299819946289062e+02
1.343309326171875000e+02 1.334617309570312500e+02 1.233238449096679688e+02
1.343532409667968750e+02 1.334661102294921875e+02 1.235180587768554688e+02
1.343835144042968750e+02 1.334987182617187500e+02 1.237118911743164062e+02
1.344192810058593750e+02 1.335552673339843750e+02 1.239046325683593750e+02
1.344580688476562500e+02 1.336314544677734375e+02 1.240955734252929688e+02
1.344974212646484375e+02 1.337230377197265625e+02 1.242839813232421875e+02
1.345348663330078125e+02 1.338257141113281250e+02 1.244691543579101562e+02
1.345679168701171875e+02 1.339351959228515625e+02 1.246503753662109375e+02
1.345941314697265625e+02 1.340471954345703125e+02 1.248269195556640625e+02
1.346112213134765625e+02 1.341575012207031250e+02 1.249981765747070312e+02
1.346227569580078125e+02 1.342630920410156250e+02 1.251667175292968750e+02
1.346367950439453125e+02 1.343628540039062500e+02 1.253372955322265625e+02
1.346547546386718750e+02 1.344574432373046875e+02 1.255103607177734375e+02
1.346766204833984375e+02 1.345477905273437500e+02 1.256854705810546875e+02
1.347023925781250000e+02 1.346349029541015625e+02 1.258621597290039062e+02
1.347320709228515625e+02 1.347197113037109375e+02 1.260399932861328125e+02
1.347656707763671875e+02 1.348032073974609375e+02 1.262184982299804688e+02
1.348031921386718750e+02 1.348863372802734375e+02 1.263972396850585938e+02
1.348446197509765625e+02 1.349700775146484375e+02 1.265757598876953125e+02
1.348899688720703125e+02 1.350554046630859375e+02 1.267536010742187500e+02
1.349392395019531250e+02 1.351432647705078125e+02 1.269303131103515625e+02
1.349924316406250000e+02 1.352346496582031250e+02 1.271054382324218750e+02
1.350495300292968750e+02 1.353304901123046875e+02 1.272785415649414062e+02
1.351058807373046875e+02 1.354158782958984375e+02 1.274541931152343750e+02
1.351412658691406250e+02 1.354283294677734375e+02 1.276518402099609375e+02
1.351233673095703125e+02 1.353990020751953125e+02 1.278551712036132812e+02
1.350248718261718750e+02 1.354476776123046875e+02 1.280172119140625000e+02
1.349316253662109375e+02 1.354983062744140625e+02 1.281828308105468750e+02
1.348636627197265625e+02 1.355200653076171875e+02 1.283658599853515625e+02
1.348110809326171875e+02 1.355193786621093750e+02 1.285605621337890625e+02
1.347640228271484375e+02 1.355026702880859375e+02 1.287612152099609375e+02
1.347125549316406250e+02 1.354763488769531250e+02 1.289620819091796875e+02
1.346468353271484375e+02 1.354468536376953125e+02 1.291574096679687500e+02
1.345569458007812500e+02 1.354205932617187500e+02 1.293414764404296875e+02
1.344405059814453125e+02 1.354054412841796875e+02 1.295114288330078125e+02
1.343163452148437500e+02 1.354134368896484375e+02 1.296726531982421875e+02
1.342070770263671875e+02 1.354573364257812500e+02 1.298319244384765625e+02
1.341338195800781250e+02 1.355453643798828125e+02 1.299955902099609375e+02
1.341055755615234375e+02 1.356485137939453125e+02 1.301660003662109375e+02
1.341211853027343750e+02 1.357321166992187500e+02 1.303431396484375000e+02
1.341676940917968750e+02 1.357967834472656250e+02 1.305259094238281250e+02
1.342300109863281250e+02 1.358493041992187500e+02 1.307129821777343750e+02
1.342930908203125000e+02 1.358964996337890625e+02 1.309030151367187500e+02
1.343418884277343750e+02 1.359451599121093750e+02 1.310946960449218750e+02
1.343707122802734375e+02 1.359980621337890625e+02 1.312866821289062500e+02
1.344056091308593750e+02 1.360443725585937500e+02 1.314775543212890625e+02
1.344625701904296875e+02 1.360843048095703125e+02 1.316652984619140625e+02
1.345233459472656250e+02 1.361370391845703125e+02 1.318486785888671875e+02
1.345856018066406250e+02 1.362004241943359375e+02 1.320288085937500000e+02
1.346476593017578125e+02 1.362714843750000000e+02 1.322068786621093750e+02
1.347079010009765625e+02 1.363472595214843750e+02 1.323840789794921875e+02
1.347646942138671875e+02 1.364247741699218750e+02 1.325615997314453125e+02
1.348163909912109375e+02 1.365010833740234375e+02 1.327406005859375000e+02
1.348613739013671875e+02 1.365731964111328125e+02 1.329222717285156250e+02
1.348979949951171875e+02 1.366381683349609375e+02 1.331078033447265625e+02
1.349249877929687500e+02 1.366929779052734375e+02 1.332983245849609375e+02
1.349577331542968750e+02 1.367316589355468750e+02 1.334921417236328125e+02
1.349851379394531250e+02 1.367287139892578125e+02 1.336900787353515625e+02
1.349867553710937500e+02 1.367152099609375000e+02 1.338896484375000000e+02
1.349741973876953125e+02 1.367392730712890625e+02 1.340847930908203125e+02
1.349533233642578125e+02 1.367936706542968750e+02 1.342764282226562500e+02
1.349293060302734375e+02 1.368649291992187500e+02 1.344662170410156250e+02
1.349073028564453125e+02 1.369395904541015625e+02 1.346558532714843750e+02
1.348925170898437500e+02 1.370040283203125000e+02 1.348470458984375000e+02
1.348977966308593750e+02 1.370266723632812500e+02 1.350453796386718750e+02
1.349302062988281250e+02 1.370113372802734375e+02 1.352445220947265625e+02
1.349581451416015625e+02 1.369492645263671875e+02 1.354308166503906250e+02
1.349886932373046875e+02 1.368489074707031250e+02 1.356058807373046875e+02
1.350552673339843750e+02 1.367534027099609375e+02 1.357707366943359375e+02
1.351053924560546875e+02 1.366173400878906250e+02 1.359046630859375000e+02
1.351121673583984375e+02 1.364537811279296875e+02 1.360250854492187500e+02
1.350838165283203125e+02 1.363219451904296875e+02 1.361720275878906250e+02
1.350397338867187500e+02 1.362295227050781250e+02 1.363476409912109375e+02
1.350030975341796875e+02 1.361653594970703125e+02 1.365402984619140625e+02
1.349949951171875000e+02 1.361151275634765625e+02 1.367370605468750000e+02
1.349822235107421875e+02 1.360069885253906250e+02 1.369032440185546875e+02
1.349404907226562500e+02 1.358996276855468750e+02 1.370678100585937500e+02
1.348901672363281250e+02 1.358278350830078125e+02 1.372491607666015625e+02
1.348593139648437500e+02 1.357680206298828125e+02 1.374393768310546875e+02
1.348582763671875000e+02 1.356948699951171875e+02 1.376258544921875000e+02
1.348645782470703125e+02 1.355875091552734375e+02 1.377922973632812500e+02
1.348650817871093750e+02 1.354572906494140625e+02 1.379453430175781250e+02
1.348506317138671875e+02 1.353248443603515625e+02 1.380985565185546875e+02
1.348151397705078125e+02 1.352064361572265625e+02 1.382620544433593750e+02
1.347713928222656250e+02 1.350917205810546875e+02 1.384251403808593750e+02
1.347393341064453125e+02 1.349602050781250000e+02 1.385692596435546875e+02
1.347349548339843750e+02 1.347958374023437500e+02 1.386801452636718750e+02
1.347563781738281250e+02 1.346534423828125000e+02 1.388038787841796875e+02
1.348181457519531250e+02 1.345637817382812500e+02 1.389613037109375000e+02
1.349128112792968750e+02 1.345103759765625000e+02 1.391390075683593750e+02
1.350327911376953125e+02 1.344767456054687500e+02 1.393234710693359375e+02
1.351705169677734375e+02 1.344463653564453125e+02 1.395012207031250000e+02
1.353184204101562500e+02 1.344027099609375000e+02 1.396587829589843750e+02
1.354689483642578125e+02 1.343292694091796875e+02 1.397826538085937500e+02
1.356142883300781250e+02 1.342173767089843750e+02 1.398661346435546875e+02
1.357458496093750000e+02 1.341403350830078125e+02 1.399733581542968750e+02
1.358655700683593750e+02 1.341174774169921875e+02 1.401223602294921875e+02
1.359792480468750000e+02 1.341290130615234375e+02 1.402975463867187500e+02
1.360926971435546875e+02 1.341550750732421875e+02 1.404833068847656250e+02
1.362117614746093750e+02 1.341758575439453125e+02 1.406640014648437500e+02
1.363422546386718750e+02 1.341715087890625000e+02 1.408240356445312500e+02
1.364894866943359375e+02 1.341235046386718750e+02 1.409488525390625000e+02
1.366546630859375000e+02 1.340378112792968750e+02 1.410210266113281250e+02
1.368164978027343750e+02 1.339417877197265625e+02 1.410907897949218750e+02
1.369617462158203125e+02 1.338559112548828125e+02 1.411994934082031250e+02
1.371153259277343750e+02 1.337865447998046875e+02 1.413075103759765625e+02
1.372777557373046875e+02 1.337409362792968750e+02 1.414199829101562500e+02
1.374445495605468750e+02 1.337076110839843750e+02 1.415346374511718750e+02
1.376112823486328125e+02 1.336750640869140625e+02 1.416491546630859375e+02
1.377734527587890625e+02 1.336318206787109375e+02 1.417612457275390625e+02
1.379266357421875000e+02 1.335663909912109375e+02 1.418686218261718750e+02
1.380663604736328125e+02 1.334673461914062500e+02 1.419689941406250000e+02
1.381914672851562500e+02 1.333739929199218750e+02 1.420800323486328125e+02
1.383045043945312500e+02 1.333381195068359375e+02 1.422227935791015625e+02
1.384057617187500000e+02 1.333458557128906250e+02 1.423914337158203125e+02
1.384954986572265625e+02 1.333823394775390625e+02 1.425797119140625000e+02
1.385739898681640625e+02 1.334327545166015625e+02 1.427813720703125000e+02
1.386414642333984375e+02 1.334822998046875000e+02 1.429902191162109375e+02
1.386982116699218750e+02 1.335161132812500000e+02 1.431999969482421875e+02
1.387444763183593750e+02 1.335193786621093750e+02 1.434044799804687500e+02
1.387811279296875000e+02 1.334810943603515625e+02 1.435985107421875000e+02
1.388153381347656250e+02 1.334300842285156250e+02 1.437884063720703125e+02
1.388511657714843750e+02 1.333847351074218750e+02 1.439788970947265625e+02
1.388887634277343750e+02 1.333441162109375000e+02 1.441699218750000000e+02
1.389282684326171875e+02 1.333071136474609375e+02 1.443614349365234375e+02
1.389698028564453125e+02 1.332726440429687500e+02 1.445533294677734375e+02
1.390135192871093750e+02 1.332396392822265625e+02 1.447455444335937500e+02
1.390595397949218750e+02 1.332070159912109375e+02 1.449379882812500000e+02
1.391080169677734375e+02 1.331736450195312500e+02 1.451305999755859375e+02
1.391590576171875000e+02 1.331384887695312500e+02 1.453232727050781250e+02
1.392128295898437500e+02 1.331004180908203125e+02 1.455159301757812500e+02
1.392692718505859375e+02 1.330587615966796875e+02 1.457085418701171875e+02
1.393268127441406250e+02 1.330161437988281250e+02 1.459011230468750000e+02
1.393831634521484375e+02 1.329768371582031250e+02 1.460937957763671875e+02
1.394360046386718750e+02 1.329451141357421875e+02 1.462866973876953125e+02
1.394830322265625000e+02 1.329252929687500000e+02 1.464799041748046875e+02
1.395219116210937500e+02 1.329216308593750000e+02 1.466735687255859375e+02
1.395503387451171875e+02 1.329384155273437500e+02 1.468677673339843750e+02
1.395679931640625000e+02 1.329776153564453125e+02 1.470623321533203125e+02
1.395819854736328125e+02 1.330326690673828125e+02 1.472559509277343750e+02
1.396010589599609375e+02 1.330950469970703125e+02 1.474470367431640625e+02
1.396339874267578125e+02 1.331562042236328125e+02 1.476340332031250000e+02
1.396868743896484375e+02 1.332098236083984375e+02 1.478159027099609375e+02
1.397582550048828125e+02 1.332558135986328125e+02 1.479931335449218750e+02
1.398452911376953125e+02 1.332951812744140625e+02 1.481665191650390625e+02
1.399451751708984375e+02 1.333289794921875000e+02 1.483368072509765625e+02
1.400550689697265625e+02 1.333582153320312500e+02 1.485047760009765625e+02
1.401721649169921875e+02 1.333838958740234375e+02 1.486711730957031250e+02
1.402936096191406250e+02 1.334070587158203125e+02 1.488367919921875000e+02
1.404166259765625000e+02 1.334287414550781250e+02 1.490023956298828125e+02
1.405383605957031250e+02 1.334499359130859375e+02 1.491687316894531250e+02
1.406569671630859375e+02 1.334722290039062500e+02 1.493358612060546875e+02
1.407727050781250000e+02 1.334983062744140625e+02 1.495022888183593750e+02
1.408860931396484375e+02 1.335310363769531250e+02 1.496662597656250000e+02
1.409976806640625000e+02 1.335733032226562500e+02 1.498260803222656250e+02
1.411080017089843750e+02 1.336279602050781250e+02 1.499800109863281250e+02
1.412175598144531250e+02 1.336978759765625000e+02 1.501263580322265625e+02
1.413269500732421875e+02 1.337846984863281250e+02 1.502638702392578125e+02
1.414368133544921875e+02 1.338864288330078125e+02 1.503927764892578125e+02
1.415478363037109375e+02 1.340003509521484375e+02 1.505135955810546875e+02
1.416606903076171875e+02 1.341237945556640625e+02 1.506268463134765625e+02
1.417760772705078125e+02 1.342540283203125000e+02 1.507330169677734375e+02
1.418946380615234375e+02 1.343883666992187500e+02 1.508326416015625000e+02
1.420170745849609375e+02 1.345241241455078125e+02 1.509262237548828125e+02
1.421440734863281250e+02 1.346585845947265625e+02 1.510142669677734375e+02
1.422762908935546875e+02 1.347889709472656250e+02 1.510973815917968750e+02
1.424144897460937500e+02 1.349067687988281250e+02 1.511823577880859375e+02
1.425595855712890625e+02 1.349956359863281250e+02 1.512844390869140625e+02
1.427133483886718750e+02 1.350587463378906250e+02 1.513978576660156250e+02
1.428778076171875000e+02 1.351108398437500000e+02 1.515046386718750000e+02
1.430507965087890625e+02 1.351614074707031250e+02 1.515986938476562500e+02
1.432259216308593750e+02 1.352145843505859375e+02 1.516861572265625000e+02
1.433966064453125000e+02 1.352742004394531250e+02 1.517737274169921875e+02
1.435562286376953125e+02 1.353441314697265625e+02 1.518680725097656250e+02
1.436982879638671875e+02 1.354281768798828125e+02 1.519757995605468750e+02
1.438201751708984375e+02 1.355279083251953125e+02 1.520993957519531250e+02
1.439254150390625000e+02 1.356412658691406250e+02 1.522348327636718750e+02
1.440180511474609375e+02 1.357659301757812500e+02 1.523775482177734375e+02
1.441021575927734375e+02 1.358995666503906250e+02 1.525229949951171875e+02
1.441817932128906250e+02 1.360398254394531250e+02 1.526665649414062500e+02
1.442610015869140625e+02 1.361843719482421875e+02 1.528037109375000000e+02
1.443438720703125000e+02 1.363308868408203125e+02 1.529298553466796875e+02
1.444344329833984375e+02 1.364770050048828125e+02 1.530404205322265625e+02
1.445367736816406250e+02 1.366204071044921875e+02 1.531308441162109375e+02
1.446549377441406250e+02 1.367587432861328125e+02 1.531965637207031250e+02
1.447929840087890625e+02 1.368896789550781250e+02 1.532329711914062500e+02
1.449536895751953125e+02 1.370074462890625000e+02 1.532398986816406250e+02
1.451253204345703125e+02 1.371093902587890625e+02 1.532518463134765625e+02
1.452909393310546875e+02 1.372139129638671875e+02 1.532947692871093750e+02
1.454515228271484375e+02 1.373186645507812500e+02 1.533594055175781250e+02
1.456085815429687500e+02 1.374206237792968750e+02 1.534356079101562500e+02
1.457633666992187500e+02 1.375190887451171875e+02 1.535168762207031250e+02
1.459168548583984375e+02 1.376158294677734375e+02 1.536007690429687500e+02
1.460699920654296875e+02 1.377127685546875000e+02 1.536850128173828125e+02
1.462326507568359375e+02 1.378010559082031250e+02 1.537606506347656250e+02
1.463847198486328125e+02 1.379190673828125000e+02 1.538156738281250000e+02
1.465168914794921875e+02 1.380603332519531250e+02 1.538741149902343750e+02
1.466370849609375000e+02 1.381928100585937500e+02 1.539571990966796875e+02
1.467469329833984375e+02 1.383126678466796875e+02 1.540656433105468750e+02
1.468468017578125000e+02 1.384216156005859375e+02 1.541961669921875000e+02
1.469370574951171875e+02 1.385213775634765625e+02 1.543454437255859375e+02
1.470180664062500000e+02 1.386136932373046875e+02 1.545102081298828125e+02
1.470901947021484375e+02 1.387002716064453125e+02 1.546871337890625000e+02
1.471537933349609375e+02 1.387828521728515625e+02 1.548729095458984375e+02
1.472092590332031250e+02 1.388631439208984375e+02 1.550642547607421875e+02
1.472569274902343750e+02 1.389428863525390625e+02 1.552578735351562500e+02
1.472971801757812500e+02 1.390238037109375000e+02 1.554504394531250000e+02
1.473303833007812500e+02 1.391076202392578125e+02 1.556386566162109375e+02
1.473570251464843750e+02 1.391958923339843750e+02 1.558194732666015625e+02
1.473806457519531250e+02 1.392865600585937500e+02 1.559959411621093750e+02
1.474228515625000000e+02 1.393856048583984375e+02 1.561633300781250000e+02
1.474909973144531250e+02 1.394937744140625000e+02 1.563186187744140625e+02
1.475702972412109375e+02 1.395972290039062500e+02 1.564736633300781250e+02
1.476459350585937500e+02 1.396821441650390625e+02 1.566403656005859375e+02
1.477054290771484375e+02 1.397367095947265625e+02 1.568279571533203125e+02
1.477515716552734375e+02 1.397629394531250000e+02 1.570279235839843750e+02
1.477935180664062500e+02 1.397685241699218750e+02 1.572245178222656250e+02
1.478403625488281250e+02 1.397612152099609375e+02 1.574024047851562500e+02
1.478980255126953125e+02 1.397506561279296875e+02 1.575651855468750000e+02
1.479684295654296875e+02 1.397489624023437500e+02 1.577407531738281250e+02
1.480532226562500000e+02 1.397684173583984375e+02 1.579586639404296875e+02
1.481249237060546875e+02 1.398016815185546875e+02 1.581591644287109375e+02
