1.265340499877929688e+02 1.261119842529296875e+02 1.119397277832031250e+02
1.265646057128906250e+02 1.261803131103515625e+02 1.119876174926757812e+02
1.266285095214843750e+02 1.263475112915039062e+02 1.121059036254882812e+02
1.266840820312500000e+02 1.265568695068359375e+02 1.122565078735351562e+02
1.266897964477539062e+02 1.267518310546875000e+02 1.124014205932617188e+02
1.266328048706054688e+02 1.269040374755859375e+02 1.125208282470703125e+02
1.265637359619140625e+02 1.270472106933593750e+02 1.126354217529296875e+02
1.265129318237304688e+02 1.271587142944335938e+02 1.127838821411132812e+02
1.264789810180664062e+02 1.272188796997070312e+02 1.129712066650390625e+02
1.264648056030273438e+02 1.272454757690429688e+02 1.131827545166015625e+02
1.264733200073242188e+02 1.272562942504882812e+02 1.134038696289062500e+02
1.265074234008789062e+02 1.272691116333007812e+02 1.136199111938476562e+02
1.265700454711914062e+02 1.273017120361328125e+02 1.138162384033203125e+02
1.266603088378906250e+02 1.273646240234375000e+02 1.139843444824218750e+02
1.267623367309570312e+02 1.274395675659179688e+02 1.141401214599609375e+02
1.268569869995117188e+02 1.275049972534179688e+02 1.143037261962890625e+02
1.269304428100585938e+02 1.275802230834960938e+02 1.144764251708984375e+02
1.269797286987304688e+02 1.276857986450195312e+02 1.146514816284179688e+02
1.270129013061523438e+02 1.278088073730468750e+02 1.148270416259765625e+02
1.270388412475585938e+02 1.279337615966796875e+02 1.150016250610351562e+02
1.270664443969726562e+02 1.280451965332031250e+02 1.151737365722656250e+02
1.271045913696289062e+02 1.281276245117187500e+02 1.153419036865234375e+02
1.271621627807617188e+02 1.281655578613281250e+02 1.155046386718750000e+02
1.272454071044921875e+02 1.281477203369140625e+02 1.156611480712890625e+02
1.273473129272460938e+02 1.280836639404296875e+02 1.158140487670898438e+02
1.274567794799804688e+02 1.279894714355468750e+02 1.159670181274414062e+02
1.275627059936523438e+02 1.278811874389648438e+02 1.161237335205078125e+02
1.276539764404296875e+02 1.277748870849609375e+02 1.162878799438476562e+02
1.277194900512695312e+02 1.276866226196289062e+02 1.164631347656250000e+02
1.277482070922851562e+02 1.276323852539062500e+02 1.166531524658203125e+02
1.277375793457031250e+02 1.276190261840820312e+02 1.168584213256835938e+02
1.277013397216796875e+02 1.276358795166015625e+02 1.170733871459960938e+02
1.276550750732421875e+02 1.276702957153320312e+02 1.172918014526367188e+02
1.276143722534179688e+02 1.277096023559570312e+02 1.175074005126953125e+02
1.275948257446289062e+02 1.277411575317382812e+02 1.177139358520507812e+02
1.276120071411132812e+02 1.277522964477539062e+02 1.179051589965820312e+02
1.276815185546875000e+02 1.277303695678710938e+02 1.180748138427734375e+02
1.277638778686523438e+02 1.276931610107421875e+02 1.182286071777343750e+02
1.276742858886718750e+02 1.277512359619140625e+02 1.184098205566406250e+02
1.275625915527343750e+02 1.278477478027343750e+02 1.185978240966796875e+02
1.275529403686523438e+02 1.279292831420898438e+02 1.187735519409179688e+02
1.276295700073242188e+02 1.279957580566406250e+02 1.189390792846679688e+02
1.277598724365234375e+02 1.280534820556640625e+02 1.190990600585937500e+02
1.279112472534179688e+02 1.281088104248046875e+02 1.192581329345703125e+02
1.280510711669921875e+02 1.281680297851562500e+02 1.194209213256835938e+02
1.281474151611328125e+02 1.282372436523437500e+02 1.195919952392578125e+02
1.281910858154296875e+02 1.283130493164062500e+02 1.197729873657226562e+02
1.282021789550781250e+02 1.283810729980468750e+02 1.199616470336914062e+02
1.282281799316406250e+02 1.284448394775390625e+02 1.201490631103515625e+02
1.282727050781250000e+02 1.285054321289062500e+02 1.203367004394531250e+02
1.283072052001953125e+02 1.285559844970703125e+02 1.205299377441406250e+02
1.283194732666015625e+02 1.285970458984375000e+02 1.207260513305664062e+02
1.282988891601562500e+02 1.286299896240234375e+02 1.209218978881835938e+02
1.282531890869140625e+02 1.286674652099609375e+02 1.211141433715820312e+02
1.282088012695312500e+02 1.287332000732421875e+02 1.212993469238281250e+02
1.281822662353515625e+02 1.288196716308593750e+02 1.214801101684570312e+02
1.281724395751953125e+02 1.288684844970703125e+02 1.216686401367187500e+02
1.281797943115234375e+02 1.288595428466796875e+02 1.218671493530273438e+02
1.282079315185546875e+02 1.288125610351562500e+02 1.220678558349609375e+02
1.282604827880859375e+02 1.287486419677734375e+02 1.222625885009765625e+02
1.283379669189453125e+02 1.286856079101562500e+02 1.224459304809570312e+02
1.284302215576171875e+02 1.286301269531250000e+02 1.226215667724609375e+02
1.285249176025390625e+02 1.285866088867187500e+02 1.227950363159179688e+02
1.286097259521484375e+02 1.285594635009765625e+02 1.229718856811523438e+02
1.286723022460937500e+02 1.285531005859375000e+02 1.231576690673828125e+02
1.287137298583984375e+02 1.285626678466796875e+02 1.233528900146484375e+02
1.287721557617187500e+02 1.285595550537109375e+02 1.235434951782226562e+02
1.288469390869140625e+02 1.285442047119140625e+02 1.237292861938476562e+02
1.289330902099609375e+02 1.285201873779296875e+02 1.239116897583007812e+02
1.290256195068359375e+02 1.284910430908203125e+02 1.240921096801757812e+02
1.291195373535156250e+02 1.284603729248046875e+02 1.242719726562500000e+02
1.292098541259765625e+02 1.284317169189453125e+02 1.244526824951171875e+02
1.292915954589843750e+02 1.284086608886718750e+02 1.246356658935546875e+02
1.293597412109375000e+02 1.283947601318359375e+02 1.248223266601562500e+02
1.294093170166015625e+02 1.283935852050781250e+02 1.250140838623046875e+02
1.294389038085937500e+02 1.284063110351562500e+02 1.252115783691406250e+02
1.294693145751953125e+02 1.284195861816406250e+02 1.254104690551757812e+02
1.295064697265625000e+02 1.284308166503906250e+02 1.256089553833007812e+02
1.295496978759765625e+02 1.284419860839843750e+02 1.258065261840820312e+02
1.295983581542968750e+02 1.284551086425781250e+02 1.260026473999023438e+02
1.296517791748046875e+02 1.284721832275390625e+02 1.261968002319335938e+02
1.297092895507812500e+02 1.284951934814453125e+02 1.263884658813476562e+02
1.297702484130859375e+02 1.285261535644531250e+02 1.265771255493164062e+02
1.298339843750000000e+02 1.285670471191406250e+02 1.267622528076171875e+02
1.298998413085937500e+02 1.286198730468750000e+02 1.269433364868164062e+02
1.299667816162109375e+02 1.286859283447265625e+02 1.271201095581054688e+02
1.300320739746093750e+02 1.287631225585937500e+02 1.272936248779296875e+02
1.300924530029296875e+02 1.288484191894531250e+02 1.274652709960937500e+02
1.301450805664062500e+02 1.289389953613281250e+02 1.276363296508789062e+02
1.301905212402343750e+02 1.290338439941406250e+02 1.278068466186523438e+02
1.302308807373046875e+02 1.291328735351562500e+02 1.279763107299804688e+02
1.302683410644531250e+02 1.292359466552734375e+02 1.281442108154296875e+02
1.303050689697265625e+02 1.293429565429687500e+02 1.283100280761718750e+02
1.303432159423828125e+02 1.294538116455078125e+02 1.284732360839843750e+02
1.303849487304687500e+02 1.295683746337890625e+02 1.286333312988281250e+02
1.304323730468750000e+02 1.296865386962890625e+02 1.287898101806640625e+02
1.304826660156250000e+02 1.298058624267578125e+02 1.289445037841796875e+02
1.305235290527343750e+02 1.299194793701171875e+02 1.291036834716796875e+02
1.305432739257812500e+02 1.300211486816406250e+02 1.292732238769531250e+02
1.305452270507812500e+02 1.301142425537109375e+02 1.294508666992187500e+02
1.305405883789062500e+02 1.302071838378906250e+02 1.296300811767578125e+02
1.305406341552734375e+02 1.303084259033203125e+02 1.298043365478515625e+02
1.305566406250000000e+02 1.304264678955078125e+02 1.299670562744140625e+02
1.305908966064453125e+02 1.305596771240234375e+02 1.301171569824218750e+02
1.305914001464843750e+02 1.306458282470703125e+02 1.302862854003906250e+02
1.305421905517578125e+02 1.306696319580078125e+02 1.304810028076171875e+02
1.304666748046875000e+02 1.306642303466796875e+02 1.306818389892578125e+02
1.303870391845703125e+02 1.306612091064453125e+02 1.308712615966796875e+02
1.303095397949218750e+02 1.306719970703125000e+02 1.310512695312500000e+02
1.302324218750000000e+02 1.306972961425781250e+02 1.312292022705078125e+02
1.301534423828125000e+02 1.307364959716796875e+02 1.314062805175781250e+02
1.300703125000000000e+02 1.307888793945312500e+02 1.315832672119140625e+02
1.299807739257812500e+02 1.308537139892578125e+02 1.317609100341796875e+02
1.298847961425781250e+02 1.309282684326171875e+02 1.319399566650390625e+02
1.297960357666015625e+02 1.309976959228515625e+02 1.321212768554687500e+02
1.297332458496093750e+02 1.310425872802734375e+02 1.323057708740234375e+02
1.297152252197265625e+02 1.310434875488281250e+02 1.324943084716796875e+02
1.297447052001953125e+02 1.310015258789062500e+02 1.326879272460937500e+02
1.297720794677734375e+02 1.309827117919921875e+02 1.328872222900390625e+02
1.297802886962890625e+02 1.309994964599609375e+02 1.330881805419921875e+02
1.297689056396484375e+02 1.310392456054687500e+02 1.332852020263671875e+02
1.297405548095703125e+02 1.310945587158203125e+02 1.334758911132812500e+02
1.297009735107421875e+02 1.311632385253906250e+02 1.336609954833984375e+02
1.296560211181640625e+02 1.312433013916015625e+02 1.338414001464843750e+02
1.296115417480468750e+02 1.313327636718750000e+02 1.340179901123046875e+02
1.295733947753906250e+02 1.314296264648437500e+02 1.341916656494140625e+02
1.295474395751953125e+02 1.315319213867187500e+02 1.343633117675781250e+02
1.295390472412109375e+02 1.316376800537109375e+02 1.345337524414062500e+02
1.295486450195312500e+02 1.317451019287109375e+02 1.347033233642578125e+02
1.295736694335937500e+02 1.318524932861328125e+02 1.348719787597656250e+02
1.296115264892578125e+02 1.319582061767578125e+02 1.350397186279296875e+02
1.296596374511718750e+02 1.320605010986328125e+02 1.352065277099609375e+02
1.297080230712890625e+02 1.321567687988281250e+02 1.353755798339843750e+02
1.297595062255859375e+02 1.322373962402343750e+02 1.355516815185546875e+02
1.298103027343750000e+02 1.323126068115234375e+02 1.357301788330078125e+02
1.298338317871093750e+02 1.323754577636718750e+02 1.359194946289062500e+02
1.298556823730468750e+02 1.324637451171875000e+02 1.360983734130859375e+02
1.298739318847656250e+02 1.325715637207031250e+02 1.362694396972656250e+02
1.298932037353515625e+02 1.326843261718750000e+02 1.364375152587890625e+02
1.299181518554687500e+02 1.327874908447265625e+02 1.366074371337890625e+02
1.299533691406250000e+02 1.328665008544921875e+02 1.367840270996093750e+02
1.300008544921875000e+02 1.329155731201171875e+02 1.369693450927734375e+02
1.300576019287109375e+02 1.329459533691406250e+02 1.371600494384765625e+02
1.301199493408203125e+02 1.329708862304687500e+02 1.373521728515625000e+02
1.301842651367187500e+02 1.330035705566406250e+02 1.375417785644531250e+02
1.302469177246093750e+02 1.330572052001953125e+02 1.377248992919921875e+02
1.303044891357421875e+02 1.331327362060546875e+02 1.379018554687500000e+02
1.303539581298828125e+02 1.332025146484375000e+02 1.380829010009765625e+02
1.303840789794921875e+02 1.332584838867187500e+02 1.382733459472656250e+02
1.303843536376953125e+02 1.333013763427734375e+02 1.384690093994140625e+02
1.303832092285156250e+02 1.333190155029296875e+02 1.386687927246093750e+02
1.303982086181640625e+02 1.333331451416015625e+02 1.388682708740234375e+02
1.304107208251953125e+02 1.333221588134765625e+02 1.390675354003906250e+02
1.304192199707031250e+02 1.332852020263671875e+02 1.392652130126953125e+02
1.304273681640625000e+02 1.332276763916015625e+02 1.394595184326171875e+02
1.304388122558593750e+02 1.331550445556640625e+02 1.396486511230468750e+02
1.304570007324218750e+02 1.330736846923828125e+02 1.398324127197265625e+02
1.304850616455078125e+02 1.329914093017578125e+02 1.400129699707031250e+02
1.305261077880859375e+02 1.329161682128906250e+02 1.401927185058593750e+02
1.305813598632812500e+02 1.328532257080078125e+02 1.403734283447265625e+02
1.306470184326171875e+02 1.328008575439453125e+02 1.405554351806640625e+02
1.307184143066406250e+02 1.327561035156250000e+02 1.407387542724609375e+02
1.307909393310546875e+02 1.327160797119140625e+02 1.409234313964843750e+02
1.308599243164062500e+02 1.326778259277343750e+02 1.411095123291015625e+02
1.309207305908203125e+02 1.326384429931640625e+02 1.412970275878906250e+02
1.309687194824218750e+02 1.325949859619140625e+02 1.414860534667968750e+02
1.310001831054687500e+02 1.325449981689453125e+02 1.416764984130859375e+02
1.310165863037109375e+02 1.324883880615234375e+02 1.418677520751953125e+02
1.310211029052734375e+02 1.324258880615234375e+02 1.420590209960937500e+02
1.310169219970703125e+02 1.323582153320312500e+02 1.422494964599609375e+02
1.310072326660156250e+02 1.322861175537109375e+02 1.424383850097656250e+02
1.309953308105468750e+02 1.322103729248046875e+02 1.426248779296875000e+02
1.309977874755859375e+02 1.321383819580078125e+02 1.428088531494140625e+02
1.310248718261718750e+02 1.320756835937500000e+02 1.429914398193359375e+02
1.310704956054687500e+02 1.320204315185546875e+02 1.431738433837890625e+02
1.311284942626953125e+02 1.319707489013671875e+02 1.433572845458984375e+02
1.311926727294921875e+02 1.319247436523437500e+02 1.435430145263671875e+02
1.312568206787109375e+02 1.318805236816406250e+02 1.437322235107421875e+02
1.313147735595703125e+02 1.318362121582031250e+02 1.439261627197265625e+02
1.313603210449218750e+02 1.317899017333984375e+02 1.441260375976562500e+02
1.313915405273437500e+02 1.317404022216796875e+02 1.443310546875000000e+02
1.314274291992187500e+02 1.316898193359375000e+02 1.445304718017578125e+02
1.314933776855468750e+02 1.316413269042968750e+02 1.447105255126953125e+02
1.316136932373046875e+02 1.315989685058593750e+02 1.448581085205078125e+02
1.317577819824218750e+02 1.315995635986328125e+02 1.449933776855468750e+02
1.318986053466796875e+02 1.316438140869140625e+02 1.451324615478515625e+02
1.320324859619140625e+02 1.317077331542968750e+02 1.452768554687500000e+02
1.321564178466796875e+02 1.317684020996093750e+02 1.454275360107421875e+02
1.322778472900390625e+02 1.318188018798828125e+02 1.455783691406250000e+02
1.324120330810546875e+02 1.318644256591796875e+02 1.457180938720703125e+02
1.325593261718750000e+02 1.319080810546875000e+02 1.458505096435546875e+02
1.327098999023437500e+02 1.319497070312500000e+02 1.459859466552734375e+02
1.328598022460937500e+02 1.319896545410156250e+02 1.461254577636718750e+02
1.330052490234375000e+02 1.320282897949218750e+02 1.462698211669921875e+02
1.331424713134765625e+02 1.320659942626953125e+02 1.464197692871093750e+02
1.332677307128906250e+02 1.321031036376953125e+02 1.465760803222656250e+02
1.333772430419921875e+02 1.321400146484375000e+02 1.467395019531250000e+02
1.334672546386718750e+02 1.321770629882812500e+02 1.469107818603515625e+02
1.335340118408203125e+02 1.322146301269531250e+02 1.470906829833984375e+02
1.335753326416015625e+02 1.322529907226562500e+02 1.472795257568359375e+02
1.335997161865234375e+02 1.322917175292968750e+02 1.474746551513671875e+02
1.336199340820312500e+02 1.323301849365234375e+02 1.476722717285156250e+02
1.336488189697265625e+02 1.323677215576171875e+02 1.478685150146484375e+02
1.336929168701171875e+02 1.324055480957031250e+02 1.480607910156250000e+02
1.337395324707031250e+02 1.324506988525390625e+02 1.482502136230468750e+02
1.337746887207031250e+02 1.325101776123046875e+02 1.484383392333984375e+02
1.337977447509765625e+02 1.325842590332031250e+02 1.486249084472656250e+02
1.338127288818359375e+02 1.326709594726562500e+02 1.488090972900390625e+02
1.338236236572265625e+02 1.327682495117187500e+02 1.489900207519531250e+02
1.338344726562500000e+02 1.328741149902343750e+02 1.491668701171875000e+02
1.338492889404296875e+02 1.329865570068359375e+02 1.493387756347656250e+02
1.338720855712890625e+02 1.331035614013671875e+02 1.495048980712890625e+02
1.339068756103515625e+02 1.332231140136718750e+02 1.496643829345703125e+02
1.339576568603515625e+02 1.333432006835937500e+02 1.498163604736328125e+02
1.340284881591796875e+02 1.334618072509765625e+02 1.499600219726562500e+02
1.341217498779296875e+02 1.335758361816406250e+02 1.500959320068359375e+02
1.342247467041015625e+02 1.336718750000000000e+02 1.502381744384765625e+02
1.343227539062500000e+02 1.337447967529296875e+02 1.503971099853515625e+02
1.344105529785156250e+02 1.338103485107421875e+02 1.505662078857421875e+02
1.344847106933593750e+02 1.338842163085937500e+02 1.507380828857421875e+02
1.345506134033203125e+02 1.339662322998046875e+02 1.509095458984375000e+02
1.346180877685546875e+02 1.340482788085937500e+02 1.510795745849609375e+02
1.346970214843750000e+02 1.341221313476562500e+02 1.512471008300781250e+02
1.347886199951171875e+02 1.341856384277343750e+02 1.514134674072265625e+02
1.348730316162109375e+02 1.342515869140625000e+02 1.515855560302734375e+02
1.349427947998046875e+02 1.343249359130859375e+02 1.517653656005859375e+02
1.350011138916015625e+02 1.344038391113281250e+02 1.519510345458984375e+02
1.350513610839843750e+02 1.344863433837890625e+02 1.521406402587890625e+02
1.350969238281250000e+02 1.345704650878906250e+02 1.523322296142578125e+02
1.351411743164062500e+02 1.346542358398437500e+02 1.525238494873046875e+02
1.351875000000000000e+02 1.347356719970703125e+02 1.527135925292968750e+02
1.352392883300781250e+02 1.348128204345703125e+02 1.528995056152343750e+02
1.352999267578125000e+02 1.348836975097656250e+02 1.530796356201171875e+02
1.353727722167968750e+02 1.349463348388671875e+02 1.532520599365234375e+02
1.354612274169921875e+02 1.349987640380859375e+02 1.534148559570312500e+02
1.355686645507812500e+02 1.350390014648437500e+02 1.535660400390625000e+02
1.356984710693359375e+02 1.350650787353515625e+02 1.537037200927734375e+02
1.358523864746093750e+02 1.350762176513671875e+02 1.538270263671875000e+02
1.360141754150390625e+02 1.350847015380859375e+02 1.539471588134765625e+02
1.361598358154296875e+02 1.351088104248046875e+02 1.540803222656250000e+02
1.362908935546875000e+02 1.351512756347656250e+02 1.542242279052734375e+02
1.364208831787109375e+02 1.352074279785156250e+02 1.543678283691406250e+02
1.365634460449218750e+02 1.352725830078125000e+02 1.545000457763671875e+02
1.367266693115234375e+02 1.353428649902343750e+02 1.546139373779296875e+02
1.369026641845703125e+02 1.354167022705078125e+02 1.547146606445312500e+02
1.370806121826171875e+02 1.354929351806640625e+02 1.548094940185546875e+02
1.372497558593750000e+02 1.355704193115234375e+02 1.549056854248046875e+02
1.373993072509765625e+02 1.356479949951171875e+02 1.550105590820312500e+02
1.375184936523437500e+02 1.357245330810546875e+02 1.551313476562500000e+02
1.375965576171875000e+02 1.357988586425781250e+02 1.552753601074218750e+02
1.376296386718750000e+02 1.358693695068359375e+02 1.554457702636718750e+02
1.376300048828125000e+02 1.359333648681640625e+02 1.556361541748046875e+02
1.376122741699218750e+02 1.359880065917968750e+02 1.558387603759765625e+02
1.375910644531250000e+02 1.360304412841796875e+02 1.560458068847656250e+02
1.375809783935546875e+02 1.360578155517578125e+02 1.562495117187500000e+02
1.375915985107421875e+02 1.360736694335937500e+02 1.564447631835937500e+02
1.376196136474609375e+02 1.360850067138671875e+02 1.566330413818359375e+02
1.376600494384765625e+02 1.360944519042968750e+02 1.568165435791015625e+02
1.377079315185546875e+02 1.361046295166015625e+02 1.569975128173828125e+02
1.377582855224609375e+02 1.361181335449218750e+02 1.571781311035156250e+02
1.378061523437500000e+02 1.361375885009765625e+02 1.573606109619140625e+02
1.378465270996093750e+02 1.361656036376953125e+02 1.575471954345703125e+02
1.378744659423828125e+02 1.362048034667968750e+02 1.577400512695312500e+02
1.378849639892578125e+02 1.362577972412109375e+02 1.579414367675781250e+02
1.378730773925781250e+02 1.363271789550781250e+02 1.581535186767578125e+02
1.378338012695312500e+02 1.364155883789062500e+02 1.583785400390625000e+02
1.377624511718750000e+02 1.365253601074218750e+02 1.586182861328125000e+02
1.376768798828125000e+02 1.366360778808593750e+02 1.588371734619140625e+02
1.376346740722656250e+02 1.366873168945312500e+02 1.589340972900390625e+02
