1.640325775146484375e+02 1.772399444580078125e+02 1.830152893066406250e+02
1.641694488525390625e+02 1.772186737060546875e+02 1.829729309082031250e+02
1.644284667968750000e+02 1.771701965332031250e+02 1.829194335937500000e+02
1.646520385742187500e+02 1.771118927001953125e+02 1.829268798828125000e+02
1.648364410400390625e+02 1.770488433837890625e+02 1.829830169677734375e+02
1.649983673095703125e+02 1.769844970703125000e+02 1.830643615722656250e+02
1.651545715332031250e+02 1.769223022460937500e+02 1.831474456787109375e+02
1.653210754394531250e+02 1.768655090332031250e+02 1.832097320556640625e+02
1.655027923583984375e+02 1.768144531250000000e+02 1.832435455322265625e+02
1.656959075927734375e+02 1.767672119140625000e+02 1.832528533935546875e+02
1.658963470458984375e+02 1.767217407226562500e+02 1.832419738769531250e+02
1.661000671386718750e+02 1.766760559082031250e+02 1.832152252197265625e+02
1.663029937744140625e+02 1.766280975341796875e+02 1.831768798828125000e+02
1.665010681152343750e+02 1.765758972167968750e+02 1.831312866210937500e+02
1.666903991699218750e+02 1.765176086425781250e+02 1.830828704833984375e+02
1.668768615722656250e+02 1.764633178710937500e+02 1.830436706542968750e+02
1.670675354003906250e+02 1.764223632812500000e+02 1.830208435058593750e+02
1.672619628906250000e+02 1.763937683105468750e+02 1.830121917724609375e+02
1.674596099853515625e+02 1.763764038085937500e+02 1.830154724121093750e+02
1.676599578857421875e+02 1.763691711425781250e+02 1.830284271240234375e+02
1.678624572753906250e+02 1.763709564208984375e+02 1.830487823486328125e+02
1.680666046142578125e+02 1.763806457519531250e+02 1.830742797851562500e+02
1.682718505859375000e+02 1.763971405029296875e+02 1.831026611328125000e+02
1.684776763916015625e+02 1.764193267822265625e+02 1.831316680908203125e+02
1.686835632324218750e+02 1.764461059570312500e+02 1.831590423583984375e+02
1.688889770507812500e+02 1.764763641357421875e+02 1.831825256347656250e+02
1.690933532714843750e+02 1.765090332031250000e+02 1.831998596191406250e+02
1.692961425781250000e+02 1.765433349609375000e+02 1.832088012695312500e+02
1.694966888427734375e+02 1.765785217285156250e+02 1.832070770263671875e+02
1.696943817138671875e+02 1.766138610839843750e+02 1.831924743652343750e+02
1.698886260986328125e+02 1.766486358642578125e+02 1.831627349853515625e+02
1.700787963867187500e+02 1.766821136474609375e+02 1.831156005859375000e+02
1.702642974853515625e+02 1.767135009765625000e+02 1.830488891601562500e+02
1.704465789794921875e+02 1.767315673828125000e+02 1.829684448242187500e+02
1.706291198730468750e+02 1.767258911132812500e+02 1.828870544433593750e+02
1.708130798339843750e+02 1.767107238769531250e+02 1.828072662353515625e+02
1.709994506835937500e+02 1.767017211914062500e+02 1.827309722900390625e+02
1.711892089843750000e+02 1.767079162597656250e+02 1.826628723144531250e+02
1.713832244873046875e+02 1.767205047607421875e+02 1.826152038574218750e+02
1.715819091796875000e+02 1.767301177978515625e+02 1.825975341796875000e+02
1.717827606201171875e+02 1.767415313720703125e+02 1.825972290039062500e+02
1.719823913574218750e+02 1.767643280029296875e+02 1.825940246582031250e+02
1.721792755126953125e+02 1.768016204833984375e+02 1.825784759521484375e+02
1.723740844726562500e+02 1.768488922119140625e+02 1.825538482666015625e+02
1.725676422119140625e+02 1.769012451171875000e+02 1.825240631103515625e+02
1.727607421875000000e+02 1.769537353515625000e+02 1.824930419921875000e+02
1.729541931152343750e+02 1.770014648437500000e+02 1.824647064208984375e+02
1.731488037109375000e+02 1.770395050048828125e+02 1.824430084228515625e+02
1.733453979492187500e+02 1.770629425048828125e+02 1.824318695068359375e+02
1.735444793701171875e+02 1.770675964355468750e+02 1.824339447021484375e+02
1.737448730468750000e+02 1.770540618896484375e+02 1.824433898925781250e+02
1.739446716308593750e+02 1.770248718261718750e+02 1.824510498046875000e+02
1.741420440673828125e+02 1.769825134277343750e+02 1.824481811523437500e+02
1.743361053466796875e+02 1.769288024902343750e+02 1.824338531494140625e+02
1.745267486572265625e+02 1.768649749755859375e+02 1.824135742187500000e+02
1.747139282226562500e+02 1.767922515869140625e+02 1.823930816650390625e+02
1.748975677490234375e+02 1.767118530273437500e+02 1.823781127929687500e+02
1.750776062011718750e+02 1.766250000000000000e+02 1.823743896484375000e+02
1.752540130615234375e+02 1.765329437255859375e+02 1.823872680664062500e+02
1.754273071289062500e+02 1.764369201660156250e+02 1.824163665771484375e+02
1.755984649658203125e+02 1.763382720947265625e+02 1.824569702148437500e+02
1.757684478759765625e+02 1.762382812500000000e+02 1.825042266845703125e+02
1.759382476806640625e+02 1.761383056640625000e+02 1.825533294677734375e+02
1.761088256835937500e+02 1.760396270751953125e+02 1.825993957519531250e+02
1.762811431884765625e+02 1.759435577392578125e+02 1.826376190185546875e+02
1.764561767578125000e+02 1.758514251708984375e+02 1.826631317138671875e+02
1.766349182128906250e+02 1.757645416259765625e+02 1.826711120605468750e+02
1.768175048828125000e+02 1.756830139160156250e+02 1.826602783203125000e+02
1.770006256103515625e+02 1.756012573242187500e+02 1.826459960937500000e+02
1.771863861083984375e+02 1.755184020996093750e+02 1.826300048828125000e+02
1.773752593994140625e+02 1.754374389648437500e+02 1.826108398437500000e+02
1.775667114257812500e+02 1.753611602783203125e+02 1.825887298583984375e+02
1.777601776123046875e+02 1.752923736572265625e+02 1.825639343261718750e+02
1.779551239013671875e+02 1.752338867187500000e+02 1.825366668701171875e+02
1.781510009765625000e+02 1.751884918212890625e+02 1.825071716308593750e+02
1.783472595214843750e+02 1.751589813232421875e+02 1.824756927490234375e+02
1.785433807373046875e+02 1.751481781005859375e+02 1.824424743652343750e+02
1.787387847900390625e+02 1.751588592529296875e+02 1.824077606201171875e+02
1.789326477050781250e+02 1.751925048828125000e+02 1.823706665039062500e+02
1.791214904785156250e+02 1.752389984130859375e+02 1.823207855224609375e+02
1.793023986816406250e+02 1.752859649658203125e+02 1.822488403320312500e+02
1.794800720214843750e+02 1.753358306884765625e+02 1.821699829101562500e+02
1.796610565185546875e+02 1.753947601318359375e+02 1.821054382324218750e+02
1.798398132324218750e+02 1.754266052246093750e+02 1.820360260009765625e+02
1.799981079101562500e+02 1.753866119384765625e+02 1.819074401855468750e+02
1.801510467529296875e+02 1.753625488281250000e+02 1.817760314941406250e+02
1.803143768310546875e+02 1.753564147949218750e+02 1.816696624755859375e+02
1.804939117431640625e+02 1.753555145263671875e+02 1.815941619873046875e+02
1.806860351562500000e+02 1.753566131591796875e+02 1.815426635742187500e+02
1.808867492675781250e+02 1.753568267822265625e+02 1.815077972412109375e+02
1.810920410156250000e+02 1.753533020019531250e+02 1.814821624755859375e+02
1.812979125976562500e+02 1.753431549072265625e+02 1.814583740234375000e+02
1.815003662109375000e+02 1.753235321044921875e+02 1.814290618896484375e+02
1.816957244873046875e+02 1.752917480468750000e+02 1.813880157470703125e+02
1.818895111083984375e+02 1.752513885498046875e+02 1.813583679199218750e+02
1.820808563232421875e+02 1.752148742675781250e+02 1.813068695068359375e+02
1.822745056152343750e+02 1.752070007324218750e+02 1.812632446289062500e+02
1.824741668701171875e+02 1.752277679443359375e+02 1.812552032470703125e+02
1.826764831542968750e+02 1.752455749511718750e+02 1.812678222656250000e+02
1.828779449462890625e+02 1.752400817871093750e+02 1.812908172607421875e+02
1.830753021240234375e+02 1.752124176025390625e+02 1.813254089355468750e+02
1.832653961181640625e+02 1.751658172607421875e+02 1.813738861083984375e+02
1.834454193115234375e+02 1.751040649414062500e+02 1.814382324218750000e+02
1.836204376220703125e+02 1.750423431396484375e+02 1.815139923095703125e+02
1.838003845214843750e+02 1.750012359619140625e+02 1.815920867919921875e+02
1.839834136962890625e+02 1.749742889404296875e+02 1.816698608398437500e+02
1.841650695800781250e+02 1.749487609863281250e+02 1.817471923828125000e+02
1.843462677001953125e+02 1.749237213134765625e+02 1.818249053955078125e+02
1.845291900634765625e+02 1.749009246826171875e+02 1.819039611816406250e+02
1.847160034179687500e+02 1.748820800781250000e+02 1.819853668212890625e+02
1.849077148437500000e+02 1.748672027587890625e+02 1.820682220458984375e+02
1.851024322509765625e+02 1.748519744873046875e+02 1.821466674804687500e+02
1.852977600097656250e+02 1.748312988281250000e+02 1.822140197753906250e+02
1.854913177490234375e+02 1.748001403808593750e+02 1.822636260986328125e+02
1.856807250976562500e+02 1.747534027099609375e+02 1.822888031005859375e+02
1.858636016845703125e+02 1.746860504150390625e+02 1.822829132080078125e+02
1.860393829345703125e+02 1.745972747802734375e+02 1.822482757568359375e+02
1.862140350341796875e+02 1.745013275146484375e+02 1.822182006835937500e+02
1.863938903808593750e+02 1.744132843017578125e+02 1.822102813720703125e+02
1.865820159912109375e+02 1.743453521728515625e+02 1.822069396972656250e+02
1.867751922607421875e+02 1.742983093261718750e+02 1.821819763183593750e+02
1.869698944091796875e+02 1.742578430175781250e+02 1.821499786376953125e+02
1.871571044921875000e+02 1.741966705322265625e+02 1.821119842529296875e+02
1.873282928466796875e+02 1.741445770263671875e+02 1.820215148925781250e+02
1.874925079345703125e+02 1.741149139404296875e+02 1.819109191894531250e+02
1.876732635498046875e+02 1.741174011230468750e+02 1.818198547363281250e+02
1.878658905029296875e+02 1.741356201171875000e+02 1.817530059814453125e+02
1.880646514892578125e+02 1.741520843505859375e+02 1.817138061523437500e+02
1.882639312744140625e+02 1.741577606201171875e+02 1.816939697265625000e+02
1.884592132568359375e+02 1.741506652832031250e+02 1.816547088623046875e+02
1.886504364013671875e+02 1.741321105957031250e+02 1.815958404541015625e+02
1.888383026123046875e+02 1.741085205078125000e+02 1.815222320556640625e+02
1.890234985351562500e+02 1.740863037109375000e+02 1.814387817382812500e+02
1.892067413330078125e+02 1.740718841552734375e+02 1.813503417968750000e+02
1.893887176513671875e+02 1.740717163085937500e+02 1.812617950439453125e+02
1.895701293945312500e+02 1.740921630859375000e+02 1.811779937744140625e+02
1.897497863769531250e+02 1.741264343261718750e+02 1.810957183837890625e+02
1.899232482910156250e+02 1.741429443359375000e+02 1.809971160888671875e+02
1.900930023193359375e+02 1.741469726562500000e+02 1.808898162841796875e+02
1.902656250000000000e+02 1.741500091552734375e+02 1.807881317138671875e+02
1.904481964111328125e+02 1.741531066894531250e+02 1.807006835937500000e+02
1.906371307373046875e+02 1.741625518798828125e+02 1.806241455078125000e+02
1.908232116699218750e+02 1.741877136230468750e+02 1.805491943359375000e+02
1.909971771240234375e+02 1.742379913330078125e+02 1.804664459228515625e+02
1.911527709960937500e+02 1.743185424804687500e+02 1.803690795898437500e+02
1.913121643066406250e+02 1.743946990966796875e+02 1.802746124267578125e+02
1.914863433837890625e+02 1.744557037353515625e+02 1.802082061767578125e+02
1.916485748291015625e+02 1.745498809814453125e+02 1.801710968017578125e+02
1.918011627197265625e+02 1.746712493896484375e+02 1.801581268310546875e+02
1.919471282958984375e+02 1.748125000000000000e+02 1.801641540527343750e+02
1.920895233154296875e+02 1.749663543701171875e+02 1.801840362548828125e+02
1.922313690185546875e+02 1.751255187988281250e+02 1.802126312255859375e+02
1.923757171630859375e+02 1.752826995849609375e+02 1.802447967529296875e+02
1.925255889892578125e+02 1.754306030273437500e+02 1.802753753662109375e+02
1.926840362548828125e+02 1.755619354248046875e+02 1.802992248535156250e+02
1.928540802001953125e+02 1.756694030761718750e+02 1.803112182617187500e+02
1.930382537841796875e+02 1.757467956542968750e+02 1.803072662353515625e+02
1.932262268066406250e+02 1.758147888183593750e+02 1.803094177246093750e+02
1.934116058349609375e+02 1.758866119384765625e+02 1.803292541503906250e+02
1.935954284667968750e+02 1.759602203369140625e+02 1.803621063232421875e+02
1.937787475585937500e+02 1.760335998535156250e+02 1.804033050537109375e+02
1.939625701904296875e+02 1.761047058105468750e+02 1.804481658935546875e+02
1.941479644775390625e+02 1.761714935302734375e+02 1.804920196533203125e+02
1.943358459472656250e+02 1.762321319580078125e+02 1.805305938720703125e+02
1.945263519287109375e+02 1.762862854003906250e+02 1.805627899169921875e+02
1.947192535400390625e+02 1.763343505859375000e+02 1.805889129638671875e+02
1.949142913818359375e+02 1.763766784667968750e+02 1.806092987060546875e+02
1.951112518310546875e+02 1.764136657714843750e+02 1.806242828369140625e+02
1.953098754882812500e+02 1.764456787109375000e+02 1.806341857910156250e+02
1.955099182128906250e+02 1.764730987548828125e+02 1.806393432617187500e+02
1.957111663818359375e+02 1.764963073730468750e+02 1.806401062011718750e+02
1.959133453369140625e+02 1.765155639648437500e+02 1.806367797851562500e+02
1.961160583496093750e+02 1.765300750732421875e+02 1.806298828125000000e+02
1.963187713623046875e+02 1.765382843017578125e+02 1.806200256347656250e+02
1.965209960937500000e+02 1.765386505126953125e+02 1.806077728271484375e+02
1.967222290039062500e+02 1.765296173095703125e+02 1.805937500000000000e+02
1.969219207763671875e+02 1.765096282958984375e+02 1.805785522460937500e+02
1.971195983886718750e+02 1.764771423339843750e+02 1.805627746582031250e+02
1.973147277832031250e+02 1.764306030273437500e+02 1.805469970703125000e+02
1.975068054199218750e+02 1.763684844970703125e+02 1.805318450927734375e+02
1.976961822509765625e+02 1.762942657470703125e+02 1.805197143554687500e+02
1.978852844238281250e+02 1.762237243652343750e+02 1.805173339843750000e+02
1.980768585205078125e+02 1.761745300292968750e+02 1.805321197509765625e+02
1.982724456787109375e+02 1.761575775146484375e+02 1.805693054199218750e+02
1.984666442871093750e+02 1.761451568603515625e+02 1.806211090087890625e+02
1.986570281982421875e+02 1.761224365234375000e+02 1.806810760498046875e+02
1.988444213867187500e+02 1.760904541015625000e+02 1.807463684082031250e+02
1.990296630859375000e+02 1.760504455566406250e+02 1.808141784667968750e+02
1.992135925292968750e+02 1.760036315917968750e+02 1.808816833496093750e+02
1.993970794677734375e+02 1.759512481689453125e+02 1.809460754394531250e+02
1.995809631347656250e+02 1.758945159912109375e+02 1.810045623779296875e+02
1.997660980224609375e+02 1.758346710205078125e+02 1.810543365478515625e+02
1.999528961181640625e+02 1.757725524902343750e+02 1.810939788818359375e+02
2.001406860351562500e+02 1.757079925537109375e+02 1.811258544921875000e+02
2.003285675048828125e+02 1.756406250000000000e+02 1.811528778076171875e+02
2.005156707763671875e+02 1.755701141357421875e+02 1.811779785156250000e+02
2.007011260986328125e+02 1.754961395263671875e+02 1.812041168212890625e+02
2.008840484619140625e+02 1.754183197021484375e+02 1.812341918945312500e+02
2.010635681152343750e+02 1.753363494873046875e+02 1.812711639404296875e+02
2.012388153076171875e+02 1.752498474121093750e+02 1.813179473876953125e+02
2.014089050292968750e+02 1.751585083007812500e+02 1.813775024414062500e+02
2.015729675292968750e+02 1.750619506835937500e+02 1.814527435302734375e+02
2.017310485839843750e+02 1.749640655517578125e+02 1.815450592041015625e+02
2.018877868652343750e+02 1.748895721435546875e+02 1.816481628417968750e+02
2.020491638183593750e+02 1.748692474365234375e+02 1.817533874511718750e+02
2.022173156738281250e+02 1.749081268310546875e+02 1.818548736572265625e+02
2.023887329101562500e+02 1.749735412597656250e+02 1.819507904052734375e+02
2.025606842041015625e+02 1.750412139892578125e+02 1.820407104492187500e+02
2.027327117919921875e+02 1.751081237792968750e+02 1.821261291503906250e+02
2.029046478271484375e+02 1.751735076904296875e+02 1.822087860107421875e+02
2.030763092041015625e+02 1.752366180419921875e+02 1.822903900146484375e+02
2.032474670410156250e+02 1.752966918945312500e+02 1.823726806640625000e+02
2.034179687500000000e+02 1.753529968261718750e+02 1.824573516845703125e+02
2.035876159667968750e+02 1.754047546386718750e+02 1.825461578369140625e+02
2.037561950683593750e+02 1.754512329101562500e+02 1.826407928466796875e+02
2.039235534667968750e+02 1.754916839599609375e+02 1.827429962158203125e+02
2.040894775390625000e+02 1.755253448486328125e+02 1.828544769287109375e+02
2.042539215087890625e+02 1.755519561767578125e+02 1.829759521484375000e+02
2.044172210693359375e+02 1.755725860595703125e+02 1.831055297851562500e+02
2.045797424316406250e+02 1.755884857177734375e+02 1.832408752441406250e+02
2.047418975830078125e+02 1.756009368896484375e+02 1.833796386718750000e+02
2.049040527343750000e+02 1.756111907958984375e+02 1.835194854736328125e+02
2.050666046142578125e+02 1.756205139160156250e+02 1.836580810546875000e+02
2.052299194335937500e+02 1.756301727294921875e+02 1.837931060791015625e+02
2.053944244384765625e+02 1.756414337158203125e+02 1.839221954345703125e+02
2.055604553222656250e+02 1.756555633544921875e+02 1.840430297851562500e+02
2.057284393310546875e+02 1.756738281250000000e+02 1.841532592773437500e+02
2.058987426757812500e+02 1.756974945068359375e+02 1.842505645751953125e+02
2.060717468261718750e+02 1.757278137207031250e+02 1.843326110839843750e+02
2.062478637695312500e+02 1.757660675048828125e+02 1.843970489501953125e+02
2.064274444580078125e+02 1.758135223388671875e+02 1.844415435791015625e+02
2.066109008789062500e+02 1.758714294433593750e+02 1.844637603759765625e+02
2.067984771728515625e+02 1.759395446777343750e+02 1.844633789062500000e+02
2.069896392822265625e+02 1.760088348388671875e+02 1.844518890380859375e+02
2.071835784912109375e+02 1.760670013427734375e+02 1.844450225830078125e+02
2.073794708251953125e+02 1.761018066406250000e+02 1.844585418701171875e+02
2.075743408203125000e+02 1.761059722900390625e+02 1.845068359375000000e+02
2.077530212402343750e+02 1.761006317138671875e+02 1.845958557128906250e+02
2.079088745117187500e+02 1.761041107177734375e+02 1.847204437255859375e+02
2.080485687255859375e+02 1.761212158203125000e+02 1.848670043945312500e+02
2.081793518066406250e+02 1.761560974121093750e+02 1.850215911865234375e+02
2.083087310791015625e+02 1.762124176025390625e+02 1.851700134277343750e+02
2.084571075439453125e+02 1.762633666992187500e+02 1.852858428955078125e+02
2.086399078369140625e+02 1.762767028808593750e+02 1.853527832031250000e+02
2.088445892333984375e+02 1.762652740478515625e+02 1.853877868652343750e+02
2.090569305419921875e+02 1.762446289062500000e+02 1.854097137451171875e+02
2.092657318115234375e+02 1.762265319824218750e+02 1.854335021972656250e+02
2.094694671630859375e+02 1.762103881835937500e+02 1.854613037109375000e+02
2.096686096191406250e+02 1.761930084228515625e+02 1.854926605224609375e+02
2.098636169433593750e+02 1.761712799072265625e+02 1.855270996093750000e+02
2.100549468994140625e+02 1.761420440673828125e+02 1.855641937255859375e+02
2.102430572509765625e+02 1.761021728515625000e+02 1.856034545898437500e+02
2.104284362792968750e+02 1.760485076904296875e+02 1.856444549560546875e+02
2.106114959716796875e+02 1.759780731201171875e+02 1.856867370605468750e+02
2.107921752929687500e+02 1.758921508789062500e+02 1.857306823730468750e+02
2.109698638916015625e+02 1.757966308593750000e+02 1.857774810791015625e+02
2.111439208984375000e+02 1.756976470947265625e+02 1.858283691406250000e+02
2.113136901855468750e+02 1.756013336181640625e+02 1.858845977783203125e+02
2.114785308837890625e+02 1.755137939453125000e+02 1.859473876953125000e+02
2.116378021240234375e+02 1.754411773681640625e+02 1.860179901123046875e+02
2.118048706054687500e+02 1.753791961669921875e+02 1.860903167724609375e+02
2.120385742187500000e+02 1.752839508056640625e+02 1.861261444091796875e+02
2.121789093017578125e+02 1.752228851318359375e+02 1.861306915283203125e+02
