1.276783523559570312e+02 1.329568939208984375e+02 1.096921844482421875e+02
1.277526855468750000e+02 1.330442047119140625e+02 1.096103668212890625e+02
1.278782043457031250e+02 1.331958618164062500e+02 1.094434509277343750e+02
1.279331588745117188e+02 1.333001251220703125e+02 1.092865219116210938e+02
1.279150466918945312e+02 1.334223785400390625e+02 1.091414489746093750e+02
1.278578109741210938e+02 1.335673217773437500e+02 1.090056228637695312e+02
1.277954330444335938e+02 1.337274475097656250e+02 1.088789901733398438e+02
1.277618942260742188e+02 1.338952026367187500e+02 1.087614974975585938e+02
1.277842178344726562e+02 1.340625915527343750e+02 1.086519241333007812e+02
1.278506622314453125e+02 1.342190246582031250e+02 1.085425949096679688e+02
1.279373703002929688e+02 1.343545989990234375e+02 1.084242935180664062e+02
1.280322570800781250e+02 1.344729766845703125e+02 1.082940368652343750e+02
1.281293792724609375e+02 1.345848388671875000e+02 1.081521759033203125e+02
1.282234954833984375e+02 1.346979217529296875e+02 1.080023803710937500e+02
1.283102264404296875e+02 1.348166198730468750e+02 1.078520584106445312e+02
1.283851776123046875e+02 1.349451599121093750e+02 1.077088012695312500e+02
1.284440155029296875e+02 1.350877685546875000e+02 1.075802154541015625e+02
1.284823455810546875e+02 1.352486267089843750e+02 1.074739151000976562e+02
1.285009002685546875e+02 1.354291229248046875e+02 1.073939743041992188e+02
1.285566558837890625e+02 1.356008605957031250e+02 1.073149414062500000e+02
1.286522979736328125e+02 1.357569885253906250e+02 1.072282791137695312e+02
1.287692108154296875e+02 1.358991088867187500e+02 1.071305465698242188e+02
1.288887786865234375e+02 1.360288543701171875e+02 1.070182800292968750e+02
1.289924316406250000e+02 1.361478881835937500e+02 1.068880462646484375e+02
1.290700225830078125e+02 1.362585906982421875e+02 1.067398452758789062e+02
1.291350250244140625e+02 1.363654632568359375e+02 1.065833435058593750e+02
1.291984405517578125e+02 1.364795532226562500e+02 1.064287872314453125e+02
1.292198028564453125e+02 1.366521911621093750e+02 1.062797164916992188e+02
1.292275390625000000e+02 1.368531188964843750e+02 1.061540679931640625e+02
1.292700347900390625e+02 1.370314331054687500e+02 1.060733413696289062e+02
1.293953704833984375e+02 1.371365509033203125e+02 1.060587997436523438e+02
1.295957946777343750e+02 1.371722564697265625e+02 1.060823669433593750e+02
1.297709808349609375e+02 1.372339324951171875e+02 1.060402221679687500e+02
1.299179992675781250e+02 1.373275756835937500e+02 1.059386520385742188e+02
1.300622558593750000e+02 1.374329528808593750e+02 1.058150253295898438e+02
1.302257843017578125e+02 1.375321960449218750e+02 1.057036972045898438e+02
1.304072418212890625e+02 1.376234741210937500e+02 1.056182022094726562e+02
1.305953979492187500e+02 1.377117919921875000e+02 1.055632476806640625e+02
1.307789916992187500e+02 1.378021850585937500e+02 1.055434951782226562e+02
1.309467315673828125e+02 1.378996887207031250e+02 1.055636291503906250e+02
1.310874176025390625e+02 1.380093231201171875e+02 1.056282272338867188e+02
1.312002868652343750e+02 1.381335144042968750e+02 1.057304916381835938e+02
1.313057403564453125e+02 1.382695312500000000e+02 1.058406295776367188e+02
1.314253234863281250e+02 1.384140625000000000e+02 1.059274063110351562e+02
1.315507354736328125e+02 1.385660400390625000e+02 1.059903640747070312e+02
1.316441192626953125e+02 1.387265014648437500e+02 1.060594100952148438e+02
1.316689605712890625e+02 1.388958129882812500e+02 1.061643905639648438e+02
1.316349029541015625e+02 1.390604095458984375e+02 1.063112335205078125e+02
1.315910034179687500e+02 1.391947326660156250e+02 1.064854431152343750e+02
1.315876312255859375e+02 1.392729034423828125e+02 1.066718444824218750e+02
1.316738739013671875e+02 1.392693176269531250e+02 1.068544921875000000e+02
1.318278656005859375e+02 1.391771850585937500e+02 1.069718704223632812e+02
1.319366149902343750e+02 1.390223236083984375e+02 1.069277801513671875e+02
1.320261383056640625e+02 1.388513946533203125e+02 1.068754272460937500e+02
1.321158142089843750e+02 1.386756744384765625e+02 1.068586654663085938e+02
1.322072753906250000e+02 1.384978027343750000e+02 1.068726043701171875e+02
1.323021850585937500e+02 1.383203887939453125e+02 1.069123229980468750e+02
1.324021911621093750e+02 1.381460876464843750e+02 1.069729232788085938e+02
1.325089416503906250e+02 1.379775238037109375e+02 1.070494842529296875e+02
1.326240844726562500e+02 1.378173217773437500e+02 1.071371078491210938e+02
1.327492523193359375e+02 1.376681060791015625e+02 1.072308807373046875e+02
1.328787689208984375e+02 1.375319366455078125e+02 1.073288574218750000e+02
1.329828491210937500e+02 1.374090118408203125e+02 1.074388198852539062e+02
1.330297546386718750e+02 1.372987976074218750e+02 1.075694885253906250e+02
1.330168914794921875e+02 1.371981811523437500e+02 1.077195968627929688e+02
1.329577331542968750e+02 1.371024932861328125e+02 1.078822860717773438e+02
1.328660278320312500e+02 1.370070800781250000e+02 1.080506515502929688e+02
1.327554626464843750e+02 1.369072875976562500e+02 1.082177886962890625e+02
1.326397552490234375e+02 1.367984619140625000e+02 1.083767929077148438e+02
1.325325927734375000e+02 1.366759185791015625e+02 1.085207595825195312e+02
1.324473724365234375e+02 1.365352020263671875e+02 1.086429977416992188e+02
1.323823699951171875e+02 1.363944702148437500e+02 1.087723541259765625e+02
1.323281402587890625e+02 1.363005371093750000e+02 1.089487915039062500e+02
1.322276763916015625e+02 1.362654571533203125e+02 1.090929489135742188e+02
1.320739593505859375e+02 1.362832336425781250e+02 1.091955032348632812e+02
1.319004516601562500e+02 1.363366394042968750e+02 1.093047561645507812e+02
1.317414550781250000e+02 1.364074554443359375e+02 1.094694213867187500e+02
1.316135101318359375e+02 1.363135833740234375e+02 1.095312194824218750e+02
1.314988403320312500e+02 1.361696777343750000e+02 1.095908584594726562e+02
1.313928222656250000e+02 1.360428314208984375e+02 1.097047653198242188e+02
1.312926788330078125e+02 1.359235992431640625e+02 1.098479080200195312e+02
1.311955871582031250e+02 1.358024597167968750e+02 1.099952621459960938e+02
1.310988006591796875e+02 1.356699371337890625e+02 1.101217956542968750e+02
1.310049285888671875e+02 1.355224609375000000e+02 1.102246093750000000e+02
1.309247741699218750e+02 1.354098510742187500e+02 1.103777923583984375e+02
1.308773040771484375e+02 1.354064941406250000e+02 1.105635452270507812e+02
1.308495483398437500e+02 1.352952423095703125e+02 1.106079254150390625e+02
1.307541656494140625e+02 1.350479431152343750e+02 1.105193939208984375e+02
1.306222076416015625e+02 1.348316192626953125e+02 1.104486312866210938e+02
1.304706420898437500e+02 1.346842651367187500e+02 1.104389648437500000e+02
1.303094482421875000e+02 1.345807189941406250e+02 1.104812393188476562e+02
1.301486206054687500e+02 1.344954681396484375e+02 1.105659637451171875e+02
1.299980926513671875e+02 1.344029388427734375e+02 1.106836395263671875e+02
1.298688812255859375e+02 1.342811431884765625e+02 1.108250579833984375e+02
1.297927856445312500e+02 1.341790618896484375e+02 1.109867935180664062e+02
1.298114166259765625e+02 1.341959991455078125e+02 1.111702117919921875e+02
1.298286132812500000e+02 1.342104187011718750e+02 1.113676071166992188e+02
1.297806701660156250e+02 1.342016296386718750e+02 1.115583877563476562e+02
1.297153625488281250e+02 1.342229461669921875e+02 1.117477264404296875e+02
1.296654205322265625e+02 1.342440185546875000e+02 1.119522323608398438e+02
1.296360168457031250e+02 1.342404479980468750e+02 1.121659164428710938e+02
1.296081390380859375e+02 1.341931762695312500e+02 1.123629302978515625e+02
1.295619354248046875e+02 1.340833892822265625e+02 1.125168304443359375e+02
1.294776306152343750e+02 1.339859008789062500e+02 1.126632080078125000e+02
1.293824157714843750e+02 1.339534759521484375e+02 1.128456649780273438e+02
1.293228912353515625e+02 1.339210052490234375e+02 1.130395965576171875e+02
1.292983093261718750e+02 1.338773193359375000e+02 1.132367935180664062e+02
1.292909698486328125e+02 1.338308410644531250e+02 1.134350585937500000e+02
1.292831268310546875e+02 1.337899780273437500e+02 1.136322097778320312e+02
1.292570190429687500e+02 1.337631683349609375e+02 1.138260574340820312e+02
1.291966705322265625e+02 1.337564697265625000e+02 1.140151367187500000e+02
1.291220703125000000e+02 1.337342834472656250e+02 1.142104568481445312e+02
1.290455932617187500e+02 1.336887817382812500e+02 1.144139862060546875e+02
1.289690551757812500e+02 1.336289825439453125e+02 1.146225051879882812e+02
1.288942718505859375e+02 1.335638275146484375e+02 1.148327636718750000e+02
1.288230438232421875e+02 1.335023193359375000e+02 1.150415344238281250e+02
1.287571868896484375e+02 1.334534606933593750e+02 1.152455749511718750e+02
1.286984863281250000e+02 1.334261932373046875e+02 1.154416732788085938e+02
1.286487884521484375e+02 1.334295349121093750e+02 1.156265716552734375e+02
1.286098632812500000e+02 1.334724426269531250e+02 1.157970428466796875e+02
1.285835418701171875e+02 1.335639190673828125e+02 1.159498596191406250e+02
1.285670928955078125e+02 1.337077331542968750e+02 1.160834503173828125e+02
1.284876403808593750e+02 1.338186340332031250e+02 1.162265853881835938e+02
1.283894958496093750e+02 1.338868713378906250e+02 1.163951721191406250e+02
1.283199005126953125e+02 1.339473571777343750e+02 1.165766372680664062e+02
1.282968750000000000e+02 1.340217895507812500e+02 1.167570419311523438e+02
1.283222808837890625e+02 1.341247558593750000e+02 1.169259796142578125e+02
1.283509063720703125e+02 1.342500000000000000e+02 1.170834197998046875e+02
1.283534545898437500e+02 1.343874969482421875e+02 1.172327957153320312e+02
1.283384246826171875e+02 1.345272064208984375e+02 1.173800048828125000e+02
1.283174438476562500e+02 1.346590728759765625e+02 1.175311431884765625e+02
1.283021850585937500e+02 1.347730865478515625e+02 1.176922988891601562e+02
1.283032531738281250e+02 1.348603973388671875e+02 1.178689575195312500e+02
1.283147583007812500e+02 1.349312744140625000e+02 1.180565185546875000e+02
1.283177795410156250e+02 1.350110015869140625e+02 1.182424774169921875e+02
1.283044281005859375e+02 1.351115264892578125e+02 1.184203338623046875e+02
1.282814636230468750e+02 1.352270050048828125e+02 1.185916290283203125e+02
1.282565917968750000e+02 1.353504486083984375e+02 1.187584381103515625e+02
1.282375640869140625e+02 1.354748535156250000e+02 1.189228363037109375e+02
1.282321014404296875e+02 1.355932159423828125e+02 1.190868911743164062e+02
1.282479400634765625e+02 1.356985473632812500e+02 1.192526702880859375e+02
1.282927856445312500e+02 1.357838287353515625e+02 1.194222640991210938e+02
1.283824005126953125e+02 1.358156738281250000e+02 1.195926818847656250e+02
1.285199890136718750e+02 1.358523254394531250e+02 1.197352600097656250e+02
1.286567840576171875e+02 1.359062500000000000e+02 1.198715972900390625e+02
1.287939758300781250e+02 1.359647979736328125e+02 1.200053329467773438e+02
1.289328002929687500e+02 1.360153045654296875e+02 1.201400833129882812e+02
1.290744934082031250e+02 1.360451507568359375e+02 1.202794494628906250e+02
1.292182769775390625e+02 1.360444641113281250e+02 1.204240875244140625e+02
1.293585662841796875e+02 1.360097503662109375e+02 1.205678176879882812e+02
1.294891967773437500e+02 1.359384307861328125e+02 1.207034988403320312e+02
1.296161651611328125e+02 1.358527069091796875e+02 1.208321762084960938e+02
1.297555694580078125e+02 1.357898864746093750e+02 1.209623184204101562e+02
1.299061126708984375e+02 1.357481231689453125e+02 1.210912322998046875e+02
1.300661926269531250e+02 1.357250518798828125e+02 1.212160720825195312e+02
1.302342376708984375e+02 1.357182769775390625e+02 1.213339691162109375e+02
1.304078979492187500e+02 1.357248840332031250e+02 1.214431915283203125e+02
1.305767669677734375e+02 1.357364196777343750e+02 1.215537261962890625e+02
1.307256317138671875e+02 1.357411193847656250e+02 1.216825561523437500e+02
1.308461608886718750e+02 1.357313079833984375e+02 1.218399658203125000e+02
1.309625701904296875e+02 1.357188262939453125e+02 1.220044708251953125e+02
1.311012268066406250e+02 1.357180175781250000e+02 1.221516265869140625e+02
1.312586212158203125e+02 1.357302398681640625e+02 1.222828826904296875e+02
1.314237518310546875e+02 1.357536315917968750e+02 1.224061737060546875e+02
1.315856170654296875e+02 1.357863006591796875e+02 1.225294647216796875e+02
1.317331848144531250e+02 1.358263549804687500e+02 1.226606903076171875e+02
1.318554534912109375e+02 1.358719024658203125e+02 1.228078002929687500e+02
1.319420013427734375e+02 1.359206848144531250e+02 1.229783859252929688e+02
1.320108337402343750e+02 1.359535980224609375e+02 1.231630325317382812e+02
1.320925903320312500e+02 1.359514312744140625e+02 1.233436660766601562e+02
1.321841583251953125e+02 1.359248657226562500e+02 1.235209960937500000e+02
1.322800140380859375e+02 1.358866882324218750e+02 1.236970748901367188e+02
1.323746643066406250e+02 1.358496551513671875e+02 1.238739700317382812e+02
1.324626007080078125e+02 1.358265228271484375e+02 1.240537185668945312e+02
1.325383148193359375e+02 1.358300628662109375e+02 1.242383804321289062e+02
1.325924072265625000e+02 1.358672027587890625e+02 1.244283370971679688e+02
1.326085357666015625e+02 1.359261779785156250e+02 1.246190948486328125e+02
1.326262359619140625e+02 1.359854736328125000e+02 1.248086166381835938e+02
1.326658020019531250e+02 1.360370025634765625e+02 1.249978866577148438e+02
1.327156524658203125e+02 1.360822143554687500e+02 1.251882247924804688e+02
1.327646789550781250e+02 1.361225433349609375e+02 1.253808441162109375e+02
1.328083648681640625e+02 1.361583099365234375e+02 1.255759048461914062e+02
1.328459014892578125e+02 1.361892395019531250e+02 1.257729415893554688e+02
1.328765258789062500e+02 1.362150268554687500e+02 1.259715194702148438e+02
1.328994750976562500e+02 1.362354125976562500e+02 1.261711807250976562e+02
1.329140014648437500e+02 1.362500915527343750e+02 1.263714752197265625e+02
1.329193420410156250e+02 1.362587585449218750e+02 1.265719375610351562e+02
1.329147491455078125e+02 1.362611541748046875e+02 1.267721176147460938e+02
1.328994598388671875e+02 1.362569732666015625e+02 1.269715728759765625e+02
1.328740234375000000e+02 1.362456054687500000e+02 1.271699142456054688e+02
1.328419952392578125e+02 1.362256927490234375e+02 1.273669052124023438e+02
1.328070831298828125e+02 1.361958618164062500e+02 1.275623168945312500e+02
1.327685546875000000e+02 1.361562194824218750e+02 1.277552719116210938e+02
1.327219848632812500e+02 1.361081085205078125e+02 1.279444122314453125e+02
1.326628875732421875e+02 1.360528717041015625e+02 1.281283416748046875e+02
1.325888214111328125e+02 1.359916229248046875e+02 1.283060455322265625e+02
1.325163116455078125e+02 1.359230651855468750e+02 1.284798583984375000e+02
1.324704589843750000e+02 1.358447875976562500e+02 1.286536712646484375e+02
1.324577026367187500e+02 1.357565155029296875e+02 1.288286437988281250e+02
1.324707336425781250e+02 1.356595611572265625e+02 1.290039367675781250e+02
1.325019073486328125e+02 1.355552825927734375e+02 1.291786499023437500e+02
1.325435485839843750e+02 1.354450225830078125e+02 1.293518829345703125e+02
1.325880279541015625e+02 1.353301391601562500e+02 1.295227203369140625e+02
1.326277008056640625e+02 1.352119598388671875e+02 1.296902618408203125e+02
1.326548919677734375e+02 1.350918426513671875e+02 1.298536376953125000e+02
1.326619567871093750e+02 1.349711456298828125e+02 1.300119018554687500e+02
1.326412658691406250e+02 1.348512115478515625e+02 1.301641998291015625e+02
1.325865783691406250e+02 1.347334594726562500e+02 1.303100280761718750e+02
1.325055694580078125e+02 1.346200561523437500e+02 1.304532623291015625e+02
1.324137725830078125e+02 1.345135345458984375e+02 1.306001129150390625e+02
1.323267059326171875e+02 1.344164581298828125e+02 1.307568206787109375e+02
1.322546997070312500e+02 1.343308258056640625e+02 1.309261932373046875e+02
1.322011718750000000e+02 1.342578735351562500e+02 1.311064758300781250e+02
1.321690673828125000e+02 1.341988220214843750e+02 1.312956390380859375e+02
1.321602630615234375e+02 1.341549377441406250e+02 1.314915618896484375e+02
1.321685028076171875e+02 1.341281585693359375e+02 1.316915130615234375e+02
1.321837615966796875e+02 1.341206970214843750e+02 1.318924407958984375e+02
1.321960906982421875e+02 1.341347503662109375e+02 1.320913696289062500e+02
1.322004394531250000e+02 1.341702117919921875e+02 1.322866210937500000e+02
1.321990661621093750e+02 1.342235412597656250e+02 1.324785766601562500e+02
1.321948699951171875e+02 1.342909393310546875e+02 1.326677856445312500e+02
1.321907196044921875e+02 1.343685760498046875e+02 1.328547821044921875e+02
1.321894989013671875e+02 1.344526367187500000e+02 1.330401153564453125e+02
1.321940765380859375e+02 1.345393218994140625e+02 1.332242889404296875e+02
1.322073669433593750e+02 1.346248016357421875e+02 1.334078826904296875e+02
1.322322082519531250e+02 1.347052612304687500e+02 1.335914154052734375e+02
1.322698516845703125e+02 1.347769317626953125e+02 1.337756347656250000e+02
1.323068084716796875e+02 1.348363952636718750e+02 1.339632110595703125e+02
1.323247222900390625e+02 1.348820190429687500e+02 1.341569671630859375e+02
1.323319396972656250e+02 1.349275512695312500e+02 1.343520965576171875e+02
1.323404083251953125e+02 1.349862823486328125e+02 1.345432739257812500e+02
1.323402862548828125e+02 1.350540924072265625e+02 1.347324218750000000e+02
1.323337097167968750e+02 1.351268615722656250e+02 1.349201049804687500e+02
1.323533172607421875e+02 1.352045135498046875e+02 1.351024475097656250e+02
1.324113769531250000e+02 1.352773895263671875e+02 1.352808227539062500e+02
1.324696960449218750e+02 1.353151702880859375e+02 1.354685211181640625e+02
1.325368347167968750e+02 1.353190002441406250e+02 1.356567687988281250e+02
1.326303558349609375e+02 1.353171539306640625e+02 1.358338928222656250e+02
1.326956939697265625e+02 1.352817382812500000e+02 1.360186309814453125e+02
1.327332916259765625e+02 1.352254028320312500e+02 1.362108917236328125e+02
1.327548828125000000e+02 1.351827087402343750e+02 1.364081573486328125e+02
1.327703552246093750e+02 1.351717834472656250e+02 1.366079864501953125e+02
1.327864379882812500e+02 1.351809844970703125e+02 1.368082733154296875e+02
1.328094787597656250e+02 1.351955261230468750e+02 1.370068664550781250e+02
1.328428802490234375e+02 1.352031555175781250e+02 1.372027893066406250e+02
1.328775787353515625e+02 1.352023620605468750e+02 1.373997650146484375e+02
1.329014282226562500e+02 1.351944580078125000e+02 1.376027526855468750e+02
1.329101562500000000e+02 1.351811370849609375e+02 1.378131408691406250e+02
1.329109954833984375e+02 1.351645812988281250e+02 1.380272979736328125e+02
1.329121093750000000e+02 1.351470489501953125e+02 1.382411804199218750e+02
1.329216461181640625e+02 1.351307983398437500e+02 1.384506988525390625e+02
1.329477691650390625e+02 1.351180877685546875e+02 1.386518249511718750e+02
1.329986267089843750e+02 1.351111755371093750e+02 1.388404846191406250e+02
1.330823669433593750e+02 1.351123046875000000e+02 1.390126342773437500e+02
1.332060241699218750e+02 1.351227874755859375e+02 1.391645660400390625e+02
1.333150329589843750e+02 1.350948333740234375e+02 1.393123474121093750e+02
1.333827514648437500e+02 1.350106658935546875e+02 1.394657287597656250e+02
1.334210510253906250e+02 1.348858489990234375e+02 1.396230010986328125e+02
1.334418029785156250e+02 1.347360229492187500e+02 1.397824554443359375e+02
1.334568634033203125e+02 1.345767669677734375e+02 1.399423980712890625e+02
1.334781036376953125e+02 1.344236907958984375e+02 1.401011199951171875e+02
1.335165710449218750e+02 1.342917785644531250e+02 1.402571258544921875e+02
1.335605316162109375e+02 1.341786651611328125e+02 1.404147338867187500e+02
1.335935363769531250e+02 1.340692443847656250e+02 1.405782470703125000e+02
1.336752624511718750e+02 1.339744110107421875e+02 1.407283020019531250e+02
1.337952880859375000e+02 1.338903808593750000e+02 1.408681793212890625e+02
1.339257507324218750e+02 1.338090057373046875e+02 1.410066986083984375e+02
1.340400390625000000e+02 1.337225036621093750e+02 1.411522674560546875e+02
1.341298370361328125e+02 1.336289672851562500e+02 1.413073425292968750e+02
1.342009582519531250e+02 1.335309448242187500e+02 1.414697875976562500e+02
1.342595672607421875e+02 1.334310913085937500e+02 1.416373138427734375e+02
1.343118438720703125e+02 1.333320922851562500e+02 1.418076782226562500e+02
1.343639678955078125e+02 1.332366180419921875e+02 1.419786071777343750e+02
1.344221038818359375e+02 1.331473541259765625e+02 1.421478271484375000e+02
1.344924316406250000e+02 1.330669555664062500e+02 1.423130645751953125e+02
1.345810394287109375e+02 1.329980316162109375e+02 1.424721069335937500e+02
1.346893768310546875e+02 1.329403533935546875e+02 1.426242828369140625e+02
1.348127441406250000e+02 1.328898010253906250e+02 1.427710876464843750e+02
1.349459686279296875e+02 1.328420104980468750e+02 1.429141540527343750e+02
1.350839233398437500e+02 1.327926025390625000e+02 1.430551300048828125e+02
1.352214202880859375e+02 1.327372131347656250e+02 1.431956481933593750e+02
1.353533325195312500e+02 1.326714630126953125e+02 1.433373260498046875e+02
1.354748992919921875e+02 1.325938873291015625e+02 1.434822998046875000e+02
1.355838775634765625e+02 1.325197143554687500e+02 1.436353149414062500e+02
1.356788940429687500e+02 1.324701232910156250e+02 1.438021392822265625e+02
1.357635192871093750e+02 1.324603424072265625e+02 1.439830932617187500e+02
1.358587341308593750e+02 1.324773712158203125e+02 1.441580810546875000e+02
1.359662322998046875e+02 1.325118713378906250e+02 1.443245544433593750e+02
1.360827178955078125e+02 1.325571746826171875e+02 1.444847717285156250e+02
1.362049255371093750e+02 1.326065979003906250e+02 1.446410369873046875e+02
1.363295288085937500e+02 1.326534729003906250e+02 1.447956390380859375e+02
1.364532775878906250e+02 1.326911315917968750e+02 1.449508361816406250e+02
1.365728454589843750e+02 1.327128906250000000e+02 1.451089477539062500e+02
1.366849822998046875e+02 1.327120819091796875e+02 1.452722473144531250e+02
1.367880859375000000e+02 1.326873168945312500e+02 1.454418182373046875e+02
1.368794555664062500e+02 1.326549835205078125e+02 1.456184234619140625e+02
1.369506835937500000e+02 1.326111297607421875e+02 1.458065338134765625e+02
1.370079498291015625e+02 1.325613250732421875e+02 1.460021972656250000e+02
1.370575408935546875e+02 1.325112304687500000e+02 1.462014312744140625e+02
1.371057281494140625e+02 1.324665069580078125e+02 1.464002532958984375e+02
1.371587982177734375e+02 1.324328002929687500e+02 1.465946655273437500e+02
1.372230377197265625e+02 1.324158020019531250e+02 1.467806701660156250e+02
1.373047027587890625e+02 1.324211273193359375e+02 1.469543151855468750e+02
1.374100341796875000e+02 1.324544525146484375e+02 1.471116027832031250e+02
1.375364227294921875e+02 1.325147094726562500e+02 1.472541961669921875e+02
1.376615600585937500e+02 1.325861053466796875e+02 1.473961334228515625e+02
1.377673034667968750e+02 1.326551513671875000e+02 1.475489654541015625e+02
1.378534698486328125e+02 1.327199401855468750e+02 1.477131042480468750e+02
1.379228668212890625e+02 1.327804107666015625e+02 1.478871307373046875e+02
1.379783325195312500e+02 1.328365478515625000e+02 1.480696411132812500e+02
1.380226593017578125e+02 1.328883209228515625e+02 1.482592010498046875e+02
1.380586700439453125e+02 1.329356842041015625e+02 1.484543914794921875e+02
1.380891571044921875e+02 1.329786376953125000e+02 1.486537933349609375e+02
1.381169586181640625e+02 1.330171203613281250e+02 1.488559722900390625e+02
1.381448516845703125e+02 1.330511169433593750e+02 1.490595397949218750e+02
1.381756896972656250e+02 1.330805816650390625e+02 1.492630462646484375e+02
1.382122497558593750e+02 1.331055145263671875e+02 1.494650878906250000e+02
1.382573699951171875e+02 1.331258544921875000e+02 1.496642456054687500e+02
1.383122558593750000e+02 1.331428985595703125e+02 1.498594360351562500e+02
1.383737640380859375e+02 1.331614532470703125e+02 1.500505218505859375e+02
1.384380645751953125e+02 1.331869506835937500e+02 1.502375030517578125e+02
1.385012817382812500e+02 1.332248229980468750e+02 1.504204101562500000e+02
1.385605773925781250e+02 1.332791137695312500e+02 1.505992889404296875e+02
1.386169738769531250e+02 1.333487396240234375e+02 1.507743225097656250e+02
1.386723937988281250e+02 1.334313964843750000e+02 1.509457244873046875e+02
1.387287597656250000e+02 1.335247650146484375e+02 1.511137390136718750e+02
1.387879943847656250e+02 1.336265716552734375e+02 1.512785644531250000e+02
1.388520050048828125e+02 1.337344818115234375e+02 1.514404144287109375e+02
1.389227294921875000e+02 1.338462066650390625e+02 1.515995178222656250e+02
1.390020294189453125e+02 1.339594573974609375e+02 1.517561035156250000e+02
1.390886840820312500e+02 1.340724945068359375e+02 1.519108123779296875e+02
1.391755523681640625e+02 1.341846466064453125e+02 1.520651550292968750e+02
1.392548980712890625e+02 1.342953643798828125e+02 1.522206878662109375e+02
1.393189849853515625e+02 1.344040832519531250e+02 1.523789825439453125e+02
1.393600463867187500e+02 1.345102539062500000e+02 1.525416259765625000e+02
1.393703460693359375e+02 1.346133270263671875e+02 1.527101745605468750e+02
1.393421325683593750e+02 1.347127227783203125e+02 1.528862152099609375e+02
1.393091430664062500e+02 1.348099517822265625e+02 1.530612487792968750e+02
1.394044799804687500e+02 1.349120788574218750e+02 1.532019653320312500e+02
1.395308685302734375e+02 1.350170135498046875e+02 1.533284759521484375e+02
1.396569519042968750e+02 1.351228027343750000e+02 1.534483184814453125e+02
1.397844238281250000e+02 1.352283172607421875e+02 1.535618896484375000e+02
1.399149932861328125e+02 1.353323974609375000e+02 1.536696014404296875e+02
1.400503387451171875e+02 1.354339294433593750e+02 1.537718505859375000e+02
1.401921691894531250e+02 1.355317382812500000e+02 1.538690490722656250e+02
1.403421630859375000e+02 1.356247100830078125e+02 1.539616088867187500e+02
1.405015869140625000e+02 1.357117156982421875e+02 1.540501403808593750e+02
1.406687927246093750e+02 1.357918243408203125e+02 1.541365814208984375e+02
1.408409729003906250e+02 1.358641204833984375e+02 1.542234191894531250e+02
1.410153350830078125e+02 1.359277343750000000e+02 1.543131408691406250e+02
1.411890563964843750e+02 1.359817810058593750e+02 1.544082336425781250e+02
1.413593444824218750e+02 1.360253753662109375e+02 1.545111846923828125e+02
1.415233917236328125e+02 1.360576171875000000e+02 1.546244812011718750e+02
1.416783905029296875e+02 1.360776367187500000e+02 1.547506103515625000e+02
1.418215484619140625e+02 1.360845336914062500e+02 1.548920593261718750e+02
1.419501495361328125e+02 1.360806579589843750e+02 1.550500640869140625e+02
1.420633087158203125e+02 1.361190948486328125e+02 1.552064208984375000e+02
1.421684112548828125e+02 1.362201538085937500e+02 1.553463592529296875e+02
1.422682342529296875e+02 1.363150482177734375e+02 1.554886322021484375e+02
1.423498229980468750e+02 1.363964996337890625e+02 1.556451416015625000e+02
1.424142913818359375e+02 1.364662170410156250e+02 1.558146514892578125e+02
1.424635772705078125e+02 1.365258789062500000e+02 1.559953308105468750e+02
1.424996643066406250e+02 1.365772094726562500e+02 1.561853332519531250e+02
1.425244903564453125e+02 1.366219482421875000e+02 1.563827819824218750e+02
1.425400238037109375e+02 1.366617584228515625e+02 1.565858459472656250e+02
1.425482025146484375e+02 1.366983947753906250e+02 1.567926788330078125e+02
1.425509796142578125e+02 1.367335662841796875e+02 1.570014038085937500e+02
1.425503387451171875e+02 1.367689514160156250e+02 1.572101898193359375e+02
1.425482177734375000e+02 1.368062896728515625e+02 1.574171905517578125e+02
1.425465545654296875e+02 1.368472900390625000e+02 1.576205444335937500e+02
1.425469207763671875e+02 1.368933868408203125e+02 1.578186492919921875e+02
1.425465087890625000e+02 1.369431152343750000e+02 1.580125885009765625e+02
1.425399322509765625e+02 1.369932861328125000e+02 1.582050018310546875e+02
1.425236053466796875e+02 1.370411224365234375e+02 1.583982391357421875e+02
1.425043487548828125e+02 1.370862426757812500e+02 1.585927429199218750e+02
1.424925231933593750e+02 1.371290893554687500e+02 1.587883148193359375e+02
1.424920349121093750e+02 1.371679229736328125e+02 1.589849243164062500e+02
1.424992218017578125e+02 1.371985778808593750e+02 1.591827697753906250e+02
1.425101928710937500e+02 1.372180175781250000e+02 1.593818817138671875e+02
1.425213470458984375e+02 1.372254028320312500e+02 1.595820007324218750e+02
1.425268554687500000e+02 1.372217254638671875e+02 1.597825622558593750e+02
1.425043487548828125e+02 1.372208557128906250e+02 1.599805908203125000e+02
1.424525909423828125e+02 1.372264404296875000e+02 1.601748352050781250e+02
1.423868560791015625e+02 1.372326660156250000e+02 1.603656463623046875e+02
1.423178710937500000e+02 1.372359008789062500e+02 1.605536651611328125e+02
1.422476043701171875e+02 1.372365112304687500e+02 1.607400360107421875e+02
1.421770935058593750e+02 1.372353210449218750e+02 1.609259490966796875e+02
1.421073913574218750e+02 1.372331695556640625e+02 1.611126098632812500e+02
1.420395355224609375e+02 1.372308502197265625e+02 1.613012237548828125e+02
1.419745788574218750e+02 1.372291870117187500e+02 1.614929656982421875e+02
1.419132995605468750e+02 1.372293853759765625e+02 1.616886901855468750e+02
1.418535614013671875e+02 1.372368469238281250e+02 1.618852081298828125e+02
1.417913513183593750e+02 1.372596435546875000e+02 1.620768127441406250e+02
1.417226562500000000e+02 1.373058776855468750e+02 1.622577209472656250e+02
1.416435546875000000e+02 1.373832092285156250e+02 1.624225006103515625e+02
1.415569915771484375e+02 1.374727478027343750e+02 1.625830383300781250e+02
1.414667663574218750e+02 1.375572204589843750e+02 1.627487640380859375e+02
1.413729095458984375e+02 1.376364135742187500e+02 1.629171905517578125e+02
1.412754058837890625e+02 1.377101287841796875e+02 1.630858459472656250e+02
1.411742706298828125e+02 1.377781829833984375e+02 1.632522430419921875e+02
1.410695037841796875e+02 1.378404083251953125e+02 1.634138793945312500e+02
1.409610900878906250e+02 1.378966064453125000e+02 1.635682830810546875e+02
1.408490600585937500e+02 1.379465942382812500e+02 1.637129669189453125e+02
1.407318878173828125e+02 1.379911041259765625e+02 1.638474578857421875e+02
1.406012268066406250e+02 1.380456848144531250e+02 1.639947967529296875e+02
