1.443870849609375000e+02 1.323358306884765625e+02 1.629656829833984375e+02
1.443799285888671875e+02 1.321536102294921875e+02 1.628683013916015625e+02
1.443968811035156250e+02 1.320695495605468750e+02 1.626983184814453125e+02
1.443696289062500000e+02 1.320217895507812500e+02 1.625054473876953125e+02
1.443173065185546875e+02 1.319697723388671875e+02 1.623172912597656250e+02
1.443039398193359375e+02 1.319244842529296875e+02 1.621236572265625000e+02
1.442760467529296875e+02 1.318757171630859375e+02 1.619332427978515625e+02
1.442287750244140625e+02 1.318227691650390625e+02 1.617465057373046875e+02
1.441692504882812500e+02 1.317671356201171875e+02 1.615619659423828125e+02
1.441046142578125000e+02 1.317103118896484375e+02 1.613781433105468750e+02
1.440419921875000000e+02 1.316538085937500000e+02 1.611935577392578125e+02
1.439885406494140625e+02 1.315991210937500000e+02 1.610067138671875000e+02
1.439484100341796875e+02 1.315473175048828125e+02 1.608168640136718750e+02
1.439048614501953125e+02 1.314964447021484375e+02 1.606284484863281250e+02
1.438436889648437500e+02 1.314441375732421875e+02 1.604450988769531250e+02
1.437778930664062500e+02 1.313902893066406250e+02 1.602632446289062500e+02
1.437222442626953125e+02 1.313349304199218750e+02 1.600790405273437500e+02
1.436782989501953125e+02 1.312779083251953125e+02 1.598926086425781250e+02
1.436440582275390625e+02 1.312197418212890625e+02 1.597042999267578125e+02
1.436177368164062500e+02 1.311609954833984375e+02 1.595143737792968750e+02
1.435975341796875000e+02 1.311022796630859375e+02 1.593230590820312500e+02
1.435816040039062500e+02 1.310441741943359375e+02 1.591306304931640625e+02
1.435681915283203125e+02 1.309872436523437500e+02 1.589373168945312500e+02
1.435554504394531250e+02 1.309320983886718750e+02 1.587433624267578125e+02
1.435415954589843750e+02 1.308793029785156250e+02 1.585490264892578125e+02
1.435248107910156250e+02 1.308294525146484375e+02 1.583545532226562500e+02
1.435032958984375000e+02 1.307831268310546875e+02 1.581601715087890625e+02
1.434752502441406250e+02 1.307409057617187500e+02 1.579661560058593750e+02
1.434388427734375000e+02 1.307033691406250000e+02 1.577727355957031250e+02
1.433924560546875000e+02 1.306722869873046875e+02 1.575800781250000000e+02
1.433612365722656250e+02 1.306824493408203125e+02 1.573852539062500000e+02
1.433596801757812500e+02 1.307101135253906250e+02 1.571903533935546875e+02
1.433833770751953125e+02 1.307531738281250000e+02 1.569963989257812500e+02
1.434278717041015625e+02 1.308095397949218750e+02 1.568043518066406250e+02
1.434887084960937500e+02 1.308770904541015625e+02 1.566152191162109375e+02
1.435614471435546875e+02 1.309537506103515625e+02 1.564300079345703125e+02
1.436416625976562500e+02 1.310374298095703125e+02 1.562497100830078125e+02
1.437249450683593750e+02 1.311261291503906250e+02 1.560752258300781250e+02
1.438073730468750000e+02 1.312194976806640625e+02 1.559065704345703125e+02
1.438853759765625000e+02 1.313181915283203125e+02 1.557431640625000000e+02
1.439553680419921875e+02 1.314228668212890625e+02 1.555844116210937500e+02
1.440137481689453125e+02 1.315342102050781250e+02 1.554297027587890625e+02
1.440569458007812500e+02 1.316528930664062500e+02 1.552784423828125000e+02
1.440813751220703125e+02 1.317795867919921875e+02 1.551300354003906250e+02
1.440835113525390625e+02 1.319149169921875000e+02 1.549838867187500000e+02
1.440623626708984375e+02 1.320571594238281250e+02 1.548392639160156250e+02
1.440206146240234375e+02 1.322012176513671875e+02 1.546952972412109375e+02
1.439612579345703125e+02 1.323416748046875000e+02 1.545510711669921875e+02
1.438872680664062500e+02 1.324731750488281250e+02 1.544056854248046875e+02
1.438016204833984375e+02 1.325903472900390625e+02 1.542582550048828125e+02
1.437072906494140625e+02 1.326878051757812500e+02 1.541078643798828125e+02
1.436072692871093750e+02 1.327601623535156250e+02 1.539536132812500000e+02
1.435044555664062500e+02 1.328024291992187500e+02 1.537946472167968750e+02
1.434007568359375000e+02 1.328158111572265625e+02 1.536308288574218750e+02
1.432971649169921875e+02 1.328067474365234375e+02 1.534626159667968750e+02
1.431946716308593750e+02 1.327818603515625000e+02 1.532904968261718750e+02
1.430942840576171875e+02 1.327477416992187500e+02 1.531149291992187500e+02
1.429969787597656250e+02 1.327109832763671875e+02 1.529364013671875000e+02
1.429037475585937500e+02 1.326781921386718750e+02 1.527553863525390625e+02
1.428155822753906250e+02 1.326559600830078125e+02 1.525723876953125000e+02
1.427339477539062500e+02 1.326463470458984375e+02 1.523881988525390625e+02
1.426633911132812500e+02 1.326186828613281250e+02 1.522061004638671875e+02
1.426035919189453125e+02 1.325589447021484375e+02 1.520275878906250000e+02
1.425493011474609375e+02 1.324774322509765625e+02 1.518519439697265625e+02
1.424951629638671875e+02 1.323849792480468750e+02 1.516783599853515625e+02
1.424358215332031250e+02 1.322924652099609375e+02 1.515060729980468750e+02
1.423659210205078125e+02 1.322107238769531250e+02 1.513342590332031250e+02
1.422835540771484375e+02 1.321471405029296875e+02 1.511618804931640625e+02
1.421971588134765625e+02 1.320983886718750000e+02 1.509869232177734375e+02
1.421171722412109375e+02 1.320591125488281250e+02 1.508072509765625000e+02
1.420538330078125000e+02 1.320240783691406250e+02 1.506207885742187500e+02
1.420063323974609375e+02 1.319915618896484375e+02 1.504284667968750000e+02
1.419586791992187500e+02 1.319648895263671875e+02 1.502354431152343750e+02
1.418946075439453125e+02 1.319476013183593750e+02 1.500469512939453125e+02
1.418109893798828125e+02 1.319418945312500000e+02 1.498645477294921875e+02
1.417148742675781250e+02 1.319489746093750000e+02 1.496869354248046875e+02
1.416135711669921875e+02 1.319699401855468750e+02 1.495127868652343750e+02
1.415144042968750000e+02 1.320059509277343750e+02 1.493407440185546875e+02
1.414231719970703125e+02 1.320572967529296875e+02 1.491696472167968750e+02
1.413388366699218750e+02 1.321204376220703125e+02 1.489991455078125000e+02
1.412585144042968750e+02 1.321908111572265625e+02 1.488291320800781250e+02
1.411792907714843750e+02 1.322638244628906250e+02 1.486595306396484375e+02
1.410982666015625000e+02 1.323348999023437500e+02 1.484902191162109375e+02
1.410125274658203125e+02 1.323994750976562500e+02 1.483211059570312500e+02
1.409193115234375000e+02 1.324547882080078125e+02 1.481526489257812500e+02
1.408285675048828125e+02 1.325299530029296875e+02 1.479909820556640625e+02
1.407698059082031250e+02 1.325878295898437500e+02 1.478104095458984375e+02
1.407325134277343750e+02 1.326269531250000000e+02 1.476150207519531250e+02
1.406985168457031250e+02 1.326592102050781250e+02 1.474168701171875000e+02
1.406552886962890625e+02 1.326896972656250000e+02 1.472233734130859375e+02
1.406040802001953125e+02 1.327068786621093750e+02 1.470305633544921875e+02
1.405469970703125000e+02 1.327017364501953125e+02 1.468347167968750000e+02
1.404810638427734375e+02 1.326859893798828125e+02 1.466402130126953125e+02
1.404020080566406250e+02 1.326767272949218750e+02 1.464534912109375000e+02
1.403055114746093750e+02 1.326910858154296875e+02 1.462810211181640625e+02
1.401900634765625000e+02 1.327402954101562500e+02 1.461263122558593750e+02
1.400768280029296875e+02 1.327851257324218750e+02 1.459680480957031250e+02
1.399700469970703125e+02 1.328173980712890625e+02 1.458020935058593750e+02
1.398677368164062500e+02 1.328413238525390625e+02 1.456308746337890625e+02
1.397679443359375000e+02 1.328611602783203125e+02 1.454567565917968750e+02
1.396687011718750000e+02 1.328811645507812500e+02 1.452821350097656250e+02
1.395680236816406250e+02 1.329055938720703125e+02 1.451093902587890625e+02
1.394639892578125000e+02 1.329386596679687500e+02 1.449409179687500000e+02
1.393545989990234375e+02 1.329846496582031250e+02 1.447790985107421875e+02
1.392452087402343750e+02 1.330380706787109375e+02 1.446196899414062500e+02
1.391416320800781250e+02 1.330887298583984375e+02 1.444540557861328125e+02
1.390422973632812500e+02 1.331530456542968750e+02 1.442949981689453125e+02
1.389806671142578125e+02 1.331520233154296875e+02 1.441062469482421875e+02
1.389236145019531250e+02 1.331742553710937500e+02 1.439189453125000000e+02
1.389094238281250000e+02 1.332104339599609375e+02 1.437185363769531250e+02
1.388549652099609375e+02 1.332390899658203125e+02 1.435285186767578125e+02
1.387555236816406250e+02 1.332706909179687500e+02 1.433577270507812500e+02
1.386394195556640625e+02 1.333123321533203125e+02 1.431991729736328125e+02
1.385169067382812500e+02 1.333571166992187500e+02 1.430452880859375000e+02
1.383982543945312500e+02 1.333980712890625000e+02 1.428884887695312500e+02
1.382936248779296875e+02 1.334282073974609375e+02 1.427212829589843750e+02
1.382037048339843750e+02 1.334370269775390625e+02 1.425417022705078125e+02
1.381208648681640625e+02 1.334221954345703125e+02 1.423563690185546875e+02
1.380581665039062500e+02 1.334170989990234375e+02 1.421687622070312500e+02
1.380276336669921875e+02 1.334522857666015625e+02 1.419812011718750000e+02
1.380217742919921875e+02 1.335217132568359375e+02 1.417938690185546875e+02
1.380277404785156250e+02 1.336091766357421875e+02 1.416063385009765625e+02
1.380326232910156250e+02 1.336985168457031250e+02 1.414181976318359375e+02
1.380235595703125000e+02 1.337735290527343750e+02 1.412290344238281250e+02
1.379876861572265625e+02 1.338180236816406250e+02 1.410384063720703125e+02
1.379401397705078125e+02 1.338459320068359375e+02 1.408474121093750000e+02
1.379204406738281250e+02 1.339008941650390625e+02 1.406590423583984375e+02
1.379222717285156250e+02 1.339805908203125000e+02 1.404744262695312500e+02
1.379375457763671875e+02 1.340809478759765625e+02 1.402946472167968750e+02
1.379582214355468750e+02 1.341979064941406250e+02 1.401207733154296875e+02
1.379762268066406250e+02 1.343273925781250000e+02 1.399538726806640625e+02
1.379835052490234375e+02 1.344653167724609375e+02 1.397950134277343750e+02
1.379720153808593750e+02 1.346076049804687500e+02 1.396452484130859375e+02
1.379336547851562500e+02 1.347501983642578125e+02 1.395056457519531250e+02
1.378625030517578125e+02 1.348861999511718750e+02 1.393746795654296875e+02
1.377637176513671875e+02 1.349938659667968750e+02 1.392371368408203125e+02
1.376538848876953125e+02 1.350569000244140625e+02 1.390780487060546875e+02
1.375741577148437500e+02 1.350910186767578125e+02 1.388972320556640625e+02
1.375496673583984375e+02 1.351156158447265625e+02 1.387001800537109375e+02
1.375311584472656250e+02 1.351449737548828125e+02 1.385022888183593750e+02
1.375153808593750000e+02 1.352022705078125000e+02 1.383077697753906250e+02
1.375008087158203125e+02 1.352765045166015625e+02 1.381161651611328125e+02
1.374822845458984375e+02 1.353526153564453125e+02 1.379274139404296875e+02
1.374545745849609375e+02 1.354155578613281250e+02 1.377413940429687500e+02
1.374125366210937500e+02 1.354502868652343750e+02 1.375580291748046875e+02
1.373535156250000000e+02 1.354489135742187500e+02 1.373770294189453125e+02
1.372804870605468750e+02 1.354190673828125000e+02 1.371976928710937500e+02
1.371971588134765625e+02 1.353704681396484375e+02 1.370192565917968750e+02
1.371072235107421875e+02 1.353128051757812500e+02 1.368409423828125000e+02
1.370144042968750000e+02 1.352557983398437500e+02 1.366620025634765625e+02
1.369223937988281250e+02 1.352091522216796875e+02 1.364816589355468750e+02
1.368337554931640625e+02 1.351797332763671875e+02 1.362996063232421875e+02
1.367468566894531250e+02 1.351640167236328125e+02 1.361171875000000000e+02
1.366591186523437500e+02 1.351561279296875000e+02 1.359361114501953125e+02
1.365679779052734375e+02 1.351501617431640625e+02 1.357580871582031250e+02
1.364708099365234375e+02 1.351402435302734375e+02 1.355848236083984375e+02
1.363650665283203125e+02 1.351204681396484375e+02 1.354180603027343750e+02
1.362489776611328125e+02 1.350881500244140625e+02 1.352584838867187500e+02
1.361304931640625000e+02 1.350545959472656250e+02 1.350992126464843750e+02
1.360127716064453125e+02 1.350211944580078125e+02 1.349384307861328125e+02
1.358964843750000000e+02 1.349889984130859375e+02 1.347758636474609375e+02
1.357822875976562500e+02 1.349590759277343750e+02 1.346112670898437500e+02
1.356708831787109375e+02 1.349324645996093750e+02 1.344443817138671875e+02
1.355629272460937500e+02 1.349102172851562500e+02 1.342749176025390625e+02
1.354590911865234375e+02 1.348933715820312500e+02 1.341026458740234375e+02
1.353600769042968750e+02 1.348829956054687500e+02 1.339273071289062500e+02
1.352665252685546875e+02 1.348801116943359375e+02 1.337486267089843750e+02
1.351791381835937500e+02 1.348857879638671875e+02 1.335663452148437500e+02
1.350985717773437500e+02 1.349010772705078125e+02 1.333802032470703125e+02
1.350255126953125000e+02 1.349270172119140625e+02 1.331899566650390625e+02
1.349606475830078125e+02 1.349646453857421875e+02 1.329953308105468750e+02
1.349048004150390625e+02 1.350142974853515625e+02 1.327961883544921875e+02
1.348631439208984375e+02 1.350573425292968750e+02 1.325955047607421875e+02
1.348454895019531250e+02 1.350550994873046875e+02 1.323995513916015625e+02
1.348488006591796875e+02 1.350165405273437500e+02 1.322055969238281250e+02
1.348558349609375000e+02 1.350323944091796875e+02 1.320027313232421875e+02
1.348842620849609375e+02 1.350523071289062500e+02 1.318063354492187500e+02
1.349272918701171875e+02 1.350789184570312500e+02 1.316143951416015625e+02
1.349802093505859375e+02 1.351108245849609375e+02 1.314249572753906250e+02
1.350391998291015625e+02 1.351447753906250000e+02 1.312363281250000000e+02
1.351004333496093750e+02 1.351775054931640625e+02 1.310467834472656250e+02
1.351600952148437500e+02 1.352057342529296875e+02 1.308546142578125000e+02
1.352191314697265625e+02 1.352247924804687500e+02 1.306607818603515625e+02
1.352870178222656250e+02 1.352274169921875000e+02 1.304710693359375000e+02
1.353741760253906250e+02 1.352061004638671875e+02 1.302917785644531250e+02
1.354868621826171875e+02 1.351570587158203125e+02 1.301276702880859375e+02
1.355919036865234375e+02 1.351120758056640625e+02 1.299688568115234375e+02
1.356468048095703125e+02 1.351105499267578125e+02 1.298010864257812500e+02
1.356531219482421875e+02 1.351491851806640625e+02 1.296232604980468750e+02
1.356220855712890625e+02 1.352153320312500000e+02 1.294370727539062500e+02
1.355648651123046875e+02 1.352963714599609375e+02 1.292443084716796875e+02
1.354927062988281250e+02 1.353796844482421875e+02 1.290466918945312500e+02
1.354168090820312500e+02 1.354526214599609375e+02 1.288459625244140625e+02
1.353483734130859375e+02 1.355025634765625000e+02 1.286438598632812500e+02
1.352986145019531250e+02 1.355168609619140625e+02 1.284421539306640625e+02
1.352721099853515625e+02 1.355067901611328125e+02 1.282440643310546875e+02
1.352508850097656250e+02 1.355517730712890625e+02 1.280560760498046875e+02
1.352293853759765625e+02 1.356431427001953125e+02 1.278753738403320312e+02
1.352061767578125000e+02 1.357482757568359375e+02 1.276968612670898438e+02
1.351798553466796875e+02 1.358345031738281250e+02 1.275154418945312500e+02
1.351488494873046875e+02 1.358721771240234375e+02 1.273266296386718750e+02
1.351100921630859375e+02 1.358617401123046875e+02 1.271319808959960938e+02
1.350596313476562500e+02 1.358211364746093750e+02 1.269365844726562500e+02
1.349934997558593750e+02 1.357684936523437500e+02 1.267455596923828125e+02
1.349077453613281250e+02 1.357219543457031250e+02 1.265640335083007812e+02
1.347995300292968750e+02 1.356975097656250000e+02 1.263961944580078125e+02
1.346746368408203125e+02 1.356947174072265625e+02 1.262391433715820312e+02
1.345427856445312500e+02 1.357056579589843750e+02 1.260867691040039062e+02
1.344136962890625000e+02 1.357223815917968750e+02 1.259329223632812500e+02
1.342969665527343750e+02 1.357370147705078125e+02 1.257715454101562500e+02
1.341967620849609375e+02 1.357451934814453125e+02 1.255999984741210938e+02
1.341098480224609375e+02 1.357473754882812500e+02 1.254202728271484375e+02
1.340324554443359375e+02 1.357443237304687500e+02 1.252346954345703125e+02
1.339608154296875000e+02 1.357368011474609375e+02 1.250455856323242188e+02
1.338911895751953125e+02 1.357256011962890625e+02 1.248552780151367188e+02
1.338197937011718750e+02 1.357114715576171875e+02 1.246660842895507812e+02
1.337428741455078125e+02 1.356952209472656250e+02 1.244803466796875000e+02
1.336566619873046875e+02 1.356775970458984375e+02 1.243003768920898438e+02
1.335591583251953125e+02 1.356596679687500000e+02 1.241269760131835938e+02
1.334601745605468750e+02 1.356443176269531250e+02 1.239507675170898438e+02
1.333602600097656250e+02 1.356318664550781250e+02 1.237731323242187500e+02
1.332467651367187500e+02 1.356194763183593750e+02 1.236094512939453125e+02
1.331070098876953125e+02 1.356044006347656250e+02 1.234749603271484375e+02
1.329403228759765625e+02 1.355881195068359375e+02 1.233704757690429688e+02
1.327579803466796875e+02 1.355763702392578125e+02 1.232822341918945312e+02
1.325718688964843750e+02 1.355750732421875000e+02 1.231958541870117188e+02
1.323937225341796875e+02 1.355900726318359375e+02 1.230970611572265625e+02
1.322311401367187500e+02 1.356224517822265625e+02 1.229778060913085938e+02
1.320854949951171875e+02 1.356660919189453125e+02 1.228394012451171875e+02
1.319576110839843750e+02 1.357143402099609375e+02 1.226839065551757812e+02
1.318483123779296875e+02 1.357605133056640625e+02 1.225133895874023438e+02
1.317584533691406250e+02 1.357979278564453125e+02 1.223299179077148438e+02
1.316888732910156250e+02 1.358199005126953125e+02 1.221355590820312500e+02
1.316403656005859375e+02 1.358197784423828125e+02 1.219323959350585938e+02
1.316074218750000000e+02 1.357940826416015625e+02 1.217256088256835938e+02
1.315700225830078125e+02 1.357465362548828125e+02 1.215275344848632812e+02
1.315060882568359375e+02 1.356819610595703125e+02 1.213514785766601562e+02
1.313944244384765625e+02 1.356052398681640625e+02 1.212101593017578125e+02
1.312585601806640625e+02 1.355282897949218750e+02 1.210845184326171875e+02
1.311633605957031250e+02 1.354668273925781250e+02 1.209267425537109375e+02
1.311022644042968750e+02 1.354172210693359375e+02 1.207416076660156250e+02
1.310539550781250000e+02 1.353719787597656250e+02 1.205447082519531250e+02
1.309972229003906250e+02 1.353236236572265625e+02 1.203516082763671875e+02
1.309201660156250000e+02 1.352668151855468750e+02 1.201719589233398438e+02
1.308277282714843750e+02 1.352000122070312500e+02 1.200048446655273438e+02
1.307265777587890625e+02 1.351221008300781250e+02 1.198482437133789062e+02
1.306234130859375000e+02 1.350319366455078125e+02 1.197001113891601562e+02
1.305248870849609375e+02 1.349284057617187500e+02 1.195584411621093750e+02
1.304369964599609375e+02 1.348213195800781250e+02 1.194150848388671875e+02
1.303507537841796875e+02 1.347657470703125000e+02 1.192402877807617188e+02
1.302516021728515625e+02 1.346937866210937500e+02 1.190777587890625000e+02
1.301477203369140625e+02 1.346046142578125000e+02 1.189269409179687500e+02
1.300517883300781250e+02 1.345164947509765625e+02 1.187751617431640625e+02
1.299764404296875000e+02 1.344476318359375000e+02 1.186097717285156250e+02
1.299285583496093750e+02 1.344074554443359375e+02 1.184238815307617188e+02
1.299021759033203125e+02 1.343859558105468750e+02 1.182233886718750000e+02
1.298896179199218750e+02 1.343704223632812500e+02 1.180159149169921875e+02
1.298831634521484375e+02 1.343481903076171875e+02 1.178090591430664062e+02
1.298751373291015625e+02 1.343065948486328125e+02 1.176104507446289062e+02
1.298578643798828125e+02 1.342329406738281250e+02 1.174277038574218750e+02
1.298300476074218750e+02 1.341217193603515625e+02 1.172640304565429688e+02
1.298227844238281250e+02 1.340062561035156250e+02 1.170990753173828125e+02
1.298354492187500000e+02 1.338989257812500000e+02 1.169272079467773438e+02
1.298518676757812500e+02 1.337994384765625000e+02 1.167512054443359375e+02
1.298558959960937500e+02 1.337074584960937500e+02 1.165738449096679688e+02
1.298314514160156250e+02 1.336227111816406250e+02 1.163978958129882812e+02
1.297725372314453125e+02 1.335451812744140625e+02 1.162244873046875000e+02
1.296911621093750000e+02 1.334755554199218750e+02 1.160517883300781250e+02
1.296012420654296875e+02 1.334145050048828125e+02 1.158776779174804688e+02
1.295166473388671875e+02 1.333627624511718750e+02 1.157000122070312500e+02
1.294512786865234375e+02 1.333210296630859375e+02 1.155166625976562500e+02
1.294172363281250000e+02 1.332899627685546875e+02 1.153258209228515625e+02
1.294110260009765625e+02 1.332697296142578125e+02 1.151283187866210938e+02
1.294212036132812500e+02 1.332602691650390625e+02 1.149263458251953125e+02
1.294362945556640625e+02 1.332615051269531250e+02 1.147221221923828125e+02
1.294447784423828125e+02 1.332733764648437500e+02 1.145178527832031250e+02
1.294351806640625000e+02 1.332958221435546875e+02 1.143157424926757812e+02
1.293960113525390625e+02 1.333287658691406250e+02 1.141180038452148438e+02
1.293417510986328125e+02 1.333715057373046875e+02 1.139276580810546875e+02
1.293574829101562500e+02 1.334217376708984375e+02 1.137494888305664062e+02
1.294476470947265625e+02 1.334794158935546875e+02 1.135819320678710938e+02
1.295709533691406250e+02 1.335457153320312500e+02 1.134201736450195312e+02
1.296858062744140625e+02 1.336218414306640625e+02 1.132594070434570312e+02
1.297742004394531250e+02 1.337337799072265625e+02 1.130829544067382812e+02
1.298385467529296875e+02 1.338420867919921875e+02 1.129622955322265625e+02
