1.284434967041015625e+02 1.326902618408203125e+02 1.113187255859375000e+02
1.284633331298828125e+02 1.325680694580078125e+02 1.114566497802734375e+02
1.284851531982421875e+02 1.325036163330078125e+02 1.116564102172851562e+02
1.285257263183593750e+02 1.324497985839843750e+02 1.118323593139648438e+02
1.285877227783203125e+02 1.323634338378906250e+02 1.119964828491210938e+02
1.286636047363281250e+02 1.322547302246093750e+02 1.121528396606445312e+02
1.287458648681640625e+02 1.321338806152343750e+02 1.123055191040039062e+02
1.288269958496093750e+02 1.320111083984375000e+02 1.124585876464843750e+02
1.288994750976562500e+02 1.318966369628906250e+02 1.126161117553710938e+02
1.289590606689453125e+02 1.318009033203125000e+02 1.127826995849609375e+02
1.290114746093750000e+02 1.317346191406250000e+02 1.129643630981445312e+02
1.290330963134765625e+02 1.316596679687500000e+02 1.131468276977539062e+02
1.290437927246093750e+02 1.315619506835937500e+02 1.133227462768554688e+02
1.290777282714843750e+02 1.314805145263671875e+02 1.135057220458984375e+02
1.291186981201171875e+02 1.314169464111328125e+02 1.136947860717773438e+02
1.291502838134765625e+02 1.313726654052734375e+02 1.138889007568359375e+02
1.291565246582031250e+02 1.313489074707031250e+02 1.140870437622070312e+02
1.291427307128906250e+02 1.313347930908203125e+02 1.142858657836914062e+02
1.291003112792968750e+02 1.313208618164062500e+02 1.144803466796875000e+02
1.290406494140625000e+02 1.313067779541015625e+02 1.146724243164062500e+02
1.289813537597656250e+02 1.312917327880859375e+02 1.148647308349609375e+02
1.289396972656250000e+02 1.312749481201171875e+02 1.150598831176757812e+02
1.289186096191406250e+02 1.312580566406250000e+02 1.152584152221679688e+02
1.289025573730468750e+02 1.312456970214843750e+02 1.154581756591796875e+02
1.288860778808593750e+02 1.312395629882812500e+02 1.156582641601562500e+02
1.288696289062500000e+02 1.312397155761718750e+02 1.158585052490234375e+02
1.288536987304687500e+02 1.312462310791015625e+02 1.160587234497070312e+02
1.288387603759765625e+02 1.312591705322265625e+02 1.162587509155273438e+02
1.288253021240234375e+02 1.312785949707031250e+02 1.164584197998046875e+02
1.288138275146484375e+02 1.313045501708984375e+02 1.166575622558593750e+02
1.288047943115234375e+02 1.313371276855468750e+02 1.168559951782226562e+02
1.287987213134765625e+02 1.313763580322265625e+02 1.170535583496093750e+02
1.287960662841796875e+02 1.314223327636718750e+02 1.172500839233398438e+02
1.287989501953125000e+02 1.314738464355468750e+02 1.174453277587890625e+02
1.288205718994140625e+02 1.315210418701171875e+02 1.176385726928710938e+02
1.288757934570312500e+02 1.315517578125000000e+02 1.178291015625000000e+02
1.289459075927734375e+02 1.315683441162109375e+02 1.180184326171875000e+02
1.289915008544921875e+02 1.315821380615234375e+02 1.182094421386718750e+02
1.289876861572265625e+02 1.316021118164062500e+02 1.184038543701171875e+02
1.289495391845703125e+02 1.316303863525390625e+02 1.186001129150390625e+02
1.288988494873046875e+02 1.316679840087890625e+02 1.187961502075195312e+02
1.288574371337890625e+02 1.317158966064453125e+02 1.189898681640625000e+02
1.288446502685546875e+02 1.317748565673828125e+02 1.191794586181640625e+02
1.288596801757812500e+02 1.318432922363281250e+02 1.193652572631835938e+02
1.288918914794921875e+02 1.319185028076171875e+02 1.195486755371093750e+02
1.289304962158203125e+02 1.319977722167968750e+02 1.197311401367187500e+02
1.289647979736328125e+02 1.320783996582031250e+02 1.199140548706054688e+02
1.289841156005859375e+02 1.321576690673828125e+02 1.200988464355468750e+02
1.289851226806640625e+02 1.322329101562500000e+02 1.202862930297851562e+02
1.289763641357421875e+02 1.323015136718750000e+02 1.204762268066406250e+02
1.289674835205078125e+02 1.323608551025390625e+02 1.206683654785156250e+02
1.289681549072265625e+02 1.324083557128906250e+02 1.208624191284179688e+02
1.289878540039062500e+02 1.324415130615234375e+02 1.210581130981445312e+02
1.290409545898437500e+02 1.324562072753906250e+02 1.212504501342773438e+02
1.291143035888671875e+02 1.324528198242187500e+02 1.214395675659179688e+02
1.291625213623046875e+02 1.324439086914062500e+02 1.216331100463867188e+02
1.291766357421875000e+02 1.324304199218750000e+02 1.218321914672851562e+02
1.291892395019531250e+02 1.324145965576171875e+02 1.220308303833007812e+02
1.292011413574218750e+02 1.323995208740234375e+02 1.222293624877929688e+02
1.292138519287109375e+02 1.323862915039062500e+02 1.224280548095703125e+02
1.292289276123046875e+02 1.323760070800781250e+02 1.226271438598632812e+02
1.292478485107421875e+02 1.323697814941406250e+02 1.228268814086914062e+02
1.292721710205078125e+02 1.323687286376953125e+02 1.230275344848632812e+02
1.293033142089843750e+02 1.323737030029296875e+02 1.232292633056640625e+02
1.293415832519531250e+02 1.323821716308593750e+02 1.234310379028320312e+02
1.293863983154296875e+02 1.323890228271484375e+02 1.236309509277343750e+02
1.294371948242187500e+02 1.323891143798828125e+02 1.238270568847656250e+02
1.294933776855468750e+02 1.323772735595703125e+02 1.240174331665039062e+02
1.295543670654296875e+02 1.323483734130859375e+02 1.242001266479492188e+02
1.296195831298828125e+02 1.322976684570312500e+02 1.243733825683593750e+02
1.296887207031250000e+02 1.322254180908203125e+02 1.245373306274414062e+02
1.297616119384765625e+02 1.321348571777343750e+02 1.246932373046875000e+02
1.298380737304687500e+02 1.320292968750000000e+02 1.248424301147460938e+02
1.299179382324218750e+02 1.319120178222656250e+02 1.249861984252929688e+02
1.300010375976562500e+02 1.317863311767578125e+02 1.251258468627929688e+02
1.300872039794921875e+02 1.316555175781250000e+02 1.252626876831054688e+02
1.301762695312500000e+02 1.315229034423828125e+02 1.253980178833007812e+02
1.302680511474609375e+02 1.313917846679687500e+02 1.255331420898437500e+02
1.303623962402343750e+02 1.312654266357421875e+02 1.256693572998046875e+02
1.304591217041015625e+02 1.311471557617187500e+02 1.258079833984375000e+02
1.305580596923828125e+02 1.310402679443359375e+02 1.259503097534179688e+02
1.306590423583984375e+02 1.309480590820312500e+02 1.260976486206054688e+02
1.307619018554687500e+02 1.308738098144531250e+02 1.262512969970703125e+02
1.308660583496093750e+02 1.308202514648437500e+02 1.264125595092773438e+02
1.309650573730468750e+02 1.307810058593750000e+02 1.265826034545898438e+02
1.310487823486328125e+02 1.307435760498046875e+02 1.267622909545898438e+02
1.311166992187500000e+02 1.307044372558593750e+02 1.269503173828125000e+02
1.311734008789062500e+02 1.306649169921875000e+02 1.271442260742187500e+02
1.312235260009765625e+02 1.306263580322265625e+02 1.273415756225585938e+02
1.312716827392578125e+02 1.305901641845703125e+02 1.275399017333984375e+02
1.313225402832031250e+02 1.305576629638671875e+02 1.277367477416992188e+02
1.313807067871093750e+02 1.305302581787109375e+02 1.279296646118164062e+02
1.314508361816406250e+02 1.305092773437500000e+02 1.281161956787109375e+02
1.315375366210937500e+02 1.304961090087890625e+02 1.282938690185546875e+02
1.316454772949218750e+02 1.304921112060546875e+02 1.284602508544921875e+02
1.317792663574218750e+02 1.304986419677734375e+02 1.286128692626953125e+02
1.319388427734375000e+02 1.305157318115234375e+02 1.287514648437500000e+02
1.320883941650390625e+02 1.305330352783203125e+02 1.288923034667968750e+02
1.321758422851562500e+02 1.305355529785156250e+02 1.290591888427734375e+02
1.321867523193359375e+02 1.305135803222656250e+02 1.292590179443359375e+02
1.321966705322265625e+02 1.304720611572265625e+02 1.294583129882812500e+02
1.322247924804687500e+02 1.304185180664062500e+02 1.296494293212890625e+02
1.322648620605468750e+02 1.303605194091796875e+02 1.298363189697265625e+02
1.323105621337890625e+02 1.303056030273437500e+02 1.300230102539062500e+02
1.323565826416015625e+02 1.302594909667968750e+02 1.302126007080078125e+02
1.324037780761718750e+02 1.302163848876953125e+02 1.304027557373046875e+02
1.324554290771484375e+02 1.301659545898437500e+02 1.305890502929687500e+02
1.325138549804687500e+02 1.301002807617187500e+02 1.307681121826171875e+02
1.325771484375000000e+02 1.300215454101562500e+02 1.309412384033203125e+02
1.326422729492187500e+02 1.299346313476562500e+02 1.311109619140625000e+02
1.327062377929687500e+02 1.298443908691406250e+02 1.312798004150390625e+02
1.327660217285156250e+02 1.297557067871093750e+02 1.314503173828125000e+02
1.328186187744140625e+02 1.296734313964843750e+02 1.316250305175781250e+02
1.328609924316406250e+02 1.296024475097656250e+02 1.318064575195312500e+02
1.328918151855468750e+02 1.295437927246093750e+02 1.319952850341796875e+02
1.329148864746093750e+02 1.294865417480468750e+02 1.321863403320312500e+02
1.329350280761718750e+02 1.294174346923828125e+02 1.323732910156250000e+02
1.329798126220703125e+02 1.293412780761718750e+02 1.325524597167968750e+02
1.330568695068359375e+02 1.292736816406250000e+02 1.327263641357421875e+02
1.331326751708984375e+02 1.292118530273437500e+02 1.329012451171875000e+02
1.331801147460937500e+02 1.291552734375000000e+02 1.330857391357421875e+02
1.331991424560546875e+02 1.291097564697265625e+02 1.332806701660156250e+02
1.332137145996093750e+02 1.290857086181640625e+02 1.334798126220703125e+02
1.332334289550781250e+02 1.290826568603515625e+02 1.336797790527343750e+02
1.332609710693359375e+02 1.290951385498046875e+02 1.338787231445312500e+02
1.332989959716796875e+02 1.291176452636718750e+02 1.340747528076171875e+02
1.333477325439453125e+02 1.291451263427734375e+02 1.342670745849609375e+02
1.333999023437500000e+02 1.291738586425781250e+02 1.344582061767578125e+02
1.334680633544921875e+02 1.291847229003906250e+02 1.346452789306640625e+02
1.335481109619140625e+02 1.291769409179687500e+02 1.348300628662109375e+02
1.336037750244140625e+02 1.291748199462890625e+02 1.350222320556640625e+02
1.336331634521484375e+02 1.291751861572265625e+02 1.352200622558593750e+02
1.336443023681640625e+02 1.291770324707031250e+02 1.354214172363281250e+02
1.336461486816406250e+02 1.291804809570312500e+02 1.356244201660156250e+02
1.336476440429687500e+02 1.291856536865234375e+02 1.358272094726562500e+02
1.336577758789062500e+02 1.291926879882812500e+02 1.360278930664062500e+02
1.336855163574218750e+02 1.292017211914062500e+02 1.362245941162109375e+02
1.337396087646484375e+02 1.292128601074218750e+02 1.364154663085937500e+02
1.338081817626953125e+02 1.292332916259765625e+02 1.366015472412109375e+02
1.338674011230468750e+02 1.293116912841796875e+02 1.367775115966796875e+02
1.339034118652343750e+02 1.294001617431640625e+02 1.369564514160156250e+02
1.339101409912109375e+02 1.294548950195312500e+02 1.371487731933593750e+02
1.339084930419921875e+02 1.295047454833984375e+02 1.373432006835937500e+02
1.339186859130859375e+02 1.295794982910156250e+02 1.375285339355468750e+02
1.339442749023437500e+02 1.296723022460937500e+02 1.377057037353515625e+02
1.339856262207031250e+02 1.297694549560546875e+02 1.378778991699218750e+02
1.340455017089843750e+02 1.298552093505859375e+02 1.380483703613281250e+02
1.341287536621093750e+02 1.299162445068359375e+02 1.382200317382812500e+02
1.342151489257812500e+02 1.299674224853515625e+02 1.383946380615234375e+02
1.342821197509765625e+02 1.300261993408203125e+02 1.385736846923828125e+02
1.343222198486328125e+02 1.300985260009765625e+02 1.387564239501953125e+02
1.343411865234375000e+02 1.301803283691406250e+02 1.389402160644531250e+02
1.343450775146484375e+02 1.302672576904296875e+02 1.391224060058593750e+02
1.343375549316406250e+02 1.303567962646484375e+02 1.393020782470703125e+02
1.343201904296875000e+02 1.304479980468750000e+02 1.394797515869140625e+02
1.342944641113281250e+02 1.305399475097656250e+02 1.396560058593750000e+02
1.342618865966796875e+02 1.306317596435546875e+02 1.398314056396484375e+02
1.342239379882812500e+02 1.307225494384765625e+02 1.400065612792968750e+02
1.341821136474609375e+02 1.308114013671875000e+02 1.401820220947265625e+02
1.341379241943359375e+02 1.308974151611328125e+02 1.403583831787109375e+02
1.340928649902343750e+02 1.309797058105468750e+02 1.405362243652343750e+02
1.340484161376953125e+02 1.310573883056640625e+02 1.407161102294921875e+02
1.340060729980468750e+02 1.311295318603515625e+02 1.408986511230468750e+02
1.339666900634765625e+02 1.311949462890625000e+02 1.410842437744140625e+02
1.339278564453125000e+02 1.312508544921875000e+02 1.412726440429687500e+02
1.338863677978515625e+02 1.312941131591796875e+02 1.414633636474609375e+02
1.338427124023437500e+02 1.313240966796875000e+02 1.416562957763671875e+02
1.338016510009765625e+02 1.313431549072265625e+02 1.418516845703125000e+02
1.337682037353515625e+02 1.313537445068359375e+02 1.420497894287109375e+02
1.337470245361328125e+02 1.313582000732421875e+02 1.422507629394531250e+02
1.337399444580078125e+02 1.313575286865234375e+02 1.424535064697265625e+02
1.337474670410156250e+02 1.313521118164062500e+02 1.426563110351562500e+02
1.337700958251953125e+02 1.313423004150390625e+02 1.428574981689453125e+02
1.338083038330078125e+02 1.313284912109375000e+02 1.430553894042968750e+02
1.338625946044921875e+02 1.313110504150390625e+02 1.432482757568359375e+02
1.339328765869140625e+02 1.312912597656250000e+02 1.434347839355468750e+02
1.340140380859375000e+02 1.312771453857421875e+02 1.436164550781250000e+02
1.341032409667968750e+02 1.312696838378906250e+02 1.437945404052734375e+02
1.341988372802734375e+02 1.312673492431640625e+02 1.439698028564453125e+02
1.342991943359375000e+02 1.312686767578125000e+02 1.441430664062500000e+02
1.344026489257812500e+02 1.312721862792968750e+02 1.443150787353515625e+02
1.345075683593750000e+02 1.312763824462890625e+02 1.444866333007812500e+02
1.346123046875000000e+02 1.312797698974609375e+02 1.446585235595703125e+02
1.347151947021484375e+02 1.312808837890625000e+02 1.448315277099609375e+02
1.348146057128906250e+02 1.312782287597656250e+02 1.450064239501953125e+02
1.349089050292968750e+02 1.312703857421875000e+02 1.451839904785156250e+02
1.349966888427734375e+02 1.312576293945312500e+02 1.453647003173828125e+02
1.350768432617187500e+02 1.312423095703125000e+02 1.455485992431640625e+02
1.351482696533203125e+02 1.312268524169921875e+02 1.457357940673828125e+02
1.352098693847656250e+02 1.312137145996093750e+02 1.459263305664062500e+02
1.352605285644531250e+02 1.312053375244140625e+02 1.461202697753906250e+02
1.352991027832031250e+02 1.312036437988281250e+02 1.463176116943359375e+02
1.353231201171875000e+02 1.312003631591796875e+02 1.465166320800781250e+02
1.353294219970703125e+02 1.311787872314453125e+02 1.467141876220703125e+02
1.353218231201171875e+02 1.311358489990234375e+02 1.469092407226562500e+02
1.353089752197265625e+02 1.310782623291015625e+02 1.471022186279296875e+02
1.352996520996093750e+02 1.310129547119140625e+02 1.472935638427734375e+02
1.353026580810546875e+02 1.309468231201171875e+02 1.474837646484375000e+02
1.353242340087890625e+02 1.308877563476562500e+02 1.476737976074218750e+02
1.353476715087890625e+02 1.308470306396484375e+02 1.478679504394531250e+02
1.353669891357421875e+02 1.308220672607421875e+02 1.480660400390625000e+02
1.353808746337890625e+02 1.308075714111328125e+02 1.482666778564453125e+02
1.353879699707031250e+02 1.307982635498046875e+02 1.484684753417968750e+02
1.353869476318359375e+02 1.307888641357421875e+02 1.486700897216796875e+02
1.353764953613281250e+02 1.307740936279296875e+02 1.488701019287109375e+02
1.353561553955078125e+02 1.307508850097656250e+02 1.490677185058593750e+02
1.353274230957031250e+02 1.307211303710937500e+02 1.492634124755859375e+02
1.352921295166015625e+02 1.306873931884765625e+02 1.494578094482421875e+02
1.352520294189453125e+02 1.306522521972656250e+02 1.496515502929687500e+02
1.352089080810546875e+02 1.306182708740234375e+02 1.498452453613281250e+02
1.351625671386718750e+02 1.305872650146484375e+02 1.500387115478515625e+02
1.351083679199218750e+02 1.305594177246093750e+02 1.502298583984375000e+02
1.350410919189453125e+02 1.305346679687500000e+02 1.504163970947265625e+02
1.349571380615234375e+02 1.305125274658203125e+02 1.505965728759765625e+02
1.348682556152343750e+02 1.304885101318359375e+02 1.507744293212890625e+02
1.347881622314453125e+02 1.304583740234375000e+02 1.509549407958984375e+02
1.347159423828125000e+02 1.304233856201171875e+02 1.511379394531250000e+02
1.346487426757812500e+02 1.303855133056640625e+02 1.513226623535156250e+02
1.345837707519531250e+02 1.303467254638671875e+02 1.515083007812500000e+02
1.345181427001953125e+02 1.303090209960937500e+02 1.516940612792968750e+02
1.344490661621093750e+02 1.302743682861328125e+02 1.518791503906250000e+02
1.343736724853515625e+02 1.302447509765625000e+02 1.520627746582031250e+02
1.342891540527343750e+02 1.302221374511718750e+02 1.522441406250000000e+02
1.341935729980468750e+02 1.302073211669921875e+02 1.524225311279296875e+02
1.340947113037109375e+02 1.301884155273437500e+02 1.525980377197265625e+02
1.340062561035156250e+02 1.301458740234375000e+02 1.527712249755859375e+02
1.339500274658203125e+02 1.300794525146484375e+02 1.529470672607421875e+02
1.339508666992187500e+02 1.300391082763671875e+02 1.531379394531250000e+02
1.339893035888671875e+02 1.300178985595703125e+02 1.533390045166015625e+02
1.340428314208984375e+02 1.300034942626953125e+02 1.535440521240234375e+02
1.340892944335937500e+02 1.299837951660156250e+02 1.537469482421875000e+02
1.341208343505859375e+02 1.299571228027343750e+02 1.539449310302734375e+02
1.341496887207031250e+02 1.299362792968750000e+02 1.541399536132812500e+02
1.341891784667968750e+02 1.299351806640625000e+02 1.543342895507812500e+02
1.342216949462890625e+02 1.299614868164062500e+02 1.545300750732421875e+02
1.342412872314453125e+02 1.299982604980468750e+02 1.547260284423828125e+02
1.342832946777343750e+02 1.300218505859375000e+02 1.549190368652343750e+02
1.343459167480468750e+02 1.300358428955078125e+02 1.551092681884765625e+02
1.344154357910156250e+02 1.300523376464843750e+02 1.552978515625000000e+02
1.344785919189453125e+02 1.300828857421875000e+02 1.554859619140625000e+02
1.345316009521484375e+02 1.301284179687500000e+02 1.556741333007812500e+02
1.345797271728515625e+02 1.301795959472656250e+02 1.558623657226562500e+02
1.346286163330078125e+02 1.302266845703125000e+02 1.560506744384765625e+02
1.346838531494140625e+02 1.302600097656250000e+02 1.562389984130859375e+02
1.347492980957031250e+02 1.302766113281250000e+02 1.564266815185546875e+02
1.348258209228515625e+02 1.302845153808593750e+02 1.566119232177734375e+02
1.349140167236328125e+02 1.302928466796875000e+02 1.567928771972656250e+02
1.350145263671875000e+02 1.303107147216796875e+02 1.569676361083984375e+02
1.351275634765625000e+02 1.303461303710937500e+02 1.571345825195312500e+02
1.352503356933593750e+02 1.303974609375000000e+02 1.572940979003906250e+02
1.353783264160156250e+02 1.304579467773437500e+02 1.574477233886718750e+02
1.355070343017578125e+02 1.305207977294921875e+02 1.575969696044921875e+02
1.356319732666015625e+02 1.305791931152343750e+02 1.577433776855468750e+02
1.357486419677734375e+02 1.306263275146484375e+02 1.578884429931640625e+02
1.358525390625000000e+02 1.306553955078125000e+02 1.580336914062500000e+02
1.359423370361328125e+02 1.306609497070312500e+02 1.581827697753906250e+02
1.360258789062500000e+02 1.306415100097656250e+02 1.583452911376953125e+02
1.361126403808593750e+02 1.305962524414062500e+02 1.585320129394531250e+02
1.362120819091796875e+02 1.305244445800781250e+02 1.587535858154296875e+02
1.363148040771484375e+02 1.304407958984375000e+02 1.589818115234375000e+02
1.363634643554687500e+02 1.303994903564453125e+02 1.590895843505859375e+02
