1.265055313110351562e+02 1.280986022949218750e+02 1.124360275268554688e+02
1.265185165405273438e+02 1.279452285766601562e+02 1.126166534423828125e+02
1.265484237670898438e+02 1.278270416259765625e+02 1.128226470947265625e+02
1.265909957885742188e+02 1.277694396972656250e+02 1.130180587768554688e+02
1.266427536010742188e+02 1.277567367553710938e+02 1.132063369750976562e+02
1.267002487182617188e+02 1.277732849121093750e+02 1.133909149169921875e+02
1.267599868774414062e+02 1.278034057617187500e+02 1.135752487182617188e+02
1.268185119628906250e+02 1.278314285278320312e+02 1.137627792358398438e+02
1.268726501464843750e+02 1.278426742553710938e+02 1.139566421508789062e+02
1.269264831542968750e+02 1.278463516235351562e+02 1.141523818969726562e+02
1.269915924072265625e+02 1.278763732910156250e+02 1.143376770019531250e+02
1.270701522827148438e+02 1.279427032470703125e+02 1.145110244750976562e+02
1.271404266357421875e+02 1.280039520263671875e+02 1.146916732788085938e+02
1.271917114257812500e+02 1.280592803955078125e+02 1.148784713745117188e+02
1.272144241333007812e+02 1.281111145019531250e+02 1.150687026977539062e+02
1.272049255371093750e+02 1.281611022949218750e+02 1.152604293823242188e+02
1.271718063354492188e+02 1.282094726562500000e+02 1.154533462524414062e+02
1.271251373291015625e+02 1.282562255859375000e+02 1.156473083496093750e+02
1.270741043090820312e+02 1.282999572753906250e+02 1.158421325683593750e+02
1.270243453979492188e+02 1.283334503173828125e+02 1.160373992919921875e+02
1.269805755615234375e+02 1.283480682373046875e+02 1.162326126098632812e+02
1.269475250244140625e+02 1.283351135253906250e+02 1.164272918701171875e+02
1.269287033081054688e+02 1.282925567626953125e+02 1.166216354370117188e+02
1.269200210571289062e+02 1.282599639892578125e+02 1.168200531005859375e+02
1.269207305908203125e+02 1.282559967041015625e+02 1.170230178833007812e+02
1.269376373291015625e+02 1.282547149658203125e+02 1.172242736816406250e+02
1.269779815673828125e+02 1.282276611328125000e+02 1.174172058105468750e+02
1.270450820922851562e+02 1.281689300537109375e+02 1.175985870361328125e+02
1.271327438354492188e+02 1.281275939941406250e+02 1.177735290527343750e+02
1.272296447753906250e+02 1.281387634277343750e+02 1.179484863281250000e+02
1.273137664794921875e+02 1.281664428710937500e+02 1.181298370361328125e+02
1.273831787109375000e+02 1.281856384277343750e+02 1.183171081542968750e+02
1.274560012817382812e+02 1.281941680908203125e+02 1.185036773681640625e+02
1.275466308593750000e+02 1.281920623779296875e+02 1.186841583251953125e+02
1.276527099609375000e+02 1.281848754882812500e+02 1.188586425781250000e+02
1.277678756713867188e+02 1.281794433593750000e+02 1.190285491943359375e+02
1.278857574462890625e+02 1.281826019287109375e+02 1.191952896118164062e+02
1.279999847412109375e+02 1.282012176513671875e+02 1.193602676391601562e+02
1.281042022705078125e+02 1.282421264648437500e+02 1.195249023437500000e+02
1.281905212402343750e+02 1.283104705810546875e+02 1.196916427612304688e+02
1.282005920410156250e+02 1.284121551513671875e+02 1.198622360229492188e+02
1.281986846923828125e+02 1.285140228271484375e+02 1.200320663452148438e+02
1.282156066894531250e+02 1.285673828125000000e+02 1.202203750610351562e+02
1.282470550537109375e+02 1.285924072265625000e+02 1.204200820922851562e+02
1.282885284423828125e+02 1.286095886230468750e+02 1.206239700317382812e+02
1.283355407714843750e+02 1.286394500732421875e+02 1.208248062133789062e+02
1.283840942382812500e+02 1.286985015869140625e+02 1.210165786743164062e+02
1.284330444335937500e+02 1.287798614501953125e+02 1.212003250122070312e+02
1.284823760986328125e+02 1.288680572509765625e+02 1.213796920776367188e+02
1.285320434570312500e+02 1.289475860595703125e+02 1.215583190917968750e+02
1.285819854736328125e+02 1.290029754638671875e+02 1.217398452758789062e+02
1.286321563720703125e+02 1.290187377929687500e+02 1.219279174804687500e+02
1.286909332275390625e+02 1.289839477539062500e+02 1.221164932250976562e+02
1.287771911621093750e+02 1.289149017333984375e+02 1.222839660644531250e+02
1.288616943359375000e+02 1.288552398681640625e+02 1.224550018310546875e+02
1.289378509521484375e+02 1.288122406005859375e+02 1.226349334716796875e+02
1.290072326660156250e+02 1.287831420898437500e+02 1.228217086791992188e+02
1.290714263916015625e+02 1.287651977539062500e+02 1.230132827758789062e+02
1.291320343017578125e+02 1.287556762695312500e+02 1.232075958251953125e+02
1.291906127929687500e+02 1.287518157958984375e+02 1.234025955200195312e+02
1.292486419677734375e+02 1.287507324218750000e+02 1.235962524414062500e+02
1.292940063476562500e+02 1.287333831787109375e+02 1.237895202636718750e+02
1.293171234130859375e+02 1.286875762939453125e+02 1.239843750000000000e+02
1.293280944824218750e+02 1.286272125244140625e+02 1.241797180175781250e+02
1.293373565673828125e+02 1.285666809082031250e+02 1.243744125366210938e+02
1.293553924560546875e+02 1.285204162597656250e+02 1.245672760009765625e+02
1.293922576904296875e+02 1.285022888183593750e+02 1.247572250366210938e+02
1.294496154785156250e+02 1.285139007568359375e+02 1.249443740844726562e+02
1.295209503173828125e+02 1.285451202392578125e+02 1.251300354003906250e+02
1.295994110107421875e+02 1.285852813720703125e+02 1.253155593872070312e+02
1.296781616210937500e+02 1.286237640380859375e+02 1.255023040771484375e+02
1.297508850097656250e+02 1.286510772705078125e+02 1.256914672851562500e+02
1.298155822753906250e+02 1.286674957275390625e+02 1.258829956054687500e+02
1.298724670410156250e+02 1.286784210205078125e+02 1.260761718750000000e+02
1.299218139648437500e+02 1.286892089843750000e+02 1.262702789306640625e+02
1.299638519287109375e+02 1.287052764892578125e+02 1.264645919799804688e+02
1.299988403320312500e+02 1.287320251464843750e+02 1.266584014892578125e+02
1.300273284912109375e+02 1.287739562988281250e+02 1.268509979248046875e+02
1.300513763427734375e+02 1.288305511474609375e+02 1.270418167114257812e+02
1.300736083984375000e+02 1.288995208740234375e+02 1.272303314208984375e+02
1.300966796875000000e+02 1.289785766601562500e+02 1.274160232543945312e+02
1.301232147216796875e+02 1.290654449462890625e+02 1.275983581542968750e+02
1.301558227539062500e+02 1.291578369140625000e+02 1.277768249511718750e+02
1.301971588134765625e+02 1.292534484863281250e+02 1.279508895874023438e+02
1.302498474121093750e+02 1.293500061035156250e+02 1.281200256347656250e+02
1.303162384033203125e+02 1.294451141357421875e+02 1.282839050292968750e+02
1.303817901611328125e+02 1.295324249267578125e+02 1.284539031982421875e+02
1.304360504150390625e+02 1.296121215820312500e+02 1.286350402832031250e+02
1.304791107177734375e+02 1.296884307861328125e+02 1.288230285644531250e+02
1.305110168457031250e+02 1.297655944824218750e+02 1.290135803222656250e+02
1.305318603515625000e+02 1.298478240966796875e+02 1.292024078369140625e+02
1.305417022705078125e+02 1.299393615722656250e+02 1.293852233886718750e+02
1.305406341552734375e+02 1.300444335937500000e+02 1.295577392578125000e+02
1.305287017822265625e+02 1.301672668457031250e+02 1.297156829833984375e+02
1.305059967041015625e+02 1.303121032714843750e+02 1.298547515869140625e+02
1.304741210937500000e+02 1.304712371826171875e+02 1.299788513183593750e+02
1.304399261474609375e+02 1.305968017578125000e+02 1.301194000244140625e+02
1.304074859619140625e+02 1.306630706787109375e+02 1.302937316894531250e+02
1.303757476806640625e+02 1.306856384277343750e+02 1.304923095703125000e+02
1.303432922363281250e+02 1.306830291748046875e+02 1.307036895751953125e+02
1.303087005615234375e+02 1.306737670898437500e+02 1.309164581298828125e+02
1.302700347900390625e+02 1.306759643554687500e+02 1.311192626953125000e+02
1.302020263671875000e+02 1.306884002685546875e+02 1.313061523437500000e+02
1.301073303222656250e+02 1.307082672119140625e+02 1.314831695556640625e+02
1.300219726562500000e+02 1.307463989257812500e+02 1.316586608886718750e+02
1.299420776367187500e+02 1.307964477539062500e+02 1.318352661132812500e+02
1.298497161865234375e+02 1.308459167480468750e+02 1.320135803222656250e+02
1.297537078857421875e+02 1.308904724121093750e+02 1.321944580078125000e+02
1.296918334960937500e+02 1.309346771240234375e+02 1.323791503906250000e+02
1.297001800537109375e+02 1.309833679199218750e+02 1.325687408447265625e+02
1.297219238281250000e+02 1.310373992919921875e+02 1.327600860595703125e+02
1.297177276611328125e+02 1.310954132080078125e+02 1.329509429931640625e+02
1.296963806152343750e+02 1.311570129394531250e+02 1.331412353515625000e+02
1.296666870117187500e+02 1.312217712402343750e+02 1.333309631347656250e+02
1.296374664306640625e+02 1.312892913818359375e+02 1.335200805664062500e+02
1.296175231933593750e+02 1.313591461181640625e+02 1.337085266113281250e+02
1.296119384765625000e+02 1.314304656982421875e+02 1.338963623046875000e+02
1.296004791259765625e+02 1.314990386962890625e+02 1.340840454101562500e+02
1.295679321289062500e+02 1.315621948242187500e+02 1.342719573974609375e+02
1.295314941406250000e+02 1.316232604980468750e+02 1.344598693847656250e+02
1.295113983154296875e+02 1.316861267089843750e+02 1.346474304199218750e+02
1.295140075683593750e+02 1.317528228759765625e+02 1.348342132568359375e+02
1.295353698730468750e+02 1.318239288330078125e+02 1.350196380615234375e+02
1.295712280273437500e+02 1.318999786376953125e+02 1.352031402587890625e+02
1.296173706054687500e+02 1.319815216064453125e+02 1.353841400146484375e+02
1.296695861816406250e+02 1.320691070556640625e+02 1.355621032714843750e+02
1.297236022949218750e+02 1.321632843017578125e+02 1.357364349365234375e+02
1.297752380371093750e+02 1.322645874023437500e+02 1.359065704345703125e+02
1.298202514648437500e+02 1.323735809326171875e+02 1.360719604492187500e+02
1.298547058105468750e+02 1.324906463623046875e+02 1.362321319580078125e+02
1.298804321289062500e+02 1.326135559082031250e+02 1.363884582519531250e+02
1.299043579101562500e+02 1.327376861572265625e+02 1.365440521240234375e+02
1.299357147216796875e+02 1.328399810791015625e+02 1.367093963623046875e+02
1.299785308837890625e+02 1.329018859863281250e+02 1.368921661376953125e+02
1.300298156738281250e+02 1.329390716552734375e+02 1.370856628417968750e+02
1.300865783691406250e+02 1.329674530029296875e+02 1.372830200195312500e+02
1.301457977294921875e+02 1.330029296875000000e+02 1.374774322509765625e+02
1.302044525146484375e+02 1.330614166259765625e+02 1.376620635986328125e+02
1.302525634765625000e+02 1.331424102783203125e+02 1.378385467529296875e+02
1.302715759277343750e+02 1.332015533447265625e+02 1.380294342041015625e+02
1.302873382568359375e+02 1.332572631835937500e+02 1.382223968505859375e+02
1.303103942871093750e+02 1.333041687011718750e+02 1.384176788330078125e+02
1.303365020751953125e+02 1.333321075439453125e+02 1.386185302734375000e+02
1.303645324707031250e+02 1.333413543701171875e+02 1.388227996826171875e+02
1.303933258056640625e+02 1.333321990966796875e+02 1.390282745361328125e+02
1.304217376708984375e+02 1.333049011230468750e+02 1.392327880859375000e+02
1.304486389160156250e+02 1.332597656250000000e+02 1.394341583251953125e+02
1.304728546142578125e+02 1.331970520019531250e+02 1.396302032470703125e+02
1.304932556152343750e+02 1.331170501708984375e+02 1.398187408447265625e+02
1.305087890625000000e+02 1.330201568603515625e+02 1.399976348876953125e+02
1.305286865234375000e+02 1.329216003417968750e+02 1.401707305908203125e+02
1.305760650634765625e+02 1.328554229736328125e+02 1.403500671386718750e+02
1.306487426757812500e+02 1.328134918212890625e+02 1.405337982177734375e+02
1.307360534667968750e+02 1.327737274169921875e+02 1.407154388427734375e+02
1.308265380859375000e+02 1.327203521728515625e+02 1.408911895751953125e+02
1.309062042236328125e+02 1.326582183837890625e+02 1.410659484863281250e+02
1.309605407714843750e+02 1.325963287353515625e+02 1.412463989257812500e+02
1.309783630371093750e+02 1.325432128906250000e+02 1.414378814697265625e+02
1.309764099121093750e+02 1.325028381347656250e+02 1.416349029541015625e+02
1.309718322753906250e+02 1.324691314697265625e+02 1.418328094482421875e+02
1.309674224853515625e+02 1.324330902099609375e+02 1.420317077636718750e+02
1.309646148681640625e+02 1.323912963867187500e+02 1.422297821044921875e+02
1.309647827148437500e+02 1.323407287597656250e+02 1.424251708984375000e+02
1.309692993164062500e+02 1.322783203125000000e+02 1.426159667968750000e+02
1.309795532226562500e+02 1.322010192871093750e+02 1.428002471923828125e+02
1.309951324462890625e+02 1.321097717285156250e+02 1.429779663085937500e+02
1.310303497314453125e+02 1.320432281494140625e+02 1.431588592529296875e+02
1.310906677246093750e+02 1.320090484619140625e+02 1.433445892333984375e+02
1.311661682128906250e+02 1.319950714111328125e+02 1.435338134765625000e+02
1.312469024658203125e+02 1.319891052246093750e+02 1.437252197265625000e+02
1.313229522705078125e+02 1.319790191650390625e+02 1.439174499511718750e+02
1.313843841552734375e+02 1.319526062011718750e+02 1.441091766357421875e+02
1.314255676269531250e+02 1.319084167480468750e+02 1.443003540039062500e+02
1.314821166992187500e+02 1.318830261230468750e+02 1.444914245605468750e+02
1.315564422607421875e+02 1.318491058349609375e+02 1.446753234863281250e+02
1.316459503173828125e+02 1.318225097656250000e+02 1.448535308837890625e+02
1.317481994628906250e+02 1.318154602050781250e+02 1.450267333984375000e+02
1.318614654541015625e+02 1.318270568847656250e+02 1.451931304931640625e+02
1.319841766357421875e+02 1.318535156250000000e+02 1.453502655029296875e+02
1.321148376464843750e+02 1.318904876708984375e+02 1.454970092773437500e+02
1.322521057128906250e+02 1.319316558837890625e+02 1.456367950439453125e+02
1.323946533203125000e+02 1.319702453613281250e+02 1.457740631103515625e+02
1.325410308837890625e+02 1.320005340576171875e+02 1.459129028320312500e+02
1.326885986328125000e+02 1.320231933593750000e+02 1.460547027587890625e+02
1.328343048095703125e+02 1.320414276123046875e+02 1.461999053955078125e+02
1.329751129150390625e+02 1.320584259033203125e+02 1.463489532470703125e+02
1.331079559326171875e+02 1.320774078369140625e+02 1.465022277832031250e+02
1.332297973632812500e+02 1.321015625000000000e+02 1.466601715087890625e+02
1.333375701904296875e+02 1.321340789794921875e+02 1.468232116699218750e+02
1.334282073974609375e+02 1.321781768798828125e+02 1.469917602539062500e+02
1.334989471435546875e+02 1.322366943359375000e+02 1.471661987304687500e+02
1.335514678955078125e+02 1.323062591552734375e+02 1.473462829589843750e+02
1.335913848876953125e+02 1.323781127929687500e+02 1.475312194824218750e+02
1.336244049072265625e+02 1.324433898925781250e+02 1.477201843261718750e+02
1.336544189453125000e+02 1.324972839355468750e+02 1.479123687744140625e+02
1.336822204589843750e+02 1.325418853759765625e+02 1.481069946289062500e+02
1.337083587646484375e+02 1.325799102783203125e+02 1.483032684326171875e+02
1.337333526611328125e+02 1.326140594482421875e+02 1.485003967285156250e+02
1.337577209472656250e+02 1.326470489501953125e+02 1.486976165771484375e+02
1.337820129394531250e+02 1.326816101074218750e+02 1.488941040039062500e+02
1.338067169189453125e+02 1.327204589843750000e+02 1.490890960693359375e+02
1.338323974609375000e+02 1.327662963867187500e+02 1.492817993164062500e+02
1.338595581054687500e+02 1.328218536376953125e+02 1.494714355468750000e+02
1.338887176513671875e+02 1.328898315429687500e+02 1.496572265625000000e+02
1.338965301513671875e+02 1.329363708496093750e+02 1.498533172607421875e+02
1.339804382324218750e+02 1.329880218505859375e+02 1.500255126953125000e+02
1.340766296386718750e+02 1.330433349609375000e+02 1.501916351318359375e+02
1.341665954589843750e+02 1.330893707275390625e+02 1.503629913330078125e+02
1.342507781982421875e+02 1.331265258789062500e+02 1.505397644042968750e+02
1.343297424316406250e+02 1.331567230224609375e+02 1.507211151123046875e+02
1.344040374755859375e+02 1.331819152832031250e+02 1.509062042236328125e+02
1.344741973876953125e+02 1.332040252685546875e+02 1.510942077636718750e+02
1.345407867431640625e+02 1.332250061035156250e+02 1.512842864990234375e+02
1.346043395996093750e+02 1.332468109130859375e+02 1.514756164550781250e+02
1.346654052734375000e+02 1.332713470458984375e+02 1.516673583984375000e+02
1.347245483398437500e+02 1.333005676269531250e+02 1.518586730957031250e+02
1.347823028564453125e+02 1.333364257812500000e+02 1.520487213134765625e+02
1.348392028808593750e+02 1.333808288574218750e+02 1.522366943359375000e+02
1.348958282470703125e+02 1.334357452392578125e+02 1.524217376708984375e+02
1.349530029296875000e+02 1.335029449462890625e+02 1.526028594970703125e+02
1.350157318115234375e+02 1.335818786621093750e+02 1.527765960693359375e+02
1.350919189453125000e+02 1.336701965332031250e+02 1.529378356933593750e+02
1.351834411621093750e+02 1.337657470703125000e+02 1.530859375000000000e+02
1.352869873046875000e+02 1.338665618896484375e+02 1.532240905761718750e+02
1.353990173339843750e+02 1.339706573486328125e+02 1.533556365966796875e+02
1.355160064697265625e+02 1.340760498046875000e+02 1.534839172363281250e+02
1.356344299316406250e+02 1.341808013916015625e+02 1.536122741699218750e+02
1.357512512207031250e+02 1.342829284667968750e+02 1.537435913085937500e+02
1.358688812255859375e+02 1.343806762695312500e+02 1.538754730224609375e+02
1.359932861328125000e+02 1.344723968505859375e+02 1.540021057128906250e+02
1.361304016113281250e+02 1.345565032958984375e+02 1.541177062988281250e+02
1.362819061279296875e+02 1.346333007812500000e+02 1.542213439941406250e+02
1.364432067871093750e+02 1.347060394287109375e+02 1.543191986083984375e+02
1.366087799072265625e+02 1.347778015136718750e+02 1.544181365966796875e+02
1.367677154541015625e+02 1.348476562500000000e+02 1.545265045166015625e+02
1.369057159423828125e+02 1.349121093750000000e+02 1.546535797119140625e+02
1.370095672607421875e+02 1.349678039550781250e+02 1.548078155517578125e+02
1.370806274414062500e+02 1.350139923095703125e+02 1.549871673583984375e+02
1.371302185058593750e+02 1.350516510009765625e+02 1.551824340820312500e+02
1.371698303222656250e+02 1.350818176269531250e+02 1.553842773437500000e+02
1.372099609375000000e+02 1.351052093505859375e+02 1.555842590332031250e+02
1.372536926269531250e+02 1.351203613281250000e+02 1.557806091308593750e+02
1.373008880615234375e+02 1.351248321533203125e+02 1.559745635986328125e+02
1.373513336181640625e+02 1.351161499023437500e+02 1.561673126220703125e+02
1.374048614501953125e+02 1.350918731689453125e+02 1.563601074218750000e+02
1.374591674804687500e+02 1.350609588623046875e+02 1.565509643554687500e+02
1.375075683593750000e+02 1.350562286376953125e+02 1.567313995361328125e+02
1.375484161376953125e+02 1.350824584960937500e+02 1.569016265869140625e+02
1.375821075439453125e+02 1.351335296630859375e+02 1.570652465820312500e+02
1.376090087890625000e+02 1.352033081054687500e+02 1.572258453369140625e+02
1.376294860839843750e+02 1.352856292724609375e+02 1.573870086669921875e+02
1.376439361572265625e+02 1.353743743896484375e+02 1.575523223876953125e+02
1.376527099609375000e+02 1.354633941650390625e+02 1.577253723144531250e+02
1.376561889648437500e+02 1.355465698242187500e+02 1.579097290039062500e+02
1.376547546386718750e+02 1.356177368164062500e+02 1.581090087890625000e+02
1.376487731933593750e+02 1.356707611083984375e+02 1.583267822265625000e+02
1.376386413574218750e+02 1.356995239257812500e+02 1.585666198730468750e+02
1.376246948242187500e+02 1.356978759765625000e+02 1.588321380615234375e+02
1.376107788085937500e+02 1.356702728271484375e+02 1.590705871582031250e+02
