1.306989288330078125e+02 1.330158233642578125e+02 1.131338195800781250e+02
1.306026153564453125e+02 1.330141601562500000e+02 1.133059844970703125e+02
1.305590667724609375e+02 1.330495452880859375e+02 1.134917907714843750e+02
1.305573730468750000e+02 1.331090698242187500e+02 1.136884002685546875e+02
1.305791320800781250e+02 1.331742248535156250e+02 1.138909606933593750e+02
1.306060028076171875e+02 1.332265472412109375e+02 1.140946197509765625e+02
1.306271972656250000e+02 1.332554168701171875e+02 1.142950057983398438e+02
1.306596527099609375e+02 1.332791290283203125e+02 1.144895172119140625e+02
1.307247619628906250e+02 1.333219909667968750e+02 1.146761322021484375e+02
1.307640686035156250e+02 1.333848724365234375e+02 1.148599472045898438e+02
1.307359008789062500e+02 1.334550781250000000e+02 1.150456161499023438e+02
1.307232360839843750e+02 1.335327758789062500e+02 1.152304916381835938e+02
1.307105102539062500e+02 1.336053161621093750e+02 1.154195785522460938e+02
1.306986694335937500e+02 1.336708526611328125e+02 1.156124114990234375e+02
1.306907348632812500e+02 1.337287597656250000e+02 1.158078994750976562e+02
1.306896820068359375e+02 1.337784576416015625e+02 1.160049285888671875e+02
1.306985168457031250e+02 1.338193206787109375e+02 1.162024154663085938e+02
1.307202301025390625e+02 1.338507537841796875e+02 1.163992462158203125e+02
1.307578125000000000e+02 1.338721466064453125e+02 1.165943222045898438e+02
1.308096618652343750e+02 1.338843841552734375e+02 1.167876815795898438e+02
1.308618621826171875e+02 1.338932647705078125e+02 1.169822311401367188e+02
1.309145355224609375e+02 1.339013671875000000e+02 1.171772155761718750e+02
1.309692840576171875e+02 1.339108276367187500e+02 1.173715209960937500e+02
1.310277099609375000e+02 1.339238281250000000e+02 1.175640335083007812e+02
1.310913848876953125e+02 1.339424896240234375e+02 1.177536315917968750e+02
1.311618804931640625e+02 1.339689788818359375e+02 1.179392242431640625e+02
1.312408142089843750e+02 1.340054626464843750e+02 1.181196746826171875e+02
1.313297576904296875e+02 1.340539398193359375e+02 1.182938690185546875e+02
1.314332122802734375e+02 1.340979309082031250e+02 1.184593276977539062e+02
1.315571441650390625e+02 1.340996093750000000e+02 1.186132812500000000e+02
1.316919708251953125e+02 1.340749816894531250e+02 1.187621383666992188e+02
1.318240966796875000e+02 1.340543670654296875e+02 1.189146347045898438e+02
1.319432830810546875e+02 1.340540313720703125e+02 1.190767135620117188e+02
1.320456390380859375e+02 1.340632324218750000e+02 1.192490310668945312e+02
1.321287689208984375e+02 1.340693359375000000e+02 1.194313201904296875e+02
1.321977539062500000e+02 1.340702819824218750e+02 1.196204986572265625e+02
1.322617645263671875e+02 1.340699005126953125e+02 1.198118972778320312e+02
1.323300476074218750e+02 1.340720825195312500e+02 1.200008392333984375e+02
1.324118652343750000e+02 1.340807495117187500e+02 1.201826400756835938e+02
1.325155334472656250e+02 1.340992279052734375e+02 1.203530731201171875e+02
1.326330108642578125e+02 1.341210479736328125e+02 1.205160675048828125e+02
1.327420654296875000e+02 1.341311950683593750e+02 1.206826248168945312e+02
1.328228607177734375e+02 1.341169586181640625e+02 1.208622665405273438e+02
1.328735809326171875e+02 1.340818939208984375e+02 1.210538787841796875e+02
1.328992919921875000e+02 1.340357513427734375e+02 1.212522811889648438e+02
1.329051666259765625e+02 1.339881896972656250e+02 1.214522781372070312e+02
1.329000854492187500e+02 1.339412384033203125e+02 1.216495895385742188e+02
1.328983306884765625e+02 1.338859252929687500e+02 1.218412704467773438e+02
1.329146270751953125e+02 1.338123931884765625e+02 1.220244827270507812e+02
1.329577331542968750e+02 1.337202758789062500e+02 1.221985778808593750e+02
1.330241546630859375e+02 1.336287536621093750e+02 1.223674774169921875e+02
1.331088409423828125e+02 1.335594787597656250e+02 1.225356521606445312e+02
1.332056427001953125e+02 1.335278625488281250e+02 1.227070541381835938e+02
1.333035278320312500e+02 1.335219879150390625e+02 1.228833770751953125e+02
1.333907318115234375e+02 1.335229339599609375e+02 1.230655212402343750e+02
1.334650115966796875e+02 1.335205078125000000e+02 1.232523651123046875e+02
1.335320129394531250e+02 1.335116882324218750e+02 1.234410858154296875e+02
1.335976562500000000e+02 1.334936981201171875e+02 1.236287918090820312e+02
1.336667327880859375e+02 1.334650268554687500e+02 1.238133087158203125e+02
1.337402648925781250e+02 1.334288787841796875e+02 1.239948501586914062e+02
1.338184661865234375e+02 1.333893737792968750e+02 1.241741790771484375e+02
1.339015045166015625e+02 1.333506927490234375e+02 1.243520278930664062e+02
1.339895935058593750e+02 1.333170013427734375e+02 1.245291519165039062e+02
1.340829467773437500e+02 1.332924652099609375e+02 1.247062911987304688e+02
1.341817626953125000e+02 1.332812194824218750e+02 1.248842086791992188e+02
1.342859191894531250e+02 1.332873992919921875e+02 1.250636444091796875e+02
1.343770599365234375e+02 1.333117523193359375e+02 1.252460098266601562e+02
1.344090576171875000e+02 1.333498687744140625e+02 1.254336471557617188e+02
1.343748626708984375e+02 1.333954772949218750e+02 1.256269607543945312e+02
1.343426208496093750e+02 1.334404296875000000e+02 1.258225708007812500e+02
1.343307189941406250e+02 1.334833221435546875e+02 1.260189285278320312e+02
1.343328857421875000e+02 1.335256347656250000e+02 1.262154617309570312e+02
1.343427429199218750e+02 1.335688934326171875e+02 1.264115982055664062e+02
1.343538818359375000e+02 1.336146087646484375e+02 1.266067657470703125e+02
1.343599395751953125e+02 1.336642913818359375e+02 1.268003845214843750e+02
1.343545532226562500e+02 1.337194519042968750e+02 1.269918823242187500e+02
1.343341674804687500e+02 1.337807464599609375e+02 1.271810607910156250e+02
1.343076629638671875e+02 1.338450775146484375e+02 1.273693542480468750e+02
1.342872772216796875e+02 1.339083404541015625e+02 1.275586395263671875e+02
1.342823486328125000e+02 1.339674987792968750e+02 1.277500915527343750e+02
1.342907867431640625e+02 1.340235595703125000e+02 1.279422225952148438e+02
1.343087310791015625e+02 1.340770721435546875e+02 1.281344146728515625e+02
1.343329620361328125e+02 1.341277313232421875e+02 1.283269500732421875e+02
1.343602752685546875e+02 1.341752319335937500e+02 1.285200805664062500e+02
1.343874969482421875e+02 1.342192382812500000e+02 1.287141265869140625e+02
1.344114074707031250e+02 1.342594604492187500e+02 1.289093475341796875e+02
1.344288177490234375e+02 1.342955627441406250e+02 1.291060180664062500e+02
1.344366455078125000e+02 1.343272399902343750e+02 1.293044433593750000e+02
1.344377593994140625e+02 1.343542785644531250e+02 1.295041503906250000e+02
1.344439392089843750e+02 1.343765869140625000e+02 1.297036437988281250e+02
1.344676361083984375e+02 1.343941345214843750e+02 1.299013671875000000e+02
1.345187377929687500e+02 1.344068450927734375e+02 1.300960083007812500e+02
1.345866241455078125e+02 1.344149169921875000e+02 1.302884826660156250e+02
1.346510314941406250e+02 1.344185791015625000e+02 1.304807586669921875e+02
1.346916809082031250e+02 1.344181213378906250e+02 1.306748352050781250e+02
1.346888427734375000e+02 1.344138183593750000e+02 1.308723144531250000e+02
1.346366424560546875e+02 1.344070739746093750e+02 1.310675811767578125e+02
1.345460968017578125e+02 1.344008636474609375e+02 1.312494659423828125e+02
1.344766540527343750e+02 1.344060516357421875e+02 1.314308929443359375e+02
1.344641265869140625e+02 1.344280395507812500e+02 1.316251678466796875e+02
1.344845733642578125e+02 1.344609375000000000e+02 1.318274993896484375e+02
1.345115661621093750e+02 1.344983215332031250e+02 1.320323333740234375e+02
1.345218963623046875e+02 1.345345153808593750e+02 1.322347564697265625e+02
1.345126190185546875e+02 1.345681915283203125e+02 1.324339752197265625e+02
1.344887847900390625e+02 1.345997924804687500e+02 1.326307830810546875e+02
1.344554748535156250e+02 1.346297607421875000e+02 1.328259735107421875e+02
1.344177703857421875e+02 1.346585235595703125e+02 1.330203857421875000e+02
1.343807525634765625e+02 1.346865234375000000e+02 1.332147827148437500e+02
1.343494873046875000e+02 1.347142028808593750e+02 1.334100036621093750e+02
1.343290557861328125e+02 1.347419891357421875e+02 1.336068572998046875e+02
1.343226470947265625e+02 1.347729644775390625e+02 1.338049163818359375e+02
1.343284759521484375e+02 1.348171844482421875e+02 1.340006103515625000e+02
1.343451385498046875e+02 1.348830413818359375e+02 1.341897735595703125e+02
1.343750152587890625e+02 1.349705047607421875e+02 1.343682403564453125e+02
1.344151611328125000e+02 1.350728302001953125e+02 1.345363769531250000e+02
1.344379425048828125e+02 1.351615142822265625e+02 1.347139129638671875e+02
1.344654541015625000e+02 1.352403259277343750e+02 1.348962249755859375e+02
1.345197601318359375e+02 1.353130035400390625e+02 1.350772857666015625e+02
1.345724029541015625e+02 1.353752288818359375e+02 1.352610626220703125e+02
1.345943145751953125e+02 1.354231719970703125e+02 1.354513092041015625e+02
1.345845031738281250e+02 1.354558410644531250e+02 1.356486206054687500e+02
1.345732269287109375e+02 1.354753570556640625e+02 1.358500213623046875e+02
1.345870513916015625e+02 1.354859771728515625e+02 1.360521850585937500e+02
1.346245422363281250e+02 1.355021057128906250e+02 1.362505645751953125e+02
1.346750183105468750e+02 1.355415802001953125e+02 1.364402313232421875e+02
1.347290039062500000e+02 1.356140747070312500e+02 1.366187896728515625e+02
1.347860260009765625e+02 1.356785888671875000e+02 1.367993011474609375e+02
1.348455810546875000e+02 1.357284698486328125e+02 1.369840698242187500e+02
1.349060668945312500e+02 1.357722930908203125e+02 1.371707305908203125e+02
1.349658508300781250e+02 1.358186035156250000e+02 1.373568572998046875e+02
1.350550842285156250e+02 1.358311004638671875e+02 1.375345001220703125e+02
1.351332397460937500e+02 1.358100280761718750e+02 1.377127227783203125e+02
1.351678161621093750e+02 1.357855529785156250e+02 1.378985900878906250e+02
1.351671447753906250e+02 1.357581176757812500e+02 1.380908203125000000e+02
1.351395263671875000e+02 1.357281494140625000e+02 1.382881469726562500e+02
1.350932922363281250e+02 1.356961212158203125e+02 1.384892730712890625e+02
1.350368041992187500e+02 1.356624603271484375e+02 1.386929168701171875e+02
1.349783477783203125e+02 1.356276397705078125e+02 1.388977661132812500e+02
1.349262847900390625e+02 1.355920867919921875e+02 1.391025695800781250e+02
1.348889160156250000e+02 1.355562591552734375e+02 1.393060302734375000e+02
1.348745727539062500e+02 1.355206146240234375e+02 1.395068511962890625e+02
1.348915557861328125e+02 1.354855499267578125e+02 1.397037506103515625e+02
1.349351501464843750e+02 1.354413146972656250e+02 1.398944244384765625e+02
1.349921112060546875e+02 1.353600158691406250e+02 1.400675659179687500e+02
1.350897674560546875e+02 1.352669372558593750e+02 1.402167358398437500e+02
1.352086791992187500e+02 1.351860961914062500e+02 1.403589172363281250e+02
1.353304138183593750e+02 1.351088409423828125e+02 1.405004272460937500e+02
1.354366149902343750e+02 1.350257415771484375e+02 1.406473541259765625e+02
1.355120544433593750e+02 1.349313964843750000e+02 1.408059997558593750e+02
1.355758361816406250e+02 1.348574981689453125e+02 1.409810180664062500e+02
1.356390075683593750e+02 1.348105010986328125e+02 1.411675262451171875e+02
1.357063598632812500e+02 1.347871856689453125e+02 1.413591308593750000e+02
1.357826995849609375e+02 1.347843475341796875e+02 1.415494995117187500e+02
1.358720397949218750e+02 1.347973480224609375e+02 1.417328491210937500e+02
1.359725952148437500e+02 1.348107452392578125e+02 1.419076995849609375e+02
1.360799255371093750e+02 1.348041687011718750e+02 1.420745239257812500e+02
1.361901855468750000e+02 1.347599945068359375e+02 1.422337188720703125e+02
1.363051757812500000e+02 1.346865997314453125e+02 1.423846588134765625e+02
1.364298095703125000e+02 1.346067504882812500e+02 1.425261383056640625e+02
1.365690460205078125e+02 1.345433654785156250e+02 1.426569671630859375e+02
1.367274627685546875e+02 1.345181884765625000e+02 1.427760467529296875e+02
1.368898010253906250e+02 1.344899749755859375e+02 1.428877410888671875e+02
1.370204315185546875e+02 1.343999176025390625e+02 1.430117797851562500e+02
1.371250610351562500e+02 1.343096923828125000e+02 1.431560668945312500e+02
1.372457427978515625e+02 1.342160797119140625e+02 1.432834930419921875e+02
1.373811035156250000e+02 1.341182250976562500e+02 1.433947143554687500e+02
1.375260009765625000e+02 1.340167541503906250e+02 1.434939270019531250e+02
1.376753387451171875e+02 1.339122161865234375e+02 1.435852813720703125e+02
1.378240051269531250e+02 1.338052062988281250e+02 1.436729583740234375e+02
1.379675140380859375e+02 1.336970062255859375e+02 1.437619171142578125e+02
1.381067962646484375e+02 1.335946655273437500e+02 1.438637390136718750e+02
1.382432708740234375e+02 1.335070495605468750e+02 1.439907073974609375e+02
1.383677062988281250e+02 1.334378356933593750e+02 1.441425933837890625e+02
1.384674224853515625e+02 1.333890533447265625e+02 1.443150482177734375e+02
1.385297393798828125e+02 1.333627014160156250e+02 1.445037078857421875e+02
1.385565643310546875e+02 1.333541259765625000e+02 1.447020874023437500e+02
1.385975952148437500e+02 1.333383483886718750e+02 1.448976287841796875e+02
1.386564941406250000e+02 1.333170318603515625e+02 1.450883331298828125e+02
1.387252502441406250e+02 1.332957458496093750e+02 1.452754669189453125e+02
1.388005065917968750e+02 1.332747802734375000e+02 1.454601898193359375e+02
1.388791046142578125e+02 1.332541351318359375e+02 1.456436157226562500e+02
1.389579315185546875e+02 1.332338409423828125e+02 1.458269042968750000e+02
1.390338134765625000e+02 1.332139129638671875e+02 1.460111694335937500e+02
1.391037292480468750e+02 1.331943359375000000e+02 1.461975250244140625e+02
1.391671295166015625e+02 1.331743164062500000e+02 1.463861236572265625e+02
1.392259979248046875e+02 1.331521759033203125e+02 1.465762176513671875e+02
1.392824707031250000e+02 1.331262359619140625e+02 1.467669525146484375e+02
1.393386383056640625e+02 1.330948181152343750e+02 1.469575195312500000e+02
1.393964843750000000e+02 1.330564575195312500e+02 1.471471405029296875e+02
1.394561920166015625e+02 1.330122070312500000e+02 1.473357391357421875e+02
1.395168457031250000e+02 1.329647827148437500e+02 1.475236968994140625e+02
1.395774688720703125e+02 1.329169006347656250e+02 1.477113800048828125e+02
1.396371002197265625e+02 1.328713226318359375e+02 1.478991699218750000e+02
1.396947937011718750e+02 1.328307495117187500e+02 1.480874481201171875e+02
1.397496032714843750e+02 1.327979431152343750e+02 1.482765960693359375e+02
1.398005371093750000e+02 1.327756195068359375e+02 1.484669952392578125e+02
1.398466644287109375e+02 1.327665252685546875e+02 1.486590118408203125e+02
1.398873748779296875e+02 1.327729339599609375e+02 1.488529357910156250e+02
1.399253387451171875e+02 1.327927398681640625e+02 1.490482635498046875e+02
1.399650878906250000e+02 1.328214416503906250e+02 1.492440032958984375e+02
1.400110321044921875e+02 1.328546905517578125e+02 1.494391632080078125e+02
1.400655670166015625e+02 1.328910217285156250e+02 1.496322937011718750e+02
1.401295166015625000e+02 1.329313354492187500e+02 1.498215942382812500e+02
1.402036437988281250e+02 1.329765777587890625e+02 1.500052642822265625e+02
1.402886962890625000e+02 1.330277099609375000e+02 1.501815032958984375e+02
1.403854522705078125e+02 1.330856628417968750e+02 1.503484954833984375e+02
1.404946594238281250e+02 1.331514282226562500e+02 1.505044403076171875e+02
1.406170349121093750e+02 1.332258758544921875e+02 1.506475677490234375e+02
1.407511596679687500e+02 1.333070526123046875e+02 1.507789459228515625e+02
1.408921966552734375e+02 1.333884429931640625e+02 1.509040374755859375e+02
1.410350036621093750e+02 1.334631042480468750e+02 1.510287170410156250e+02
1.411744537353515625e+02 1.335241394042968750e+02 1.511588592529296875e+02
1.413054046630859375e+02 1.335646362304687500e+02 1.513003234863281250e+02
1.414228515625000000e+02 1.335780792236328125e+02 1.514587554931640625e+02
1.415257873535156250e+02 1.335709075927734375e+02 1.516317596435546875e+02
1.416198120117187500e+02 1.335587158203125000e+02 1.518094635009765625e+02
1.417144470214843750e+02 1.335446166992187500e+02 1.519856872558593750e+02
1.418196258544921875e+02 1.335301208496093750e+02 1.521547851562500000e+02
1.419405822753906250e+02 1.335150604248046875e+02 1.523136749267578125e+02
1.420510101318359375e+02 1.334885559082031250e+02 1.524762268066406250e+02
1.421444549560546875e+02 1.334482727050781250e+02 1.526458282470703125e+02
1.422240905761718750e+02 1.333956756591796875e+02 1.528207244873046875e+02
1.422930755615234375e+02 1.333321685791015625e+02 1.529991607666015625e+02
1.423546142578125000e+02 1.332592010498046875e+02 1.531793518066406250e+02
1.424118347167968750e+02 1.331782073974609375e+02 1.533595428466796875e+02
1.424679412841796875e+02 1.330906219482421875e+02 1.535379791259765625e+02
1.425260772705078125e+02 1.329978637695312500e+02 1.537128906250000000e+02
1.425894317626953125e+02 1.329013824462890625e+02 1.538825378417968750e+02
1.426611480712890625e+02 1.328025970458984375e+02 1.540451354980468750e+02
1.427444305419921875e+02 1.327029571533203125e+02 1.541989288330078125e+02
1.428394775390625000e+02 1.326023712158203125e+02 1.543434295654296875e+02
1.429384613037109375e+02 1.324966278076171875e+02 1.544816589355468750e+02
1.430321502685546875e+02 1.323807525634765625e+02 1.546171875000000000e+02
1.431126708984375000e+02 1.322515258789062500e+02 1.547531433105468750e+02
1.431773986816406250e+02 1.321121368408203125e+02 1.548906707763671875e+02
1.432249450683593750e+02 1.319673614501953125e+02 1.550304260253906250e+02
1.432539215087890625e+02 1.318219757080078125e+02 1.551730957031250000e+02
1.432629394531250000e+02 1.316807250976562500e+02 1.553193817138671875e+02
1.432506103515625000e+02 1.315483856201171875e+02 1.554699401855468750e+02
1.432155914306640625e+02 1.314296875000000000e+02 1.556254577636718750e+02
1.431597137451171875e+02 1.313265380859375000e+02 1.557861480712890625e+02
1.430902862548828125e+02 1.312359161376953125e+02 1.559514923095703125e+02
1.430151367187500000e+02 1.311543731689453125e+02 1.561208953857421875e+02
1.429421081542968750e+02 1.310784149169921875e+02 1.562937469482421875e+02
1.428785858154296875e+02 1.310046539306640625e+02 1.564694519042968750e+02
1.428221130371093750e+02 1.309308929443359375e+02 1.566474151611328125e+02
1.427682037353515625e+02 1.308561096191406250e+02 1.568267364501953125e+02
1.427166748046875000e+02 1.307792358398437500e+02 1.570063934326171875e+02
1.426673583984375000e+02 1.306992034912109375e+02 1.571853027343750000e+02
1.426201171875000000e+02 1.306149597167968750e+02 1.573624420166015625e+02
1.425747833251953125e+02 1.305254211425781250e+02 1.575367431640625000e+02
1.425312042236328125e+02 1.304295501708984375e+02 1.577071380615234375e+02
1.424892272949218750e+02 1.303262634277343750e+02 1.578725891113281250e+02
1.424487152099609375e+02 1.302145080566406250e+02 1.580320434570312500e+02
1.424095153808593750e+02 1.300935668945312500e+02 1.581846923828125000e+02
1.423715667724609375e+02 1.299637756347656250e+02 1.583305206298828125e+02
1.423347778320312500e+02 1.298256835937500000e+02 1.584696197509765625e+02
1.422990875244140625e+02 1.296798400878906250e+02 1.586021423339843750e+02
1.422644348144531250e+02 1.295267639160156250e+02 1.587281646728515625e+02
1.422307586669921875e+02 1.293670349121093750e+02 1.588478240966796875e+02
1.421979675292968750e+02 1.292011566162109375e+02 1.589612274169921875e+02
1.421660156250000000e+02 1.290296936035156250e+02 1.590684814453125000e+02
1.421348114013671875e+02 1.288531799316406250e+02 1.591697235107421875e+02
1.421042938232421875e+02 1.286721649169921875e+02 1.592650451660156250e+02
1.420744781494140625e+02 1.284873352050781250e+02 1.593548278808593750e+02
1.420458831787109375e+02 1.283003997802734375e+02 1.594410400390625000e+02
1.420192108154296875e+02 1.281134490966796875e+02 1.595263061523437500e+02
1.419951782226562500e+02 1.279285964965820312e+02 1.596132507324218750e+02
1.419745025634765625e+02 1.277479553222656250e+02 1.597044982910156250e+02
1.419579010009765625e+02 1.275736160278320312e+02 1.598026885986328125e+02
1.419460754394531250e+02 1.274076919555664062e+02 1.599104156494140625e+02
1.419397583007812500e+02 1.272522888183593750e+02 1.600303344726562500e+02
1.419396667480468750e+02 1.271095046997070312e+02 1.601650695800781250e+02
1.419460754394531250e+02 1.269808197021484375e+02 1.603165740966796875e+02
1.419511871337890625e+02 1.268556060791015625e+02 1.604738922119140625e+02
1.419489440917968750e+02 1.267241058349609375e+02 1.606264648437500000e+02
1.419417114257812500e+02 1.265874786376953125e+02 1.607749328613281250e+02
1.419321136474609375e+02 1.264472732543945312e+02 1.609202880859375000e+02
1.419227905273437500e+02 1.263050231933593750e+02 1.610635528564453125e+02
1.419164123535156250e+02 1.261622924804687500e+02 1.612057495117187500e+02
1.419156036376953125e+02 1.260206146240234375e+02 1.613478698730468750e+02
1.419230346679687500e+02 1.258815460205078125e+02 1.614909362792968750e+02
1.419413146972656250e+02 1.257466278076171875e+02 1.616359710693359375e+02
1.419731140136718750e+02 1.256174087524414062e+02 1.617839660644531250e+02
1.420193939208984375e+02 1.254952239990234375e+02 1.619356079101562500e+02
1.420771179199218750e+02 1.253809585571289062e+02 1.620908050537109375e+02
1.421429595947265625e+02 1.252750549316406250e+02 1.622493133544921875e+02
1.422147216796875000e+02 1.251767883300781250e+02 1.624109191894531250e+02
1.422904663085937500e+02 1.250851593017578125e+02 1.625754089355468750e+02
1.423682556152343750e+02 1.249991378784179688e+02 1.627425994873046875e+02
1.424461669921875000e+02 1.249177322387695312e+02 1.629122619628906250e+02
1.425222625732421875e+02 1.248399200439453125e+02 1.630841827392578125e+02
1.425945892333984375e+02 1.247647018432617188e+02 1.632581787109375000e+02
1.426612243652343750e+02 1.246910629272460938e+02 1.634340209960937500e+02
1.427202301025390625e+02 1.246179962158203125e+02 1.636115112304687500e+02
1.427696838378906250e+02 1.245444869995117188e+02 1.637904357910156250e+02
1.428076324462890625e+02 1.244695281982421875e+02 1.639705963134765625e+02
1.428321380615234375e+02 1.243921127319335938e+02 1.641517791748046875e+02
1.428415832519531250e+02 1.243110733032226562e+02 1.643336181640625000e+02
1.428376617431640625e+02 1.242233428955078125e+02 1.645139465332031250e+02
1.428243103027343750e+02 1.241246719360351562e+02 1.646894683837890625e+02
1.428047332763671875e+02 1.240120468139648438e+02 1.648567199707031250e+02
1.427806396484375000e+02 1.238851547241210938e+02 1.650121765136718750e+02
1.427535247802734375e+02 1.237440338134765625e+02 1.651521911621093750e+02
1.427249145507812500e+02 1.235887527465820312e+02 1.652733306884765625e+02
1.426968383789062500e+02 1.234202651977539062e+02 1.653748779296875000e+02
1.426718597412109375e+02 1.232403335571289062e+02 1.654587402343750000e+02
1.426525115966796875e+02 1.230507736206054688e+02 1.655269012451171875e+02
1.426413574218750000e+02 1.228533859252929688e+02 1.655813751220703125e+02
1.426409454345703125e+02 1.226499633789062500e+02 1.656241455078125000e+02
1.426531219482421875e+02 1.224424514770507812e+02 1.656576080322265625e+02
1.426733551025390625e+02 1.222339477539062500e+02 1.656875915527343750e+02
1.426938323974609375e+02 1.220281524658203125e+02 1.657217254638671875e+02
1.427066650390625000e+02 1.218287582397460938e+02 1.657676086425781250e+02
1.427040252685546875e+02 1.216394729614257812e+02 1.658328857421875000e+02
1.426780395507812500e+02 1.214639968872070312e+02 1.659252014160156250e+02
1.426208801269531250e+02 1.213060455322265625e+02 1.660521697998046875e+02
1.425246734619140625e+02 1.211693038940429688e+02 1.662214202880859375e+02
1.423983154296875000e+02 1.210672073364257812e+02 1.664161682128906250e+02
