1.263487854003906250e+02 1.276481475830078125e+02 1.128245925903320312e+02
1.263682327270507812e+02 1.276581268310546875e+02 1.128728713989257812e+02
1.264207382202148438e+02 1.276832962036132812e+02 1.130031051635742188e+02
1.264975280761718750e+02 1.277165451049804688e+02 1.131934051513671875e+02
1.265898437500000000e+02 1.277507476806640625e+02 1.134218750000000000e+02
1.266889114379882812e+02 1.277787551879882812e+02 1.136666183471679688e+02
1.267859878540039062e+02 1.277934646606445312e+02 1.139057464599609375e+02
1.268722839355468750e+02 1.277877349853515625e+02 1.141173706054687500e+02
1.269825439453125000e+02 1.278151473999023438e+02 1.142806320190429688e+02
1.270912704467773438e+02 1.278447875976562500e+02 1.144473037719726562e+02
1.271758575439453125e+02 1.278923721313476562e+02 1.146233673095703125e+02
1.272355804443359375e+02 1.279746246337890625e+02 1.147944946289062500e+02
1.272676391601562500e+02 1.280728302001953125e+02 1.149675903320312500e+02
1.273022842407226562e+02 1.281156158447265625e+02 1.151490707397460938e+02
1.274082412719726562e+02 1.280301818847656250e+02 1.153207168579101562e+02
1.275072937011718750e+02 1.279405364990234375e+02 1.154927825927734375e+02
1.275920715332031250e+02 1.278579483032226562e+02 1.156672821044921875e+02
1.276609039306640625e+02 1.277850189208984375e+02 1.158454437255859375e+02
1.277121124267578125e+02 1.277243728637695312e+02 1.160284729003906250e+02
1.277440261840820312e+02 1.276786193847656250e+02 1.162175979614257812e+02
1.277549667358398438e+02 1.276503753662109375e+02 1.164140396118164062e+02
1.277432632446289062e+02 1.276422500610351562e+02 1.166190032958984375e+02
1.277099609375000000e+02 1.276546554565429688e+02 1.168324966430664062e+02
1.276647872924804688e+02 1.276809616088867188e+02 1.170505905151367188e+02
1.276191940307617188e+02 1.277131195068359375e+02 1.172685852050781250e+02
1.275846557617187500e+02 1.277431030273437500e+02 1.174817810058593750e+02
1.275726318359375000e+02 1.277628707885742188e+02 1.176854782104492188e+02
1.275945739746093750e+02 1.277643890380859375e+02 1.178749771118164062e+02
1.276619491577148438e+02 1.277396087646484375e+02 1.180455703735351562e+02
1.277624511718750000e+02 1.276930465698242188e+02 1.181975631713867188e+02
1.276989364624023438e+02 1.277344894409179688e+02 1.183740768432617188e+02
1.275769958496093750e+02 1.278299331665039062e+02 1.185625991821289062e+02
1.275466232299804688e+02 1.279171371459960938e+02 1.187398223876953125e+02
1.276083145141601562e+02 1.279895477294921875e+02 1.189055252075195312e+02
1.277298736572265625e+02 1.280527801513671875e+02 1.190645217895507812e+02
1.278790817260742188e+02 1.281124725341796875e+02 1.192216415405273438e+02
1.280237274169921875e+02 1.281742401123046875e+02 1.193817062377929688e+02
1.281317138671875000e+02 1.282436828613281250e+02 1.195495300292968750e+02
1.281867523193359375e+02 1.283200836181640625e+02 1.197277679443359375e+02
1.282037200927734375e+02 1.283903503417968750e+02 1.199148712158203125e+02
1.282205200195312500e+02 1.284528961181640625e+02 1.201038284301757812e+02
1.282600860595703125e+02 1.285102386474609375e+02 1.202917633056640625e+02
1.282812957763671875e+02 1.285526123046875000e+02 1.204866790771484375e+02
1.282827911376953125e+02 1.286081695556640625e+02 1.206792984008789062e+02
1.282627105712890625e+02 1.286672973632812500e+02 1.208693695068359375e+02
1.282230987548828125e+02 1.287019500732421875e+02 1.210628662109375000e+02
1.281874084472656250e+02 1.287425537109375000e+02 1.212555160522460938e+02
1.281752929687500000e+02 1.288120269775390625e+02 1.214439086914062500e+02
1.281768951416015625e+02 1.288621520996093750e+02 1.216355133056640625e+02
1.281848907470703125e+02 1.288598785400390625e+02 1.218340072631835938e+02
1.282063446044921875e+02 1.288198089599609375e+02 1.220336914062500000e+02
1.282494201660156250e+02 1.287602996826171875e+02 1.222281036376953125e+02
1.283198547363281250e+02 1.286981964111328125e+02 1.224121322631835938e+02
1.284094848632812500e+02 1.286414947509765625e+02 1.225882873535156250e+02
1.285052185058593750e+02 1.285950622558593750e+02 1.227617721557617188e+02
1.285939788818359375e+02 1.285638122558593750e+02 1.229378280639648438e+02
1.286626281738281250e+02 1.285525970458984375e+02 1.231216659545898438e+02
1.287048950195312500e+02 1.285615997314453125e+02 1.233160781860351562e+02
1.287595214843750000e+02 1.285612487792968750e+02 1.235074996948242188e+02
1.288314361572265625e+02 1.285479888916015625e+02 1.236938629150390625e+02
1.289156799316406250e+02 1.285253906250000000e+02 1.238765716552734375e+02
1.290072479248046875e+02 1.284969940185546875e+02 1.240570449829101562e+02
1.291011962890625000e+02 1.284663696289062500e+02 1.242366867065429688e+02
1.291925201416015625e+02 1.284370727539062500e+02 1.244169006347656250e+02
1.292762603759765625e+02 1.284126281738281250e+02 1.245991058349609375e+02
1.293474426269531250e+02 1.283966369628906250e+02 1.247846908569335938e+02
1.294010925292968750e+02 1.283926239013671875e+02 1.249750823974609375e+02
1.294336090087890625e+02 1.284032287597656250e+02 1.251713790893554688e+02
1.294625549316406250e+02 1.284171142578125000e+02 1.253700332641601562e+02
1.294983520507812500e+02 1.284285888671875000e+02 1.255683975219726562e+02
1.295403289794921875e+02 1.284395904541015625e+02 1.257659530639648438e+02
1.295878601074218750e+02 1.284521331787109375e+02 1.259621658325195312e+02
1.296402893066406250e+02 1.284682006835937500e+02 1.261565322875976562e+02
1.296969299316406250e+02 1.284897766113281250e+02 1.263485260009765625e+02
1.297571411132812500e+02 1.285188598632812500e+02 1.265376205444335938e+02
1.298202667236328125e+02 1.285574340820312500e+02 1.267233047485351562e+02
1.298856506347656250e+02 1.286074981689453125e+02 1.269050674438476562e+02
1.299524536132812500e+02 1.286707000732421875e+02 1.270824966430664062e+02
1.300182800292968750e+02 1.287456665039062500e+02 1.272563705444335938e+02
1.300799255371093750e+02 1.288293609619140625e+02 1.274280929565429688e+02
1.301342773437500000e+02 1.289188385009765625e+02 1.275990066528320312e+02
1.301810455322265625e+02 1.290126647949218750e+02 1.277694702148437500e+02
1.302222900390625000e+02 1.291106414794921875e+02 1.279390029907226562e+02
1.302601623535156250e+02 1.292127075195312500e+02 1.281070861816406250e+02
1.302968292236328125e+02 1.293187255859375000e+02 1.282731933593750000e+02
1.303344116210937500e+02 1.294285888671875000e+02 1.284368438720703125e+02
1.303750915527343750e+02 1.295421905517578125e+02 1.285974731445312500e+02
1.304210205078125000e+02 1.296594085693359375e+02 1.287546081542968750e+02
1.304715270996093750e+02 1.297788543701171875e+02 1.289090270996093750e+02
1.305156860351562500e+02 1.298942871093750000e+02 1.290663909912109375e+02
1.305406951904296875e+02 1.299987487792968750e+02 1.292331390380859375e+02
1.305457763671875000e+02 1.300929565429687500e+02 1.294092559814453125e+02
1.305416564941406250e+02 1.301850585937500000e+02 1.295884704589843750e+02
1.305396118164062500e+02 1.302834930419921875e+02 1.297642517089843750e+02
1.305508270263671875e+02 1.303966674804687500e+02 1.299300689697265625e+02
1.305832672119140625e+02 1.305293579101562500e+02 1.300814056396484375e+02
1.305966033935546875e+02 1.306321105957031250e+02 1.302429809570312500e+02
1.305572814941406250e+02 1.306678619384765625e+02 1.304330596923828125e+02
1.304859771728515625e+02 1.306663818359375000e+02 1.306339874267578125e+02
1.304060668945312500e+02 1.306607360839843750e+02 1.308267059326171875e+02
1.303282775878906250e+02 1.306680145263671875e+02 1.310077667236328125e+02
1.302513732910156250e+02 1.306897888183593750e+02 1.311857910156250000e+02
1.301731567382812500e+02 1.307256164550781250e+02 1.313627929687500000e+02
1.300913543701171875e+02 1.307747497558593750e+02 1.315395202636718750e+02
1.300037231445312500e+02 1.308364868164062500e+02 1.317167053222656250e+02
1.299087982177734375e+02 1.309093933105468750e+02 1.318950958251953125e+02
1.298165893554687500e+02 1.309818420410156250e+02 1.320755462646484375e+02
1.297455902099609375e+02 1.310346527099609375e+02 1.322589263916015625e+02
1.297145233154296875e+02 1.310484924316406250e+02 1.324461212158203125e+02
1.297353210449218750e+02 1.310126495361328125e+02 1.326380767822265625e+02
1.297668762207031250e+02 1.309836273193359375e+02 1.328358612060546875e+02
1.297800445556640625e+02 1.309924926757812500e+02 1.330366973876953125e+02
1.297736816406250000e+02 1.310273742675781250e+02 1.332349395751953125e+02
1.297492218017578125e+02 1.310788421630859375e+02 1.334269866943359375e+02
1.297120513916015625e+02 1.311441497802734375e+02 1.336132202148437500e+02
1.296679840087890625e+02 1.312213439941406250e+02 1.337945404052734375e+02
1.296228790283203125e+02 1.313084106445312500e+02 1.339718170166015625e+02
1.295825347900390625e+02 1.314033966064453125e+02 1.341459655761718750e+02
1.295528106689453125e+02 1.315043182373046875e+02 1.343178405761718750e+02
1.295394287109375000e+02 1.316092071533203125e+02 1.344883422851562500e+02
1.295444488525390625e+02 1.317162170410156250e+02 1.346579284667968750e+02
1.295655517578125000e+02 1.318236541748046875e+02 1.348266143798828125e+02
1.296001586914062500e+02 1.319298400878906250e+02 1.349944000244140625e+02
1.296456909179687500e+02 1.320331115722656250e+02 1.351612548828125000e+02
1.296967315673828125e+02 1.321314392089843750e+02 1.353283691406250000e+02
1.297439727783203125e+02 1.322165069580078125e+02 1.355031127929687500e+02
1.297999725341796875e+02 1.322932586669921875e+02 1.356796112060546875e+02
1.298265228271484375e+02 1.323564300537109375e+02 1.358679199218750000e+02
1.298501586914062500e+02 1.324365844726562500e+02 1.360496063232421875e+02
1.298689270019531250e+02 1.325402984619140625e+02 1.362221374511718750e+02
1.298874206542968750e+02 1.326530151367187500e+02 1.363903503417968750e+02
1.299102783203125000e+02 1.327602233886718750e+02 1.365590515136718750e+02
1.299420928955078125e+02 1.328473663330078125e+02 1.367330627441406250e+02
1.299862518310546875e+02 1.329040832519531250e+02 1.369159088134765625e+02
1.300406494140625000e+02 1.329384155273437500e+02 1.371052398681640625e+02
1.301016845703125000e+02 1.329635162353515625e+02 1.372971343994140625e+02
1.301657409667968750e+02 1.329925842285156250e+02 1.374876251220703125e+02
1.302291717529296875e+02 1.330387725830078125e+02 1.376727905273437500e+02
1.302884521484375000e+02 1.331099700927734375e+02 1.378505096435546875e+02
1.303405303955078125e+02 1.331846008300781250e+02 1.380289459228515625e+02
1.303787536621093750e+02 1.332413940429687500e+02 1.382170410156250000e+02
1.303866271972656250e+02 1.332931518554687500e+02 1.384106750488281250e+02
1.303810119628906250e+02 1.333132171630859375e+02 1.386097412109375000e+02
1.303933563232421875e+02 1.333308105468750000e+02 1.388090515136718750e+02
1.304075622558593750e+02 1.333283996582031250e+02 1.390081939697265625e+02
1.304168701171875000e+02 1.332986755371093750e+02 1.392062988281250000e+02
1.304247283935546875e+02 1.332468109130859375e+02 1.394015502929687500e+02
1.304347991943359375e+02 1.331782379150390625e+02 1.395921783447265625e+02
1.304505767822265625e+02 1.330988159179687500e+02 1.397771453857421875e+02
1.304752807617187500e+02 1.330160827636718750e+02 1.399582061767578125e+02
1.305119934082031250e+02 1.329379425048828125e+02 1.401377105712890625e+02
1.305630798339843750e+02 1.328712921142578125e+02 1.403178405761718750e+02
1.306259460449218750e+02 1.328160400390625000e+02 1.404992065429687500e+02
1.306959838867187500e+02 1.327693176269531250e+02 1.406818847656250000e+02
1.307685699462890625e+02 1.327281799316406250e+02 1.408659057617187500e+02
1.308390655517578125e+02 1.326897430419921875e+02 1.410513153076171875e+02
1.309028472900390625e+02 1.326510772705078125e+02 1.412381439208984375e+02
1.309552917480468750e+02 1.326092681884765625e+02 1.414264526367187500e+02
1.309920349121093750e+02 1.325615386962890625e+02 1.416162567138671875e+02
1.310128326416015625e+02 1.325070037841796875e+02 1.418070983886718750e+02
1.310207672119140625e+02 1.324463653564453125e+02 1.419982147216796875e+02
1.310190124511718750e+02 1.323803405761718750e+02 1.421887969970703125e+02
1.310107421875000000e+02 1.323096771240234375e+02 1.423780517578125000e+02
1.309991302490234375e+02 1.322350616455078125e+02 1.425651550292968750e+02
1.309940338134765625e+02 1.321605529785156250e+02 1.427496185302734375e+02
1.310137481689453125e+02 1.320951080322265625e+02 1.429322967529296875e+02
1.310539855957031250e+02 1.320377197265625000e+02 1.431143951416015625e+02
1.311085662841796875e+02 1.319864959716796875e+02 1.432971343994140625e+02
1.311713104248046875e+02 1.319395446777343750e+02 1.434817504882812500e+02
1.312360687255859375e+02 1.318950042724609375e+02 1.436694488525390625e+02
1.312966766357421875e+02 1.318509826660156250e+02 1.438614501953125000e+02
1.313469543457031250e+02 1.318056030273437500e+02 1.440589752197265625e+02
1.313818817138671875e+02 1.317571563720703125e+02 1.442626953125000000e+02
1.314133453369140625e+02 1.317066497802734375e+02 1.444652709960937500e+02
1.314663238525390625e+02 1.316571807861328125e+02 1.446531066894531250e+02
1.315661315917968750e+02 1.316118774414062500e+02 1.448125000000000000e+02
1.317092437744140625e+02 1.315932922363281250e+02 1.449472961425781250e+02
1.318514099121093750e+02 1.316253967285156250e+02 1.450847473144531250e+02
1.319878997802734375e+02 1.316852416992187500e+02 1.452269897460937500e+02
1.321150817871093750e+02 1.317490386962890625e+02 1.453754425048828125e+02
1.322355041503906250e+02 1.318023376464843750e+02 1.455273284912109375e+02
1.323636627197265625e+02 1.318489379882812500e+02 1.456717071533203125e+02
1.325078125000000000e+02 1.318932342529296875e+02 1.458045196533203125e+02
1.326575927734375000e+02 1.319354553222656250e+02 1.459385528564453125e+02
1.328079986572265625e+02 1.319758758544921875e+02 1.460763854980468750e+02
1.329552917480468750e+02 1.320148468017578125e+02 1.462187805175781250e+02
1.330956878662109375e+02 1.320527648925781250e+02 1.463665008544921875e+02
1.332254486083984375e+02 1.320899810791015625e+02 1.465202941894531250e+02
1.333407897949218750e+02 1.321268768310546875e+02 1.466809234619140625e+02
1.334379730224609375e+02 1.321638031005859375e+02 1.468491363525390625e+02
1.335132446289062500e+02 1.322011566162109375e+02 1.470256805419921875e+02
1.335631256103515625e+02 1.322392578125000000e+02 1.472112274169921875e+02
1.335919189453125000e+02 1.322779846191406250e+02 1.474043273925781250e+02
1.336120910644531250e+02 1.323166046142578125e+02 1.476012420654296875e+02
1.336365051269531250e+02 1.323544006347656250e+02 1.477981719970703125e+02
1.336761169433593750e+02 1.323912506103515625e+02 1.479916229248046875e+02
1.337237243652343750e+02 1.324327239990234375e+02 1.481816253662109375e+02
1.337626647949218750e+02 1.324872283935546875e+02 1.483700256347656250e+02
1.337870483398437500e+02 1.325577239990234375e+02 1.485572662353515625e+02
1.338010406494140625e+02 1.326420440673828125e+02 1.487425231933593750e+02
1.338092346191406250e+02 1.327378387451171875e+02 1.489248809814453125e+02
1.338162078857421875e+02 1.328427581787109375e+02 1.491034393310546875e+02
1.338265228271484375e+02 1.329544219970703125e+02 1.492773132324218750e+02
1.338447723388671875e+02 1.330704956054687500e+02 1.494455718994140625e+02
1.338755340576171875e+02 1.331885986328125000e+02 1.496073303222656250e+02
1.339233703613281250e+02 1.333063812255859375e+02 1.497616729736328125e+02
1.339928741455078125e+02 1.334215087890625000e+02 1.499077301025390625e+02
1.340886230468750000e+02 1.335279998779296875e+02 1.500463867187500000e+02
1.341992950439453125e+02 1.335874023437500000e+02 1.502033081054687500e+02
1.342966613769531250e+02 1.336559295654296875e+02 1.503646545410156250e+02
1.343801116943359375e+02 1.337339172363281250e+02 1.505293579101562500e+02
1.344516296386718750e+02 1.338155517578125000e+02 1.506981964111328125e+02
1.345171508789062500e+02 1.338971252441406250e+02 1.508697052001953125e+02
1.345840454101562500e+02 1.339756927490234375e+02 1.510415191650390625e+02
1.346596374511718750e+02 1.340483245849609375e+02 1.512113189697265625e+02
1.347486877441406250e+02 1.341133575439453125e+02 1.513777313232421875e+02
1.348379364013671875e+02 1.341777648925781250e+02 1.515461273193359375e+02
1.349149169921875000e+02 1.342478485107421875e+02 1.517212066650390625e+02
1.349811096191406250e+02 1.343227386474609375e+02 1.519018859863281250e+02
1.350393066406250000e+02 1.344008789062500000e+02 1.520865936279296875e+02
1.350922698974609375e+02 1.344807128906250000e+02 1.522736968994140625e+02
1.351427764892578125e+02 1.345606842041015625e+02 1.524615936279296875e+02
1.351936340332031250e+02 1.346392517089843750e+02 1.526486816406250000e+02
1.352475891113281250e+02 1.347148437500000000e+02 1.528333740234375000e+02
1.353074493408203125e+02 1.347859191894531250e+02 1.530140228271484375e+02
1.353759918212890625e+02 1.348509063720703125e+02 1.531890563964843750e+02
1.354559783935546875e+02 1.349082641601562500e+02 1.533568572998046875e+02
1.355502014160156250e+02 1.349564514160156250e+02 1.535158233642578125e+02
1.356614532470703125e+02 1.349938812255859375e+02 1.536643371582031250e+02
1.357923736572265625e+02 1.350191192626953125e+02 1.538009033203125000e+02
1.359427185058593750e+02 1.350330200195312500e+02 1.539262084960937500e+02
1.361094055175781250e+02 1.350386657714843750e+02 1.540430755615234375e+02
1.362891693115234375e+02 1.350392303466796875e+02 1.541545104980468750e+02
1.364750823974609375e+02 1.350370788574218750e+02 1.542648468017578125e+02
1.366541900634765625e+02 1.350330963134765625e+02 1.543807983398437500e+02
1.368129577636718750e+02 1.350280914306640625e+02 1.545092315673828125e+02
1.369378814697265625e+02 1.350228424072265625e+02 1.546570739746093750e+02
1.370154724121093750e+02 1.350181121826171875e+02 1.548311920166015625e+02
1.370502929687500000e+02 1.350084533691406250e+02 1.550285186767578125e+02
1.370869598388671875e+02 1.349767608642578125e+02 1.552234802246093750e+02
1.371153564453125000e+02 1.349458618164062500e+02 1.554188690185546875e+02
1.371435852050781250e+02 1.349213562011718750e+02 1.556163024902343750e+02
1.371871643066406250e+02 1.349004516601562500e+02 1.558130187988281250e+02
1.372425537109375000e+02 1.348846130371093750e+02 1.560086059570312500e+02
1.373019714355468750e+02 1.348762664794921875e+02 1.562031707763671875e+02
1.373576354980468750e+02 1.348778686523437500e+02 1.563968353271484375e+02
1.374017639160156250e+02 1.348918457031250000e+02 1.565896759033203125e+02
1.374266815185546875e+02 1.349205017089843750e+02 1.567819976806640625e+02
1.374404144287109375e+02 1.349446105957031250e+02 1.570022125244140625e+02
1.374561614990234375e+02 1.349460601806640625e+02 1.572607269287109375e+02
1.374720306396484375e+02 1.349328155517578125e+02 1.575229339599609375e+02
1.374859619140625000e+02 1.349131164550781250e+02 1.577537078857421875e+02
1.374958343505859375e+02 1.348952331542968750e+02 1.579179382324218750e+02
1.374995880126953125e+02 1.348874359130859375e+02 1.579804840087890625e+02
