1.045663986206054688e+02 1.087933120727539062e+02 8.979078674316406250e+01
1.045192184448242188e+02 1.088905334472656250e+02 8.990958404541015625e+01
1.044610900878906250e+02 1.090564193725585938e+02 9.012002563476562500e+01
1.044519500732421875e+02 1.091962814331054688e+02 9.031125640869140625e+01
1.044847564697265625e+02 1.093119354248046875e+02 9.048339843750000000e+01
1.045495452880859375e+02 1.094094238281250000e+02 9.064143371582031250e+01
1.046363296508789062e+02 1.094947891235351562e+02 9.079036712646484375e+01
1.047351379394531250e+02 1.095740890502929688e+02 9.093518066406250000e+01
1.048359985351562500e+02 1.096533660888671875e+02 9.108087158203125000e+01
1.049290466308593750e+02 1.097385787963867188e+02 9.123238372802734375e+01
1.050125656127929688e+02 1.098289260864257812e+02 9.139118194580078125e+01
1.050981063842773438e+02 1.099126281738281250e+02 9.155307006835937500e+01
1.051969833374023438e+02 1.099796676635742188e+02 9.171346282958984375e+01
1.053086776733398438e+02 1.100428695678710938e+02 9.186894226074218750e+01
1.054268035888671875e+02 1.101192398071289062e+02 9.201824951171875000e+01
1.055448303222656250e+02 1.102068862915039062e+02 9.216445159912109375e+01
1.056562042236328125e+02 1.103007278442382812e+02 9.231132507324218750e+01
1.057543716430664062e+02 1.103957138061523438e+02 9.246266174316406250e+01
1.058327713012695312e+02 1.104867630004882812e+02 9.262222290039062500e+01
1.058848571777343750e+02 1.105688247680664062e+02 9.279381561279296875e+01
1.059081878662109375e+02 1.106370391845703125e+02 9.297995758056640625e+01
1.059382858276367188e+02 1.106966781616210938e+02 9.316970062255859375e+01
1.059626159667968750e+02 1.107616271972656250e+02 9.336134338378906250e+01
1.059714355468750000e+02 1.108111572265625000e+02 9.355625915527343750e+01
1.059604415893554688e+02 1.108222579956054688e+02 9.375511932373046875e+01
1.059541625976562500e+02 1.108087463378906250e+02 9.395421600341796875e+01
1.059584884643554688e+02 1.107836914062500000e+02 9.415258789062500000e+01
1.059693450927734375e+02 1.107524795532226562e+02 9.435076141357421875e+01
1.059826507568359375e+02 1.107205123901367188e+02 9.454927825927734375e+01
1.059943237304687500e+02 1.106931686401367188e+02 9.474867248535156250e+01
1.060002822875976562e+02 1.106758422851562500e+02 9.494947814941406250e+01
1.059964904785156250e+02 1.106736145019531250e+02 9.515216064453125000e+01
1.059799499511718750e+02 1.106800613403320312e+02 9.535502624511718750e+01
1.059490280151367188e+02 1.106743545532226562e+02 9.555360412597656250e+01
1.059026107788085938e+02 1.106354827880859375e+02 9.574349975585937500e+01
1.058637390136718750e+02 1.105862884521484375e+02 9.593302154541015625e+01
1.058434753417968750e+02 1.105478286743164062e+02 9.612817382812500000e+01
1.058369750976562500e+02 1.105194320678710938e+02 9.632799530029296875e+01
1.058394241333007812e+02 1.105004425048828125e+02 9.653154754638671875e+01
1.058471069335937500e+02 1.104899520874023438e+02 9.673751068115234375e+01
1.058656234741210938e+02 1.104849472045898438e+02 9.694162750244140625e+01
1.059051361083984375e+02 1.104814071655273438e+02 9.713818359375000000e+01
1.059758224487304688e+02 1.104753036499023438e+02 9.732146453857421875e+01
1.060805206298828125e+02 1.104638290405273438e+02 9.748957824707031250e+01
1.062004394531250000e+02 1.104478149414062500e+02 9.765192413330078125e+01
1.063132171630859375e+02 1.104287338256835938e+02 9.781973266601562500e+01
1.064071197509765625e+02 1.104078369140625000e+02 9.799795532226562500e+01
1.064821701049804688e+02 1.103861236572265625e+02 9.818458557128906250e+01
1.065390243530273438e+02 1.103646011352539062e+02 9.837725830078125000e+01
1.065783309936523438e+02 1.103442535400390625e+02 9.857358551025390625e+01
1.066101531982421875e+02 1.103262329101562500e+02 9.877118682861328125e+01
1.066483688354492188e+02 1.103103256225585938e+02 9.896868133544921875e+01
1.066930236816406250e+02 1.102950515747070312e+02 9.916542816162109375e+01
1.067439727783203125e+02 1.102789306640625000e+02 9.936081695556640625e+01
1.068010940551757812e+02 1.102604675292968750e+02 9.955421447753906250e+01
1.068642425537109375e+02 1.102381896972656250e+02 9.974500274658203125e+01
1.069332885742187500e+02 1.102105941772460938e+02 9.993256378173828125e+01
1.070080871582031250e+02 1.101762084960937500e+02 1.001162643432617188e+02
1.070885162353515625e+02 1.101335449218750000e+02 1.002954864501953125e+02
1.071744384765625000e+02 1.100811157226562500e+02 1.004695968627929688e+02
1.072653961181640625e+02 1.100178756713867188e+02 1.006379089355468750e+02
1.073603057861328125e+02 1.099436340332031250e+02 1.007995529174804688e+02
1.074580230712890625e+02 1.098583221435546875e+02 1.009536514282226562e+02
1.075573883056640625e+02 1.097618560791015625e+02 1.010993423461914062e+02
1.076514511108398438e+02 1.096610794067382812e+02 1.012451705932617188e+02
1.077283248901367188e+02 1.095747756958007812e+02 1.014094696044921875e+02
1.077929306030273438e+02 1.095050430297851562e+02 1.015853042602539062e+02
1.078484344482421875e+02 1.094495162963867188e+02 1.017695693969726562e+02
1.078975830078125000e+02 1.094053115844726562e+02 1.019599533081054688e+02
1.079431533813476562e+02 1.093695449829101562e+02 1.021541213989257812e+02
1.079879074096679688e+02 1.093393402099609375e+02 1.023497543334960938e+02
1.080345993041992188e+02 1.093117980957031250e+02 1.025445480346679688e+02
1.080851287841796875e+02 1.092847442626953125e+02 1.027368927001953125e+02
1.081384735107421875e+02 1.092582550048828125e+02 1.029276046752929688e+02
1.081930007934570312e+02 1.092329177856445312e+02 1.031179809570312500e+02
1.082471008300781250e+02 1.092092895507812500e+02 1.033093185424804688e+02
1.082991485595703125e+02 1.091879501342773438e+02 1.035029220581054688e+02
1.083475570678710938e+02 1.091694717407226562e+02 1.037000503540039062e+02
1.083918151855468750e+02 1.091547698974609375e+02 1.039007949829101562e+02
1.084325180053710938e+02 1.091450881958007812e+02 1.041040344238281250e+02
1.084703140258789062e+02 1.091416931152343750e+02 1.043085708618164062e+02
1.085058593750000000e+02 1.091458511352539062e+02 1.045132141113281250e+02
1.085398101806640625e+02 1.091588363647460938e+02 1.047167739868164062e+02
1.085728149414062500e+02 1.091819076538085938e+02 1.049180603027343750e+02
1.086055297851562500e+02 1.092163238525390625e+02 1.051158828735351562e+02
1.086385955810546875e+02 1.092633590698242188e+02 1.053090591430664062e+02
1.086726837158203125e+02 1.093242874145507812e+02 1.054963836669921875e+02
1.087084350585937500e+02 1.094003601074218750e+02 1.056766738891601562e+02
1.087465057373046875e+02 1.094928436279296875e+02 1.058487472534179688e+02
1.087883377075195312e+02 1.096012344360351562e+02 1.060120468139648438e+02
1.088394393920898438e+02 1.097159652709960938e+02 1.061692886352539062e+02
1.089064712524414062e+02 1.098247146606445312e+02 1.063242111206054688e+02
1.089842834472656250e+02 1.099256744384765625e+02 1.064788742065429688e+02
1.090563507080078125e+02 1.100298233032226562e+02 1.066326141357421875e+02
1.091220092773437500e+02 1.101382293701171875e+02 1.067852172851562500e+02
1.091821823120117188e+02 1.102509078979492188e+02 1.069365615844726562e+02
1.092377853393554688e+02 1.103678817749023438e+02 1.070865249633789062e+02
1.092897415161132812e+02 1.104891738891601562e+02 1.072349700927734375e+02
1.093389587402343750e+02 1.106148071289062500e+02 1.073817825317382812e+02
1.093863601684570312e+02 1.107447891235351562e+02 1.075268249511718750e+02
1.094328689575195312e+02 1.108791580200195312e+02 1.076699676513671875e+02
1.094794006347656250e+02 1.110179214477539062e+02 1.078110885620117188e+02
1.095268707275390625e+02 1.111611022949218750e+02 1.079500656127929688e+02
1.095762023925781250e+02 1.113087234497070312e+02 1.080867614746093750e+02
1.096283111572265625e+02 1.114607925415039062e+02 1.082210617065429688e+02
1.096873016357421875e+02 1.115861511230468750e+02 1.083667526245117188e+02
1.097374725341796875e+02 1.116087875366210938e+02 1.085571365356445312e+02
1.097033081054687500e+02 1.116098175048828125e+02 1.087524032592773438e+02
1.096197204589843750e+02 1.115979385375976562e+02 1.089437408447265625e+02
1.095360336303710938e+02 1.115672149658203125e+02 1.091293563842773438e+02
1.094681243896484375e+02 1.115301284790039062e+02 1.093130264282226562e+02
1.094034881591796875e+02 1.115057449340820312e+02 1.095012512207031250e+02
1.093458938598632812e+02 1.114837112426757812e+02 1.096930770874023438e+02
1.092930679321289062e+02 1.114584884643554688e+02 1.098852310180664062e+02
1.092323455810546875e+02 1.114353713989257812e+02 1.100732421875000000e+02
1.091581497192382812e+02 1.114114303588867188e+02 1.102592391967773438e+02
1.090762634277343750e+02 1.113810577392578125e+02 1.104496536254882812e+02
1.090116806030273438e+02 1.113622894287109375e+02 1.106433029174804688e+02
1.089945907592773438e+02 1.113797073364257812e+02 1.108368530273437500e+02
1.090300369262695312e+02 1.114303665161132812e+02 1.110286178588867188e+02
1.090792083740234375e+02 1.114709320068359375e+02 1.112200164794921875e+02
1.091368560791015625e+02 1.115035934448242188e+02 1.114105072021484375e+02
1.092002410888671875e+02 1.115337600708007812e+02 1.115993881225585938e+02
1.092666320800781250e+02 1.115668258666992188e+02 1.117859649658203125e+02
1.093333053588867188e+02 1.116082077026367188e+02 1.119695434570312500e+02
1.093975524902343750e+02 1.116631546020507812e+02 1.121494598388671875e+02
1.094573059082031250e+02 1.117327194213867188e+02 1.123262023925781250e+02
1.095112380981445312e+02 1.118130340576171875e+02 1.125015792846679688e+02
1.095580596923828125e+02 1.118999557495117188e+02 1.126774978637695312e+02
1.095964889526367188e+02 1.119893569946289062e+02 1.128558349609375000e+02
1.096256027221679688e+02 1.120771408081054688e+02 1.130383148193359375e+02
1.096498641967773438e+02 1.121602096557617188e+02 1.132241821289062500e+02
1.096779327392578125e+02 1.122361831665039062e+02 1.134107131958007812e+02
1.097185668945312500e+02 1.123027191162109375e+02 1.135951614379882812e+02
1.097805252075195312e+02 1.123574523925781250e+02 1.137747650146484375e+02
1.098702316284179688e+02 1.123991241455078125e+02 1.139474334716796875e+02
1.099710388183593750e+02 1.124370956420898438e+02 1.141177368164062500e+02
1.100602188110351562e+02 1.124826126098632812e+02 1.142920532226562500e+02
1.101377944946289062e+02 1.125333633422851562e+02 1.144705200195312500e+02
1.102084732055664062e+02 1.125842514038085938e+02 1.146519699096679688e+02
1.102769927978515625e+02 1.126301727294921875e+02 1.148352508544921875e+02
1.103480529785156250e+02 1.126660308837890625e+02 1.150192031860351562e+02
1.104257888793945312e+02 1.126871795654296875e+02 1.152027740478515625e+02
1.105088729858398438e+02 1.126932830810546875e+02 1.153859710693359375e+02
1.105929489135742188e+02 1.126863555908203125e+02 1.155693817138671875e+02
1.106736450195312500e+02 1.126684341430664062e+02 1.157536010742187500e+02
1.107465820312500000e+02 1.126415786743164062e+02 1.159392242431640625e+02
1.108087692260742188e+02 1.126068878173828125e+02 1.161265640258789062e+02
1.108691253662109375e+02 1.125576858520507812e+02 1.163135375976562500e+02
1.109307479858398438e+02 1.124926300048828125e+02 1.164991607666015625e+02
1.109883499145507812e+02 1.124169311523437500e+02 1.166840591430664062e+02
1.110365219116210938e+02 1.123358840942382812e+02 1.168688888549804688e+02
1.110698471069335938e+02 1.122548065185546875e+02 1.170543060302734375e+02
1.110828933715820312e+02 1.121790161132812500e+02 1.172409667968750000e+02
1.110702590942382812e+02 1.121138076782226562e+02 1.174295196533203125e+02
1.110265121459960938e+02 1.120645141601562500e+02 1.176206359863281250e+02
1.109592514038085938e+02 1.120293655395507812e+02 1.178132858276367188e+02
1.109319229125976562e+02 1.119763031005859375e+02 1.179992752075195312e+02
1.109819717407226562e+02 1.118949050903320312e+02 1.181766662597656250e+02
1.110413970947265625e+02 1.118435363769531250e+02 1.183621749877929688e+02
1.110969085693359375e+02 1.118170013427734375e+02 1.185544281005859375e+02
1.111504440307617188e+02 1.117946090698242188e+02 1.187476654052734375e+02
1.112039337158203125e+02 1.117556610107421875e+02 1.189361495971679688e+02
1.112562103271484375e+02 1.116829605102539062e+02 1.191151885986328125e+02
1.112836685180664062e+02 1.115899963378906250e+02 1.192893371582031250e+02
1.112858657836914062e+02 1.114870529174804688e+02 1.194614257812500000e+02
1.112736511230468750e+02 1.113778839111328125e+02 1.196320648193359375e+02
1.112578887939453125e+02 1.112662658691406250e+02 1.198018951416015625e+02
1.112494506835937500e+02 1.111559677124023438e+02 1.199715347290039062e+02
1.112591857910156250e+02 1.110507659912109375e+02 1.201416015625000000e+02
1.112961196899414062e+02 1.109521942138671875e+02 1.203117141723632812e+02
1.113407363891601562e+02 1.108311309814453125e+02 1.204672698974609375e+02
1.113899612426757812e+02 1.106898574829101562e+02 1.206075134277343750e+02
1.114518356323242188e+02 1.105461654663085938e+02 1.207386932373046875e+02
1.115343704223632812e+02 1.104178314208984375e+02 1.208670730590820312e+02
1.116447448730468750e+02 1.103211212158203125e+02 1.209984054565429688e+02
1.117781524658203125e+02 1.102510986328125000e+02 1.211318435668945312e+02
1.119209823608398438e+02 1.101872406005859375e+02 1.212616500854492188e+02
1.120616073608398438e+02 1.101137695312500000e+02 1.213848953247070312e+02
1.121970672607421875e+02 1.100351715087890625e+02 1.215101013183593750e+02
1.123278579711914062e+02 1.099591598510742188e+02 1.216434707641601562e+02
1.124565887451171875e+02 1.098907241821289062e+02 1.217830352783203125e+02
1.125860137939453125e+02 1.098345870971679688e+02 1.219261474609375000e+02
1.127189025878906250e+02 1.097954711914062500e+02 1.220701370239257812e+02
1.128575363159179688e+02 1.097744598388671875e+02 1.222123565673828125e+02
1.130030899047851562e+02 1.097647399902343750e+02 1.223501815795898438e+02
1.131566162109375000e+02 1.097585067749023438e+02 1.224809646606445312e+02
1.133191299438476562e+02 1.097479629516601562e+02 1.226021194458007812e+02
1.134853820800781250e+02 1.097367706298828125e+02 1.227170104980468750e+02
1.136361389160156250e+02 1.097541503906250000e+02 1.228423538208007812e+02
1.137670593261718750e+02 1.098068084716796875e+02 1.229841766357421875e+02
1.138962173461914062e+02 1.098666534423828125e+02 1.231317062377929688e+02
1.140351257324218750e+02 1.099132232666015625e+02 1.232775039672851562e+02
1.141797637939453125e+02 1.099452438354492188e+02 1.234227142333984375e+02
1.143243331909179688e+02 1.099636154174804688e+02 1.235694580078125000e+02
1.144630661010742188e+02 1.099692382812500000e+02 1.237198486328125000e+02
1.145901718139648438e+02 1.099630126953125000e+02 1.238760070800781250e+02
1.146998672485351562e+02 1.099458465576171875e+02 1.240400543212890625e+02
1.147863693237304688e+02 1.099186325073242188e+02 1.242140960693359375e+02
1.148476791381835938e+02 1.098833999633789062e+02 1.243988723754882812e+02
1.148918151855468750e+02 1.098451614379882812e+02 1.245914001464843750e+02
1.149284896850585938e+02 1.098094177246093750e+02 1.247881164550781250e+02
1.149673080444335938e+02 1.097816162109375000e+02 1.249854507446289062e+02
1.150134429931640625e+02 1.097639312744140625e+02 1.251813278198242188e+02
1.150653076171875000e+02 1.097535781860351562e+02 1.253758621215820312e+02
1.151207504272460938e+02 1.097473449707031250e+02 1.255693588256835938e+02
1.151776275634765625e+02 1.097420349121093750e+02 1.257621383666992188e+02
1.152337951660156250e+02 1.097344436645507812e+02 1.259545059204101562e+02
1.152871017456054688e+02 1.097213745117187500e+02 1.261467666625976562e+02
1.153354034423828125e+02 1.096996231079101562e+02 1.263392333984375000e+02
1.153767013549804688e+02 1.096661148071289062e+02 1.265321884155273438e+02
1.154152450561523438e+02 1.096307830810546875e+02 1.267268905639648438e+02
1.154531097412109375e+02 1.096077117919921875e+02 1.269251861572265625e+02
1.154928741455078125e+02 1.095989990234375000e+02 1.271243133544921875e+02
1.155372314453125000e+02 1.096066131591796875e+02 1.273214263916015625e+02
1.155888748168945312e+02 1.096325454711914062e+02 1.275136642456054688e+02
1.156494522094726562e+02 1.096772232055664062e+02 1.276990585327148438e+02
1.157090835571289062e+02 1.097240447998046875e+02 1.278852844238281250e+02
1.157552719116210938e+02 1.097532501220703125e+02 1.280821533203125000e+02
1.157902526855468750e+02 1.097693328857421875e+02 1.282868347167968750e+02
1.158193283081054688e+02 1.097817611694335938e+02 1.284939270019531250e+02
1.158477859497070312e+02 1.098000335693359375e+02 1.286979827880859375e+02
1.158809204101562500e+02 1.098336257934570312e+02 1.288936157226562500e+02
1.159240264892578125e+02 1.098920364379882812e+02 1.290753631591796875e+02
1.159824066162109375e+02 1.099847335815429688e+02 1.292378387451171875e+02
1.160439682006835938e+02 1.101036682128906250e+02 1.293945465087890625e+02
1.160982894897460938e+02 1.102285766601562500e+02 1.295594482421875000e+02
1.161549835205078125e+02 1.103521957397460938e+02 1.297257080078125000e+02
1.162236785888671875e+02 1.104672317504882812e+02 1.298865051269531250e+02
1.163140029907226562e+02 1.105664291381835938e+02 1.300350036621093750e+02
1.164355850219726562e+02 1.106424942016601562e+02 1.301643829345703125e+02
1.165954132080078125e+02 1.106870574951171875e+02 1.302703247070312500e+02
1.167549133300781250e+02 1.106836776733398438e+02 1.303894195556640625e+02
1.169067459106445312e+02 1.106580200195312500e+02 1.305220031738281250e+02
1.170626068115234375e+02 1.106479110717773438e+02 1.306493530273437500e+02
1.172219467163085938e+02 1.106602706909179688e+02 1.307703399658203125e+02
1.173758392333984375e+02 1.106748428344726562e+02 1.308970947265625000e+02
1.175250091552734375e+02 1.106901168823242188e+02 1.310290679931640625e+02
1.176706237792968750e+02 1.107054290771484375e+02 1.311650543212890625e+02
1.178138504028320312e+02 1.107201309204101562e+02 1.313039093017578125e+02
1.179558486938476562e+02 1.107335586547851562e+02 1.314444580078125000e+02
1.180977859497070312e+02 1.107450637817382812e+02 1.315855712890625000e+02
1.182408218383789062e+02 1.107539901733398438e+02 1.317260437011718750e+02
1.183861160278320312e+02 1.107596817016601562e+02 1.318647460937500000e+02
1.185348358154296875e+02 1.107614822387695312e+02 1.320005035400390625e+02
1.186881484985351562e+02 1.107587432861328125e+02 1.321321411132812500e+02
1.188472061157226562e+02 1.107507934570312500e+02 1.322585296630859375e+02
1.190131835937500000e+02 1.107369918823242188e+02 1.323784637451171875e+02
1.191836929321289062e+02 1.107160263061523438e+02 1.324925689697265625e+02
1.193443374633789062e+02 1.106843566894531250e+02 1.326072998046875000e+02
1.194786605834960938e+02 1.106380996704101562e+02 1.327302093505859375e+02
1.195802841186523438e+02 1.105760421752929688e+02 1.328642578125000000e+02
1.196521606445312500e+02 1.104994201660156250e+02 1.330082244873046875e+02
1.196975631713867188e+02 1.104095535278320312e+02 1.331606903076171875e+02
1.197197799682617188e+02 1.103077774047851562e+02 1.333202819824218750e+02
1.197220993041992188e+02 1.101954193115234375e+02 1.334855957031250000e+02
1.197078018188476562e+02 1.100737991333007812e+02 1.336552429199218750e+02
1.196801757812500000e+02 1.099442443847656250e+02 1.338278350830078125e+02
1.196425094604492188e+02 1.098080825805664062e+02 1.340019683837890625e+02
1.195980834960937500e+02 1.096666412353515625e+02 1.341762542724609375e+02
1.195501861572265625e+02 1.095212554931640625e+02 1.343493041992187500e+02
1.195021057128906250e+02 1.093732376098632812e+02 1.345197296142578125e+02
1.194571228027343750e+02 1.092239227294921875e+02 1.346861114501953125e+02
1.194185256958007812e+02 1.090746383666992188e+02 1.348470916748046875e+02
1.193895950317382812e+02 1.089267044067382812e+02 1.350012512207031250e+02
1.193732528686523438e+02 1.087815933227539062e+02 1.351476135253906250e+02
1.193666152954101562e+02 1.086429138183593750e+02 1.352916870117187500e+02
1.193622131347656250e+02 1.085159225463867188e+02 1.354440155029296875e+02
1.193542938232421875e+02 1.084004745483398438e+02 1.356078338623046875e+02
1.193401412963867188e+02 1.082876968383789062e+02 1.357744293212890625e+02
1.193172760009765625e+02 1.081679687500000000e+02 1.359339904785156250e+02
1.192844390869140625e+02 1.080336151123046875e+02 1.360787048339843750e+02
1.192454605102539062e+02 1.078853454589843750e+02 1.362090759277343750e+02
1.192055358886718750e+02 1.077260894775390625e+02 1.363277893066406250e+02
1.191698532104492188e+02 1.075587768554687500e+02 1.364375610351562500e+02
1.191436004638671875e+02 1.073863296508789062e+02 1.365410919189453125e+02
1.191319808959960938e+02 1.072116699218750000e+02 1.366410827636718750e+02
1.191352005004882812e+02 1.070370864868164062e+02 1.367399291992187500e+02
1.191361618041992188e+02 1.068642883300781250e+02 1.368419189453125000e+02
1.191274795532226562e+02 1.066979370117187500e+02 1.369553527832031250e+02
1.191117324829101562e+02 1.065357666015625000e+02 1.370758056640625000e+02
1.190917129516601562e+02 1.063749389648437500e+02 1.371978912353515625e+02
1.190702285766601562e+02 1.062126083374023438e+02 1.373161773681640625e+02
1.190500793457031250e+02 1.060459213256835938e+02 1.374252929687500000e+02
1.190340576171875000e+02 1.058720397949218750e+02 1.375198211669921875e+02
1.190247955322265625e+02 1.056884078979492188e+02 1.375949096679687500e+02
1.190228729248046875e+02 1.054959259033203125e+02 1.376523742675781250e+02
1.190275726318359375e+02 1.052977371215820312e+02 1.376982879638671875e+02
1.190381317138671875e+02 1.050970001220703125e+02 1.377388000488281250e+02
1.190538024902343750e+02 1.048968811035156250e+02 1.377800598144531250e+02
1.190738372802734375e+02 1.047005462646484375e+02 1.378282165527343750e+02
1.190974884033203125e+02 1.045111618041992188e+02 1.378894195556640625e+02
1.191240081787109375e+02 1.043319015502929688e+02 1.379698333740234375e+02
1.191530838012695312e+02 1.041654281616210938e+02 1.380745849609375000e+02
1.191927108764648438e+02 1.040052566528320312e+02 1.381904144287109375e+02
1.192517700195312500e+02 1.038425598144531250e+02 1.382967681884765625e+02
1.193221511840820312e+02 1.036835403442382812e+02 1.383963623046875000e+02
1.193929824829101562e+02 1.035362243652343750e+02 1.384958038330078125e+02
1.194550399780273438e+02 1.033991928100585938e+02 1.386004943847656250e+02
1.195002212524414062e+02 1.032644271850585938e+02 1.387150421142578125e+02
1.195204467773437500e+02 1.031237564086914062e+02 1.388439788818359375e+02
1.195076370239257812e+02 1.029690475463867188e+02 1.389918823242187500e+02
1.194537200927734375e+02 1.027921371459960938e+02 1.391632995605468750e+02
1.193833847045898438e+02 1.026414566040039062e+02 1.393087615966796875e+02
