1.352517089843750000e+02 1.352547302246093750e+02 1.114438934326171875e+02
1.352555389404296875e+02 1.352570343017578125e+02 1.116272048950195312e+02
1.352446136474609375e+02 1.352388305664062500e+02 1.118509597778320312e+02
1.351871490478515625e+02 1.352173004150390625e+02 1.120361175537109375e+02
1.351493530273437500e+02 1.352077789306640625e+02 1.122309570312500000e+02
1.351407775878906250e+02 1.352053222656250000e+02 1.124307403564453125e+02
1.351524963378906250e+02 1.352053375244140625e+02 1.126337127685546875e+02
1.351755828857421875e+02 1.352032470703125000e+02 1.128381576538085938e+02
1.352011108398437500e+02 1.351944732666015625e+02 1.130423278808593750e+02
1.352201385498046875e+02 1.351744079589843750e+02 1.132444839477539062e+02
1.352237701416015625e+02 1.351385192871093750e+02 1.134429092407226562e+02
1.352103881835937500e+02 1.351145324707031250e+02 1.136395111083984375e+02
1.351882781982421875e+02 1.351281433105468750e+02 1.138378982543945312e+02
1.351616210937500000e+02 1.351576690673828125e+02 1.140375442504882812e+02
1.351345977783203125e+02 1.351809844970703125e+02 1.142378921508789062e+02
1.351112365722656250e+02 1.351769409179687500e+02 1.144383697509765625e+02
1.350924072265625000e+02 1.351512908935546875e+02 1.146383666992187500e+02
1.350755920410156250e+02 1.351391143798828125e+02 1.148371963500976562e+02
1.350598602294921875e+02 1.351670684814453125e+02 1.150347290039062500e+02
1.350567016601562500e+02 1.351866302490234375e+02 1.152347335815429688e+02
1.350661468505859375e+02 1.351810913085937500e+02 1.154376602172851562e+02
1.350814208984375000e+02 1.351602630615234375e+02 1.156419372558593750e+02
1.350957794189453125e+02 1.351340179443359375e+02 1.158459930419921875e+02
1.351024475097656250e+02 1.351121673583984375e+02 1.160482559204101562e+02
1.350946807861328125e+02 1.351045684814453125e+02 1.162471542358398438e+02
1.350657043457031250e+02 1.351210479736328125e+02 1.164411163330078125e+02
1.350144653320312500e+02 1.351643371582031250e+02 1.166299819946289062e+02
1.349702301025390625e+02 1.351991271972656250e+02 1.168210144042968750e+02
1.349429931640625000e+02 1.352139434814453125e+02 1.170165405273437500e+02
1.349304656982421875e+02 1.352125549316406250e+02 1.172157897949218750e+02
1.349302978515625000e+02 1.351987609863281250e+02 1.174179687500000000e+02
1.349402160644531250e+02 1.351763610839843750e+02 1.176222839355468750e+02
1.349578704833984375e+02 1.351491851806640625e+02 1.178279571533203125e+02
1.349809417724609375e+02 1.351210021972656250e+02 1.180342025756835938e+02
1.350071258544921875e+02 1.350956573486328125e+02 1.182402191162109375e+02
1.350340881347656250e+02 1.350769195556640625e+02 1.184452362060546875e+02
1.350595245361328125e+02 1.350686187744140625e+02 1.186484603881835938e+02
1.350811004638671875e+02 1.350745544433593750e+02 1.188491058349609375e+02
1.350965118408203125e+02 1.350985107421875000e+02 1.190463790893554688e+02
1.351034240722656250e+02 1.351443176269531250e+02 1.192395019531250000e+02
1.351019439697265625e+02 1.352037353515625000e+02 1.194312667846679688e+02
1.350701904296875000e+02 1.352527923583984375e+02 1.196220932006835938e+02
1.350070495605468750e+02 1.353075561523437500e+02 1.198027038574218750e+02
1.349695434570312500e+02 1.353355865478515625e+02 1.199911727905273438e+02
1.349548492431640625e+02 1.353412475585937500e+02 1.201866455078125000e+02
1.349580383300781250e+02 1.353302307128906250e+02 1.203875427246093750e+02
1.349741821289062500e+02 1.353082580566406250e+02 1.205923156738281250e+02
1.349983673095703125e+02 1.352810363769531250e+02 1.207994003295898438e+02
1.350256500244140625e+02 1.352542724609375000e+02 1.210072250366210938e+02
1.350511016845703125e+02 1.352336578369140625e+02 1.212142333984375000e+02
1.350698089599609375e+02 1.352249450683593750e+02 1.214188613891601562e+02
1.350781097412109375e+02 1.352325134277343750e+02 1.216199493408203125e+02
1.350816345214843750e+02 1.352516021728515625e+02 1.218192825317382812e+02
1.350899505615234375e+02 1.352733917236328125e+02 1.220199203491210938e+02
1.351079406738281250e+02 1.352909545898437500e+02 1.222233352661132812e+02
1.351317291259765625e+02 1.353008728027343750e+02 1.224280929565429688e+02
1.351564941406250000e+02 1.353000488281250000e+02 1.226324310302734375e+02
1.351773834228515625e+02 1.352854309082031250e+02 1.228346176147460938e+02
1.351896057128906250e+02 1.352539367675781250e+02 1.230328903198242188e+02
1.351883239746093750e+02 1.352025146484375000e+02 1.232255020141601562e+02
1.351696014404296875e+02 1.351296691894531250e+02 1.234111328125000000e+02
1.351506500244140625e+02 1.350716552734375000e+02 1.235989151000976562e+02
1.351405944824218750e+02 1.350449066162109375e+02 1.237934570312500000e+02
1.351363525390625000e+02 1.350421905517578125e+02 1.239931869506835938e+02
1.351348876953125000e+02 1.350562438964843750e+02 1.241965484619140625e+02
1.351331329345703125e+02 1.350798187255859375e+02 1.244019699096679688e+02
1.351280212402343750e+02 1.351056518554687500e+02 1.246078720092773438e+02
1.351165161132812500e+02 1.351264801025390625e+02 1.248127059936523438e+02
1.350955352783203125e+02 1.351350708007812500e+02 1.250148849487304688e+02
1.350660095214843750e+02 1.351251678466796875e+02 1.252135543823242188e+02
1.350593261718750000e+02 1.351111907958984375e+02 1.254148941040039062e+02
1.350690612792968750e+02 1.351152954101562500e+02 1.256166534423828125e+02
1.350773773193359375e+02 1.351452636718750000e+02 1.258148117065429688e+02
1.350835723876953125e+02 1.351455688476562500e+02 1.260156936645507812e+02
1.351084136962890625e+02 1.351580657958984375e+02 1.262138671875000000e+02
1.351005859375000000e+02 1.351828765869140625e+02 1.264138565063476562e+02
1.350928955078125000e+02 1.352026062011718750e+02 1.266138076782226562e+02
1.350855255126953125e+02 1.352158966064453125e+02 1.268138351440429688e+02
1.350778503417968750e+02 1.352217712402343750e+02 1.270141067504882812e+02
1.350697631835937500e+02 1.352201538085937500e+02 1.272147064208984375e+02
1.350621337890625000e+02 1.352124938964843750e+02 1.274155426025390625e+02
1.350559234619140625e+02 1.352003936767578125e+02 1.276165084838867188e+02
1.350520782470703125e+02 1.351854705810546875e+02 1.278174819946289062e+02
1.350515441894531250e+02 1.351693725585937500e+02 1.280183715820312500e+02
1.350552978515625000e+02 1.351536865234375000e+02 1.282190704345703125e+02
1.350642852783203125e+02 1.351400451660156250e+02 1.284194641113281250e+02
1.350794525146484375e+02 1.351300659179687500e+02 1.286194305419921875e+02
1.351018524169921875e+02 1.351256103515625000e+02 1.288188781738281250e+02
1.351335296630859375e+02 1.351391754150390625e+02 1.290173339843750000e+02
1.351598815917968750e+02 1.351519927978515625e+02 1.292154846191406250e+02
1.351652679443359375e+02 1.351376342773437500e+02 1.294142913818359375e+02
1.351558685302734375e+02 1.351040039062500000e+02 1.296136932373046875e+02
1.351433868408203125e+02 1.350676116943359375e+02 1.298134002685546875e+02
1.351394958496093750e+02 1.350450134277343750e+02 1.300131072998046875e+02
1.351541748046875000e+02 1.350506591796875000e+02 1.302125854492187500e+02
1.351619720458984375e+02 1.350489044189453125e+02 1.304130096435546875e+02
1.351987457275390625e+02 1.350573883056640625e+02 1.306103668212890625e+02
1.352114715576171875e+02 1.350733489990234375e+02 1.308085784912109375e+02
1.351934509277343750e+02 1.350883941650390625e+02 1.310086364746093750e+02
1.351631164550781250e+02 1.350995788574218750e+02 1.312096405029296875e+02
1.351389770507812500e+02 1.351038818359375000e+02 1.314107666015625000e+02
1.351393127441406250e+02 1.350984039306640625e+02 1.316111297607421875e+02
1.351583862304687500e+02 1.350892944335937500e+02 1.318108520507812500e+02
1.351692657470703125e+02 1.350884857177734375e+02 1.320109558105468750e+02
1.351728210449218750e+02 1.350947723388671875e+02 1.322113952636718750e+02
1.351718139648437500e+02 1.351061096191406250e+02 1.324120788574218750e+02
1.351690216064453125e+02 1.351204071044921875e+02 1.326129302978515625e+02
1.351672058105468750e+02 1.351356353759765625e+02 1.328138580322265625e+02
1.351691284179687500e+02 1.351497039794921875e+02 1.330147399902343750e+02
1.351773529052734375e+02 1.351606292724609375e+02 1.332155303955078125e+02
1.351907806396484375e+02 1.351678161621093750e+02 1.334161987304687500e+02
1.352055816650390625e+02 1.351716766357421875e+02 1.336168212890625000e+02
1.352178192138671875e+02 1.351726684570312500e+02 1.338174591064453125e+02
1.352235412597656250e+02 1.351712493896484375e+02 1.340182037353515625e+02
1.352188110351562500e+02 1.351678924560546875e+02 1.342191162109375000e+02
1.351996917724609375e+02 1.351630401611328125e+02 1.344202728271484375e+02
1.351680145263671875e+02 1.351519165039062500e+02 1.346205749511718750e+02
1.351728057861328125e+02 1.350913238525390625e+02 1.348103637695312500e+02
1.351961212158203125e+02 1.350573577880859375e+02 1.350023498535156250e+02
1.352018737792968750e+02 1.350870361328125000e+02 1.352046966552734375e+02
1.351898040771484375e+02 1.351177062988281250e+02 1.354083099365234375e+02
1.351634063720703125e+02 1.350949554443359375e+02 1.356050720214843750e+02
1.351595611572265625e+02 1.350889587402343750e+02 1.358030700683593750e+02
1.351808471679687500e+02 1.351146545410156250e+02 1.360037078857421875e+02
1.352164459228515625e+02 1.351524047851562500e+02 1.362040100097656250e+02
1.352565155029296875e+02 1.351778411865234375e+02 1.364010620117187500e+02
1.352917785644531250e+02 1.351530456542968750e+02 1.365964050292968750e+02
1.352943572998046875e+02 1.351579589843750000e+02 1.367970428466796875e+02
1.352856445312500000e+02 1.351656646728515625e+02 1.369993133544921875e+02
1.352825775146484375e+02 1.351440734863281250e+02 1.371990051269531250e+02
1.352506866455078125e+02 1.351188201904296875e+02 1.373955230712890625e+02
1.352266845703125000e+02 1.351037750244140625e+02 1.375924682617187500e+02
1.352245635986328125e+02 1.351084899902343750e+02 1.377928466796875000e+02
1.352368927001953125e+02 1.351272735595703125e+02 1.379955291748046875e+02
1.352562561035156250e+02 1.351544342041015625e+02 1.381993255615234375e+02
1.352752075195312500e+02 1.351842346191406250e+02 1.384030914306640625e+02
1.352863159179687500e+02 1.352110137939453125e+02 1.386056518554687500e+02
1.352821502685546875e+02 1.352290344238281250e+02 1.388058471679687500e+02
1.352552795410156250e+02 1.352326202392578125e+02 1.390025024414062500e+02
1.352037811279296875e+02 1.352183685302734375e+02 1.391953125000000000e+02
1.351674194335937500e+02 1.352018127441406250e+02 1.393904876708984375e+02
1.351523132324218750e+02 1.351874694824218750e+02 1.395890045166015625e+02
1.351525878906250000e+02 1.351752624511718750e+02 1.397899780273437500e+02
1.351623535156250000e+02 1.351651306152343750e+02 1.399925079345703125e+02
1.351757354736328125e+02 1.351569976806640625e+02 1.401957092285156250e+02
1.351868438720703125e+02 1.351507720947265625e+02 1.403986968994140625e+02
1.351897888183593750e+02 1.351463928222656250e+02 1.406005859375000000e+02
1.351792449951171875e+02 1.351430969238281250e+02 1.408010253906250000e+02
1.351554107666015625e+02 1.351358795166015625e+02 1.410032348632812500e+02
1.351252288818359375e+02 1.351252441406250000e+02 1.412073364257812500e+02
1.350971069335937500e+02 1.351143035888671875e+02 1.414117279052734375e+02
1.350794525146484375e+02 1.351062011718750000e+02 1.416148223876953125e+02
1.350807037353515625e+02 1.351040954589843750e+02 1.418150329589843750e+02
1.351092529296875000e+02 1.351110992431640625e+02 1.420107269287109375e+02
1.351712036132812500e+02 1.351290130615234375e+02 1.422007598876953125e+02
1.352088775634765625e+02 1.351226196289062500e+02 1.423953704833984375e+02
1.352246093750000000e+02 1.351075592041015625e+02 1.425955810546875000e+02
1.352757263183593750e+02 1.351069488525390625e+02 1.427895050048828125e+02
1.353146209716796875e+02 1.350659942626953125e+02 1.429825592041015625e+02
1.353134460449218750e+02 1.350694427490234375e+02 1.431735076904296875e+02
1.352928924560546875e+02 1.350433044433593750e+02 1.434058074951171875e+02
1.352849578857421875e+02 1.349865875244140625e+02 1.435719909667968750e+02
