1.398955383300781250e+02 1.231754913330078125e+02 1.694689483642578125e+02
1.398769073486328125e+02 1.232506790161132812e+02 1.694633178710937500e+02
1.398274383544921875e+02 1.234374160766601562e+02 1.694408721923828125e+02
1.397568206787109375e+02 1.236774520874023438e+02 1.693933105468750000e+02
1.396747131347656250e+02 1.239125518798828125e+02 1.693123016357421875e+02
1.395907592773437500e+02 1.240850524902343750e+02 1.691896972656250000e+02
1.395120391845703125e+02 1.241740570068359375e+02 1.690269927978515625e+02
1.394416198730468750e+02 1.242165908813476562e+02 1.688409576416015625e+02
1.393820037841796875e+02 1.242530288696289062e+02 1.686490020751953125e+02
1.393323974609375000e+02 1.242995071411132812e+02 1.684585876464843750e+02
1.392896270751953125e+02 1.243542709350585938e+02 1.682698516845703125e+02
1.392504425048828125e+02 1.244151458740234375e+02 1.680827636718750000e+02
1.392115631103515625e+02 1.244799575805664062e+02 1.678973083496093750e+02
1.391697692871093750e+02 1.245465469360351562e+02 1.677134399414062500e+02
1.391217956542968750e+02 1.246127319335937500e+02 1.675311431884765625e+02
1.390644073486328125e+02 1.246763381958007812e+02 1.673503875732421875e+02
1.389943695068359375e+02 1.247352142333984375e+02 1.671711578369140625e+02
1.389109649658203125e+02 1.247885131835937500e+02 1.669933471679687500e+02
1.388191375732421875e+02 1.248383255004882812e+02 1.668167419433593750e+02
1.387245635986328125e+02 1.248871459960937500e+02 1.666411437988281250e+02
1.386329193115234375e+02 1.249374389648437500e+02 1.664662933349609375e+02
1.385498809814453125e+02 1.249916992187500000e+02 1.662919769287109375e+02
1.384811096191406250e+02 1.250524139404296875e+02 1.661179504394531250e+02
1.384322814941406250e+02 1.251220550537109375e+02 1.659440002441406250e+02
1.384079132080078125e+02 1.252024230957031250e+02 1.657698822021484375e+02
1.384060211181640625e+02 1.252915267944335938e+02 1.655952453613281250e+02
1.384223632812500000e+02 1.253860778808593750e+02 1.654197235107421875e+02
1.384527282714843750e+02 1.254827728271484375e+02 1.652429504394531250e+02
1.384928741455078125e+02 1.255783004760742188e+02 1.650645599365234375e+02
1.385385894775390625e+02 1.256693725585937500e+02 1.648841552734375000e+02
1.385856170654296875e+02 1.257526931762695312e+02 1.647013854980468750e+02
1.386280670166015625e+02 1.258263015747070312e+02 1.645160522460937500e+02
1.386562652587890625e+02 1.258912582397460938e+02 1.643283233642578125e+02
1.386600341796875000e+02 1.259490051269531250e+02 1.641384277343750000e+02
1.386343841552734375e+02 1.260011901855468750e+02 1.639468994140625000e+02
1.385960693359375000e+02 1.260501174926757812e+02 1.637555389404296875e+02
1.385521392822265625e+02 1.260965957641601562e+02 1.635652923583984375e+02
1.385015258789062500e+02 1.261406021118164062e+02 1.633764953613281250e+02
1.384431457519531250e+02 1.261821136474609375e+02 1.631894531250000000e+02
1.383802795410156250e+02 1.262194671630859375e+02 1.630031127929687500e+02
1.383226013183593750e+02 1.262500381469726562e+02 1.628145446777343750e+02
1.382690124511718750e+02 1.262766799926757812e+02 1.626240844726562500e+02
1.382177581787109375e+02 1.263025436401367188e+02 1.624323272705078125e+02
1.381671295166015625e+02 1.263307876586914062e+02 1.622398529052734375e+02
1.381153564453125000e+02 1.263645629882812500e+02 1.620472106933593750e+02
1.380629425048828125e+02 1.264095153808593750e+02 1.618564147949218750e+02
1.380203094482421875e+02 1.264824676513671875e+02 1.616757507324218750e+02
1.379945220947265625e+02 1.265922012329101562e+02 1.615103607177734375e+02
1.379725189208984375e+02 1.267055435180664062e+02 1.613466491699218750e+02
1.379640350341796875e+02 1.268214874267578125e+02 1.611844482421875000e+02
1.379685363769531250e+02 1.269404296875000000e+02 1.610238037109375000e+02
1.379836425781250000e+02 1.270612411499023438e+02 1.608641052246093750e+02
1.380070190429687500e+02 1.271828155517578125e+02 1.607047119140625000e+02
1.380363006591796875e+02 1.273040237426757812e+02 1.605450134277343750e+02
1.380691375732421875e+02 1.274237518310546875e+02 1.603843994140625000e+02
1.381031799316406250e+02 1.275408706665039062e+02 1.602222595214843750e+02
1.381360778808593750e+02 1.276542663574218750e+02 1.600579528808593750e+02
1.381654663085937500e+02 1.277628250122070312e+02 1.598908691406250000e+02
1.381890106201171875e+02 1.278654174804687500e+02 1.597203979492187500e+02
1.382043457031250000e+02 1.279609222412109375e+02 1.595459136962890625e+02
1.382124633789062500e+02 1.280497589111328125e+02 1.593674774169921875e+02
1.382245330810546875e+02 1.281370239257812500e+02 1.591871643066406250e+02
1.382530517578125000e+02 1.282285308837890625e+02 1.590073852539062500e+02
1.383004455566406250e+02 1.283269653320312500e+02 1.588299407958984375e+02
1.383604736328125000e+02 1.284323883056640625e+02 1.586560211181640625e+02
1.384266357421875000e+02 1.285447235107421875e+02 1.584868316650390625e+02
1.384924316406250000e+02 1.286639556884765625e+02 1.583235473632812500e+02
1.385513610839843750e+02 1.287900390625000000e+02 1.581673736572265625e+02
1.385969085693359375e+02 1.289229278564453125e+02 1.580195007324218750e+02
1.386225891113281250e+02 1.290625610351562500e+02 1.578811035156250000e+02
1.386219024658203125e+02 1.292089233398437500e+02 1.577534027099609375e+02
1.385883331298828125e+02 1.293619689941406250e+02 1.576375579833984375e+02
1.385256958007812500e+02 1.295116424560546875e+02 1.575210266113281250e+02
1.384639129638671875e+02 1.296554718017578125e+02 1.573956604003906250e+02
1.384048156738281250e+02 1.298111724853515625e+02 1.572826538085937500e+02
1.383487854003906250e+02 1.299742126464843750e+02 1.571769409179687500e+02
1.382962341308593750e+02 1.301399078369140625e+02 1.570733795166015625e+02
1.382475128173828125e+02 1.303036346435546875e+02 1.569668121337890625e+02
1.382030639648437500e+02 1.304607391357421875e+02 1.568520812988281250e+02
1.381632385253906250e+02 1.306065673828125000e+02 1.567240295410156250e+02
1.381279754638671875e+02 1.307384490966796875e+02 1.565798950195312500e+02
1.380960998535156250e+02 1.308586578369140625e+02 1.564228515625000000e+02
1.380662231445312500e+02 1.309702148437500000e+02 1.562570037841796875e+02
1.380369720458984375e+02 1.310761718750000000e+02 1.560864410400390625e+02
1.380069580078125000e+02 1.311795654296875000e+02 1.559152679443359375e+02
1.379748229980468750e+02 1.312834320068359375e+02 1.557475891113281250e+02
1.379396972656250000e+02 1.313898162841796875e+02 1.555857543945312500e+02
1.379016265869140625e+02 1.314991455078125000e+02 1.554292449951171875e+02
1.378607330322265625e+02 1.316116790771484375e+02 1.552771911621093750e+02
1.378170928955078125e+02 1.317276916503906250e+02 1.551287994384765625e+02
1.377708587646484375e+02 1.318474273681640625e+02 1.549832153320312500e+02
1.377221221923828125e+02 1.319711456298828125e+02 1.548396148681640625e+02
1.376709899902343750e+02 1.320991058349609375e+02 1.546971740722656250e+02
1.376175994873046875e+02 1.322315979003906250e+02 1.545550384521484375e+02
1.375620574951171875e+02 1.323688507080078125e+02 1.544123992919921875e+02
1.375044708251953125e+02 1.325111236572265625e+02 1.542684326171875000e+02
1.374449462890625000e+02 1.326586914062500000e+02 1.541222686767578125e+02
1.373836059570312500e+02 1.328116455078125000e+02 1.539731140136718750e+02
1.373203125000000000e+02 1.329634246826171875e+02 1.538202362060546875e+02
1.372546234130859375e+02 1.330985717773437500e+02 1.536630249023437500e+02
1.371860504150390625e+02 1.332010650634765625e+02 1.535009155273437500e+02
1.371141510009765625e+02 1.332548980712890625e+02 1.533332977294921875e+02
1.370384216308593750e+02 1.332442932128906250e+02 1.531596221923828125e+02
1.369588012695312500e+02 1.331859130859375000e+02 1.529809265136718750e+02
1.368771362304687500e+02 1.331240539550781250e+02 1.527995300292968750e+02
1.367971191406250000e+02 1.330643310546875000e+02 1.526156616210937500e+02
1.367225646972656250e+02 1.330093536376953125e+02 1.524293518066406250e+02
1.366572265625000000e+02 1.329616699218750000e+02 1.522406768798828125e+02
1.366049194335937500e+02 1.329238891601562500e+02 1.520496520996093750e+02
1.365694274902343750e+02 1.328985900878906250e+02 1.518563537597656250e+02
1.365545654296875000e+02 1.328883514404296875e+02 1.516608276367187500e+02
1.365637054443359375e+02 1.328956298828125000e+02 1.514631500244140625e+02
1.365836639404296875e+02 1.329169464111328125e+02 1.512643890380859375e+02
1.365908508300781250e+02 1.329431457519531250e+02 1.510660705566406250e+02
1.365899353027343750e+02 1.329700164794921875e+02 1.508677215576171875e+02
1.365901184082031250e+02 1.329942016601562500e+02 1.506685485839843750e+02
1.366003112792968750e+02 1.330124664306640625e+02 1.504677734375000000e+02
1.366234283447265625e+02 1.330244293212890625e+02 1.502653808593750000e+02
1.366561889648437500e+02 1.330326080322265625e+02 1.500621032714843750e+02
1.366950836181640625e+02 1.330396423339843750e+02 1.498587188720703125e+02
1.367365875244140625e+02 1.330482025146484375e+02 1.496559753417968750e+02
1.367771759033203125e+02 1.330608978271484375e+02 1.494546508789062500e+02
1.368133239746093750e+02 1.330803985595703125e+02 1.492555084228515625e+02
1.368415069580078125e+02 1.331093444824218750e+02 1.490593261718750000e+02
1.368582000732421875e+02 1.331503753662109375e+02 1.488668670654296875e+02
1.368598937988281250e+02 1.332061462402343750e+02 1.486788940429687500e+02
1.368430480957031250e+02 1.332792816162109375e+02 1.484961700439453125e+02
1.367960968017578125e+02 1.333575592041015625e+02 1.483172149658203125e+02
1.367375946044921875e+02 1.334107208251953125e+02 1.481332702636718750e+02
1.367082977294921875e+02 1.334300537109375000e+02 1.479381103515625000e+02
1.366968078613281250e+02 1.334238433837890625e+02 1.477361145019531250e+02
1.366807403564453125e+02 1.334039459228515625e+02 1.475339355468750000e+02
1.366474609375000000e+02 1.333844604492187500e+02 1.473358306884765625e+02
1.366060485839843750e+02 1.333846588134765625e+02 1.471408691406250000e+02
1.365663146972656250e+02 1.334161987304687500e+02 1.469474029541015625e+02
1.365282440185546875e+02 1.334549255371093750e+02 1.467539520263671875e+02
1.364874725341796875e+02 1.334913330078125000e+02 1.465592346191406250e+02
1.364422454833984375e+02 1.335269622802734375e+02 1.463638305664062500e+02
1.363918762207031250e+02 1.335594635009765625e+02 1.461687011718750000e+02
1.363356933593750000e+02 1.335865631103515625e+02 1.459748077392578125e+02
1.362730255126953125e+02 1.336059112548828125e+02 1.457831115722656250e+02
1.362031860351562500e+02 1.336152038574218750e+02 1.455946044921875000e+02
1.361254882812500000e+02 1.336121215820312500e+02 1.454102325439453125e+02
1.360392761230468750e+02 1.335943603515625000e+02 1.452309875488281250e+02
1.359447479248046875e+02 1.335598602294921875e+02 1.450575714111328125e+02
1.358489990234375000e+02 1.335087585449218750e+02 1.448887176513671875e+02
1.357610168457031250e+02 1.334426879882812500e+02 1.447222747802734375e+02
1.356803131103515625e+02 1.333680267333984375e+02 1.445558319091796875e+02
1.356018676757812500e+02 1.332932739257812500e+02 1.443868865966796875e+02
1.355206298828125000e+02 1.332269592285156250e+02 1.442129821777343750e+02
1.354285430908203125e+02 1.331757659912109375e+02 1.440381774902343750e+02
1.353116760253906250e+02 1.331427612304687500e+02 1.438791961669921875e+02
1.351588897705078125e+02 1.331305694580078125e+02 1.437508850097656250e+02
1.349949645996093750e+02 1.331416015625000000e+02 1.436337738037109375e+02
1.348616638183593750e+02 1.331769866943359375e+02 1.434916229248046875e+02
1.347536163330078125e+02 1.332254486083984375e+02 1.433279418945312500e+02
1.346357269287109375e+02 1.332678833007812500e+02 1.431713562011718750e+02
1.344893493652343750e+02 1.332943267822265625e+02 1.430372314453125000e+02
1.343390808105468750e+02 1.333201599121093750e+02 1.429068450927734375e+02
1.341964874267578125e+02 1.333818969726562500e+02 1.427842559814453125e+02
1.340586700439453125e+02 1.334735717773437500e+02 1.426692047119140625e+02
1.339243011474609375e+02 1.335743408203125000e+02 1.425530395507812500e+02
1.337920989990234375e+02 1.336637268066406250e+02 1.424272613525390625e+02
1.336625366210937500e+02 1.337344055175781250e+02 1.422888488769531250e+02
1.335382995605468750e+02 1.337958831787109375e+02 1.421417388916015625e+02
1.334222259521484375e+02 1.338587188720703125e+02 1.419902801513671875e+02
1.333171234130859375e+02 1.339334869384765625e+02 1.418388824462890625e+02
1.332255554199218750e+02 1.340297393798828125e+02 1.416914672851562500e+02
1.331465301513671875e+02 1.341449584960937500e+02 1.415473632812500000e+02
1.330768432617187500e+02 1.342690429687500000e+02 1.414028930664062500e+02
1.330132598876953125e+02 1.343917236328125000e+02 1.412543029785156250e+02
1.329525451660156250e+02 1.345027618408203125e+02 1.410978698730468750e+02
1.328914642333984375e+02 1.345918884277343750e+02 1.409298706054687500e+02
1.328347167968750000e+02 1.346658477783203125e+02 1.407532348632812500e+02
1.328134002685546875e+02 1.347453918457031250e+02 1.405726165771484375e+02
1.328193969726562500e+02 1.348274688720703125e+02 1.403882751464843750e+02
1.328376159667968750e+02 1.349083862304687500e+02 1.402014312744140625e+02
1.328529357910156250e+02 1.349844360351562500e+02 1.400133209228515625e+02
1.328485260009765625e+02 1.350561828613281250e+02 1.398271484375000000e+02
1.328127136230468750e+02 1.351304931640625000e+02 1.396475677490234375e+02
1.327538909912109375e+02 1.352064514160156250e+02 1.394724426269531250e+02
1.326830596923828125e+02 1.352819519042968750e+02 1.392986450195312500e+02
1.326112670898437500e+02 1.353549194335937500e+02 1.391230468750000000e+02
1.325495147705078125e+02 1.354232177734375000e+02 1.389425354003906250e+02
1.325093841552734375e+02 1.354854888916015625e+02 1.387550811767578125e+02
1.325055389404296875e+02 1.355452728271484375e+02 1.385662994384765625e+02
1.325386047363281250e+02 1.356047515869140625e+02 1.383798522949218750e+02
1.325957641601562500e+02 1.356629943847656250e+02 1.381946563720703125e+02
1.326637268066406250e+02 1.357189331054687500e+02 1.380095214843750000e+02
1.327291870117187500e+02 1.357715148925781250e+02 1.378232269287109375e+02
1.327788696289062500e+02 1.358196868896484375e+02 1.376345520019531250e+02
1.327997131347656250e+02 1.358623809814453125e+02 1.374423217773437500e+02
1.327898254394531250e+02 1.358977355957031250e+02 1.372462463378906250e+02
1.327633056640625000e+02 1.359227447509765625e+02 1.370473175048828125e+02
1.327353668212890625e+02 1.359343566894531250e+02 1.368466491699218750e+02
1.327134704589843750e+02 1.359314727783203125e+02 1.366456451416015625e+02
1.326898651123046875e+02 1.359168395996093750e+02 1.364462738037109375e+02
1.326550140380859375e+02 1.358936767578125000e+02 1.362506256103515625e+02
1.325998687744140625e+02 1.358652038574218750e+02 1.360606079101562500e+02
1.325514678955078125e+02 1.358275146484375000e+02 1.358701477050781250e+02
1.325250854492187500e+02 1.357777404785156250e+02 1.356759796142578125e+02
1.325052185058593750e+02 1.357221832275390625e+02 1.354815521240234375e+02
1.324763183593750000e+02 1.356672058105468750e+02 1.352902526855468750e+02
1.324228668212890625e+02 1.356191406250000000e+02 1.351055145263671875e+02
1.323361663818359375e+02 1.355811157226562500e+02 1.349294586181640625e+02
1.322344512939453125e+02 1.355437622070312500e+02 1.347592010498046875e+02
1.321420745849609375e+02 1.354948730468750000e+02 1.345906066894531250e+02
1.320709533691406250e+02 1.354290161132812500e+02 1.344214324951171875e+02
1.320190429687500000e+02 1.353484344482421875e+02 1.342514343261718750e+02
1.319835662841796875e+02 1.352557525634765625e+02 1.340805053710937500e+02
1.319617462158203125e+02 1.351535949707031250e+02 1.339085540771484375e+02
1.319508056640625000e+02 1.350445709228515625e+02 1.337354431152343750e+02
1.319479675292968750e+02 1.349313049316406250e+02 1.335610504150390625e+02
1.319504547119140625e+02 1.348164367675781250e+02 1.333852844238281250e+02
1.319554901123046875e+02 1.347025756835937500e+02 1.332080230712890625e+02
1.319603118896484375e+02 1.345923309326171875e+02 1.330291442871093750e+02
1.319626007080078125e+02 1.344880218505859375e+02 1.328485565185546875e+02
1.319619293212890625e+02 1.343906555175781250e+02 1.326662139892578125e+02
1.319582519531250000e+02 1.343009338378906250e+02 1.324820861816406250e+02
1.319515686035156250e+02 1.342195739746093750e+02 1.322961425781250000e+02
1.319418640136718750e+02 1.341472930908203125e+02 1.321083374023437500e+02
1.319291229248046875e+02 1.340847930908203125e+02 1.319186401367187500e+02
1.319133148193359375e+02 1.340327758789062500e+02 1.317270355224609375e+02
1.318944396972656250e+02 1.339919891357421875e+02 1.315334777832031250e+02
1.318724822998046875e+02 1.339631042480468750e+02 1.313379516601562500e+02
1.318475036621093750e+02 1.339464569091796875e+02 1.311404571533203125e+02
1.318209228515625000e+02 1.339367370605468750e+02 1.309418334960937500e+02
1.318095397949218750e+02 1.339304504394531250e+02 1.307460174560546875e+02
1.318693084716796875e+02 1.339450683593750000e+02 1.305635528564453125e+02
1.319803314208984375e+02 1.339757995605468750e+02 1.303910064697265625e+02
1.321135253906250000e+02 1.340146331787109375e+02 1.302233123779296875e+02
1.322397918701171875e+02 1.340535736083984375e+02 1.300553894042968750e+02
1.323300476074218750e+02 1.340846099853515625e+02 1.298821563720703125e+02
1.323638916015625000e+02 1.341014709472656250e+02 1.297002105712890625e+02
1.323476867675781250e+02 1.341033020019531250e+02 1.295111999511718750e+02
1.322928466796875000e+02 1.340902404785156250e+02 1.293177642822265625e+02
1.322108306884765625e+02 1.340624237060546875e+02 1.291225433349609375e+02
1.321130828857421875e+02 1.340200500488281250e+02 1.289281463623046875e+02
1.320110626220703125e+02 1.339632263183593750e+02 1.287372436523437500e+02
1.319161987304687500e+02 1.338921356201171875e+02 1.285524291992187500e+02
1.318395843505859375e+02 1.338070526123046875e+02 1.283761444091796875e+02
1.317858276367187500e+02 1.337111358642578125e+02 1.282067108154296875e+02
1.317537841796875000e+02 1.336099395751953125e+02 1.280388641357421875e+02
1.317418365478515625e+02 1.335092010498046875e+02 1.278672943115234375e+02
1.317364196777343750e+02 1.334159088134765625e+02 1.276895217895507812e+02
1.317126159667968750e+02 1.333352203369140625e+02 1.275077514648437500e+02
1.316835632324218750e+02 1.332404632568359375e+02 1.273343048095703125e+02
1.316571960449218750e+02 1.331286468505859375e+02 1.271695632934570312e+02
1.316339721679687500e+02 1.330072479248046875e+02 1.270095901489257812e+02
1.316143493652343750e+02 1.328838195800781250e+02 1.268504638671875000e+02
1.315987854003906250e+02 1.327658691406250000e+02 1.266882629394531250e+02
1.315877380371093750e+02 1.326609191894531250e+02 1.265190582275390625e+02
1.315812988281250000e+02 1.325743103027343750e+02 1.263400421142578125e+02
1.315777587890625000e+02 1.325004272460937500e+02 1.261540069580078125e+02
1.315748291015625000e+02 1.324301757812500000e+02 1.259655075073242188e+02
1.315702362060546875e+02 1.323544921875000000e+02 1.257791137695312500e+02
1.315617218017578125e+02 1.322642974853515625e+02 1.255993728637695312e+02
1.315543365478515625e+02 1.321667785644531250e+02 1.254251403808593750e+02
1.315904846191406250e+02 1.321527404785156250e+02 1.252256774902343750e+02
1.316412658691406250e+02 1.321592559814453125e+02 1.250231552124023438e+02
1.316937103271484375e+02 1.321682739257812500e+02 1.248233413696289062e+02
1.317421875000000000e+02 1.321796722412109375e+02 1.246255950927734375e+02
1.317810668945312500e+02 1.321933288574218750e+02 1.244292831420898438e+02
1.318047027587890625e+02 1.322091369628906250e+02 1.242337570190429688e+02
1.318074493408203125e+02 1.322269897460937500e+02 1.240383911132812500e+02
1.317837371826171875e+02 1.322468414306640625e+02 1.238425827026367188e+02
1.317348785400390625e+02 1.322802124023437500e+02 1.236506195068359375e+02
1.317004699707031250e+02 1.323430633544921875e+02 1.234636154174804688e+02
1.316788635253906250e+02 1.324044036865234375e+02 1.232737121582031250e+02
1.316559448242187500e+02 1.324595031738281250e+02 1.230825347900390625e+02
1.316302185058593750e+02 1.325077819824218750e+02 1.228898162841796875e+02
1.316001739501953125e+02 1.325486907958984375e+02 1.226953125000000000e+02
1.315644989013671875e+02 1.325824432373046875e+02 1.224991455078125000e+02
1.315226135253906250e+02 1.326121673583984375e+02 1.223027801513671875e+02
1.314741668701171875e+02 1.326416625976562500e+02 1.221079940795898438e+02
1.314187469482421875e+02 1.326747131347656250e+02 1.219165802001953125e+02
1.313559875488281250e+02 1.327151031494140625e+02 1.217303314208984375e+02
1.312854919433593750e+02 1.327666320800781250e+02 1.215510253906250000e+02
1.312069091796875000e+02 1.328330688476562500e+02 1.213804244995117188e+02
1.311234436035156250e+02 1.329133758544921875e+02 1.212168655395507812e+02
1.310458526611328125e+02 1.329963989257812500e+02 1.210514450073242188e+02
1.309830932617187500e+02 1.330709533691406250e+02 1.208763198852539062e+02
1.309369506835937500e+02 1.331315002441406250e+02 1.206904296875000000e+02
1.309073028564453125e+02 1.331777038574218750e+02 1.204968795776367188e+02
1.308932495117187500e+02 1.332099761962890625e+02 1.202988891601562500e+02
1.308901519775390625e+02 1.332307434082031250e+02 1.200982437133789062e+02
1.308920135498046875e+02 1.332430877685546875e+02 1.198962173461914062e+02
1.308928070068359375e+02 1.332501068115234375e+02 1.196940917968750000e+02
1.308865203857421875e+02 1.332548980712890625e+02 1.194931335449218750e+02
1.308671417236328125e+02 1.332605743408203125e+02 1.192946319580078125e+02
1.308286590576171875e+02 1.332702178955078125e+02 1.190998458862304688e+02
1.307682495117187500e+02 1.332852325439453125e+02 1.189094467163085938e+02
1.306921234130859375e+02 1.333021240234375000e+02 1.187223129272460938e+02
1.306081237792968750e+02 1.333164978027343750e+02 1.185370178222656250e+02
1.305241088867187500e+02 1.333240051269531250e+02 1.183521270751953125e+02
1.304479064941406250e+02 1.333202667236328125e+02 1.181662292480468750e+02
1.303873596191406250e+02 1.333009338378906250e+02 1.179778747558593750e+02
1.303498992919921875e+02 1.332626190185546875e+02 1.177857131958007812e+02
1.303355255126953125e+02 1.332208709716796875e+02 1.175894546508789062e+02
1.303367919921875000e+02 1.332047424316406250e+02 1.173899078369140625e+02
1.303368225097656250e+02 1.332018737792968750e+02 1.171894302368164062e+02
1.303211059570312500e+02 1.331852569580078125e+02 1.169902496337890625e+02
1.302937164306640625e+02 1.331575775146484375e+02 1.167922058105468750e+02
1.302610626220703125e+02 1.331253967285156250e+02 1.165948257446289062e+02
1.302295684814453125e+02 1.330952606201171875e+02 1.163976287841796875e+02
1.302056732177734375e+02 1.330737304687500000e+02 1.162001342773437500e+02
1.301958160400390625e+02 1.330673370361328125e+02 1.160018692016601562e+02
1.302057189941406250e+02 1.330812530517578125e+02 1.158028488159179688e+02
1.302372131347656250e+02 1.331123962402343750e+02 1.156058883666992188e+02
1.302907257080078125e+02 1.331547851562500000e+02 1.154148178100585938e+02
1.303662567138671875e+02 1.332022857666015625e+02 1.152330856323242188e+02
1.304585113525390625e+02 1.332467956542968750e+02 1.150591964721679688e+02
1.305584106445312500e+02 1.332788085937500000e+02 1.148881301879882812e+02
1.306567687988281250e+02 1.332888031005859375e+02 1.147147827148437500e+02
1.307454223632812500e+02 1.332753753662109375e+02 1.145351943969726562e+02
1.308186798095703125e+02 1.332576141357421875e+02 1.143482894897460938e+02
1.308712615966796875e+02 1.332578582763671875e+02 1.141534576416015625e+02
1.308980407714843750e+02 1.332905273437500000e+02 1.139516983032226562e+02
1.308948059082031250e+02 1.333350067138671875e+02 1.137512664794921875e+02
1.308575897216796875e+02 1.333609924316406250e+02 1.135624160766601562e+02
1.308309783935546875e+02 1.333865661621093750e+02 1.133560485839843750e+02
1.308737792968750000e+02 1.334489593505859375e+02 1.131811599731445312e+02
