1.257996826171875000e+02 1.330311126708984375e+02 1.135628814697265625e+02
1.257762145996093750e+02 1.331035461425781250e+02 1.136987075805664062e+02
1.259402770996093750e+02 1.332346496582031250e+02 1.138782196044921875e+02
1.260123596191406250e+02 1.332613220214843750e+02 1.140642395019531250e+02
1.260534591674804688e+02 1.332383575439453125e+02 1.142490997314453125e+02
1.261237945556640625e+02 1.332181243896484375e+02 1.144280471801757812e+02
1.262246551513671875e+02 1.332102203369140625e+02 1.146004257202148438e+02
1.263468322753906250e+02 1.332166442871093750e+02 1.147662811279296875e+02
1.264811248779296875e+02 1.332393951416015625e+02 1.149256591796875000e+02
1.266183319091796875e+02 1.332804565429687500e+02 1.150786285400390625e+02
1.267492904663085938e+02 1.333417358398437500e+02 1.152252578735351562e+02
1.268694763183593750e+02 1.334185791015625000e+02 1.153679351806640625e+02
1.269825897216796875e+02 1.334944610595703125e+02 1.155131530761718750e+02
1.270932388305664062e+02 1.335523376464843750e+02 1.156674728393554688e+02
1.272066574096679688e+02 1.335900115966796875e+02 1.158286437988281250e+02
1.273287582397460938e+02 1.336202392578125000e+02 1.159856185913085938e+02
1.274644241333007812e+02 1.336551818847656250e+02 1.161284484863281250e+02
1.276113967895507812e+02 1.336985168457031250e+02 1.162575225830078125e+02
1.277643508911132812e+02 1.337503662109375000e+02 1.163775863647460938e+02
1.279179763793945312e+02 1.338108215332031250e+02 1.164934082031250000e+02
1.280669555664062500e+02 1.338799896240234375e+02 1.166097488403320312e+02
1.282065582275390625e+02 1.339575500488281250e+02 1.167310409545898438e+02
1.283371582031250000e+02 1.340396575927734375e+02 1.168588562011718750e+02
1.284615783691406250e+02 1.341207122802734375e+02 1.169933547973632812e+02
1.285827026367187500e+02 1.341951141357421875e+02 1.171346817016601562e+02
1.287033996582031250e+02 1.342572784423828125e+02 1.172829818725585938e+02
1.288265533447265625e+02 1.343015747070312500e+02 1.174384002685546875e+02
1.289540557861328125e+02 1.343238067626953125e+02 1.176009140014648438e+02
1.290485534667968750e+02 1.343777160644531250e+02 1.177632522583007812e+02
1.290770721435546875e+02 1.345087127685546875e+02 1.179149856567382812e+02
1.290913848876953125e+02 1.346473083496093750e+02 1.180574493408203125e+02
1.291026611328125000e+02 1.347950286865234375e+02 1.181904602050781250e+02
1.291108398437500000e+02 1.349516143798828125e+02 1.183151168823242188e+02
1.291131134033203125e+02 1.351147003173828125e+02 1.184329910278320312e+02
1.291066436767578125e+02 1.352818603515625000e+02 1.185456542968750000e+02
1.290906372070312500e+02 1.354500122070312500e+02 1.186556777954101562e+02
1.290785064697265625e+02 1.356111450195312500e+02 1.187726364135742188e+02
1.290853424072265625e+02 1.357576599121093750e+02 1.189060974121093750e+02
1.291067962646484375e+02 1.358932189941406250e+02 1.190522994995117188e+02
1.291331024169921875e+02 1.360246887207031250e+02 1.192037429809570312e+02
1.291544952392578125e+02 1.361588592529296875e+02 1.193529281616210938e+02
1.291611938476562500e+02 1.363025817871093750e+02 1.194923706054687500e+02
1.291680145263671875e+02 1.364527893066406250e+02 1.196219787597656250e+02
1.292302856445312500e+02 1.365835723876953125e+02 1.197597198486328125e+02
1.293291778564453125e+02 1.366910095214843750e+02 1.199082260131835938e+02
1.294399719238281250e+02 1.367731018066406250e+02 1.200686340332031250e+02
1.295379180908203125e+02 1.368279113769531250e+02 1.202421188354492188e+02
1.296084442138671875e+02 1.368590850830078125e+02 1.204271697998046875e+02
1.296654968261718750e+02 1.368942108154296875e+02 1.206156616210937500e+02
1.297134857177734375e+02 1.369366455078125000e+02 1.208057327270507812e+02
1.297661743164062500e+02 1.369815368652343750e+02 1.209939651489257812e+02
1.298371734619140625e+02 1.370240783691406250e+02 1.211769866943359375e+02
1.299290771484375000e+02 1.370588836669921875e+02 1.213543090820312500e+02
1.300247344970703125e+02 1.370796508789062500e+02 1.215306091308593750e+02
1.301048889160156250e+02 1.370799560546875000e+02 1.217111129760742188e+02
1.301571350097656250e+02 1.370568389892578125e+02 1.218992767333984375e+02
1.301894226074218750e+02 1.370177307128906250e+02 1.220931472778320312e+02
1.302135620117187500e+02 1.369720153808593750e+02 1.222898025512695312e+02
1.302413940429687500e+02 1.369290313720703125e+02 1.224862976074218750e+02
1.302844848632812500e+02 1.368979644775390625e+02 1.226797409057617188e+02
1.303475189208984375e+02 1.368811492919921875e+02 1.228685836791992188e+02
1.304268341064453125e+02 1.368727416992187500e+02 1.230529251098632812e+02
1.305182952880859375e+02 1.368663940429687500e+02 1.232329406738281250e+02
1.306177673339843750e+02 1.368558044433593750e+02 1.234088287353515625e+02
1.307210998535156250e+02 1.368346099853515625e+02 1.235807647705078125e+02
1.308371734619140625e+02 1.367945251464843750e+02 1.237375640869140625e+02
1.309815521240234375e+02 1.367362365722656250e+02 1.238653945922851562e+02
1.311267852783203125e+02 1.366794433593750000e+02 1.239918823242187500e+02
1.312469940185546875e+02 1.366412506103515625e+02 1.241426544189453125e+02
1.313406677246093750e+02 1.366185607910156250e+02 1.243174972534179688e+02
1.314144287109375000e+02 1.366016082763671875e+02 1.245075836181640625e+02
1.314749298095703125e+02 1.365806121826171875e+02 1.247040710449218750e+02
1.315286560058593750e+02 1.365466461181640625e+02 1.248986206054687500e+02
1.315803375244140625e+02 1.365012054443359375e+02 1.250886611938476562e+02
1.316335754394531250e+02 1.364526519775390625e+02 1.252754898071289062e+02
1.316919860839843750e+02 1.364094848632812500e+02 1.254604492187500000e+02
1.317591247558593750e+02 1.363802032470703125e+02 1.256448898315429688e+02
1.318349151611328125e+02 1.363667449951171875e+02 1.258297958374023438e+02
1.319058990478515625e+02 1.363383483886718750e+02 1.260153121948242188e+02
1.319615783691406250e+02 1.362762145996093750e+02 1.262009582519531250e+02
1.319958648681640625e+02 1.361924896240234375e+02 1.263850936889648438e+02
1.320027465820312500e+02 1.360997009277343750e+02 1.265660476684570312e+02
1.319824371337890625e+02 1.360083312988281250e+02 1.267432250976562500e+02
1.319402313232421875e+02 1.359279937744140625e+02 1.269196319580078125e+02
1.318743896484375000e+02 1.358615112304687500e+02 1.270958099365234375e+02
1.317935180664062500e+02 1.358047485351562500e+02 1.272722625732421875e+02
1.317061767578125000e+02 1.357535705566406250e+02 1.274495086669921875e+02
1.316209564208984375e+02 1.357038269042968750e+02 1.276280746459960938e+02
1.315464630126953125e+02 1.356514129638671875e+02 1.278084716796875000e+02
1.314912719726562500e+02 1.355921630859375000e+02 1.279912261962890625e+02
1.314608917236328125e+02 1.355239410400390625e+02 1.281763763427734375e+02
1.314794311523437500e+02 1.354710083007812500e+02 1.283606872558593750e+02
1.315494689941406250e+02 1.354393768310546875e+02 1.285443420410156250e+02
1.316473236083984375e+02 1.354231719970703125e+02 1.287287445068359375e+02
1.317493896484375000e+02 1.354165039062500000e+02 1.289152221679687500e+02
1.318320312500000000e+02 1.354134826660156250e+02 1.291051483154296875e+02
1.318845977783203125e+02 1.354039764404296875e+02 1.292981567382812500e+02
1.319383087158203125e+02 1.353757324218750000e+02 1.294886016845703125e+02
1.319947662353515625e+02 1.353354339599609375e+02 1.296770324707031250e+02
1.320522155761718750e+02 1.352909088134765625e+02 1.298647766113281250e+02
1.321089172363281250e+02 1.352499389648437500e+02 1.300530853271484375e+02
1.321631469726562500e+02 1.352202911376953125e+02 1.302432708740234375e+02
1.322144165039062500e+02 1.352056427001953125e+02 1.304358215332031250e+02
1.322641601562500000e+02 1.352034149169921875e+02 1.306299743652343750e+02
1.323139801025390625e+02 1.352104492187500000e+02 1.308248901367187500e+02
1.323655090332031250e+02 1.352236328125000000e+02 1.310197143554687500e+02
1.324203186035156250e+02 1.352398071289062500e+02 1.312135772705078125e+02
1.324800415039062500e+02 1.352558288574218750e+02 1.314056549072265625e+02
1.325462646484375000e+02 1.352685546875000000e+02 1.315950622558593750e+02
1.326206054687500000e+02 1.352748565673828125e+02 1.317809753417968750e+02
1.327046661376953125e+02 1.352715759277343750e+02 1.319625244140625000e+02
1.327972869873046875e+02 1.352606201171875000e+02 1.321400604248046875e+02
1.328881530761718750e+02 1.352605133056640625e+02 1.323179321289062500e+02
1.329698333740234375e+02 1.352834930419921875e+02 1.324992828369140625e+02
1.330424346923828125e+02 1.353264007568359375e+02 1.326838989257812500e+02
1.331067504882812500e+02 1.353847198486328125e+02 1.328713531494140625e+02
1.331635742187500000e+02 1.354539337158203125e+02 1.330611877441406250e+02
1.332137145996093750e+02 1.355294952392578125e+02 1.332529296875000000e+02
1.332579345703125000e+02 1.356068878173828125e+02 1.334461517333984375e+02
1.332970428466796875e+02 1.356815948486328125e+02 1.336403656005859375e+02
1.333318328857421875e+02 1.357490997314453125e+02 1.338351287841796875e+02
1.333630828857421875e+02 1.358048400878906250e+02 1.340299835205078125e+02
1.333916015625000000e+02 1.358443298339843750e+02 1.342244720458984375e+02
1.334181671142578125e+02 1.358630218505859375e+02 1.344181518554687500e+02
1.334435729980468750e+02 1.358563842773437500e+02 1.346105346679687500e+02
1.334686126708984375e+02 1.358199157714843750e+02 1.348011932373046875e+02
1.335086822509765625e+02 1.357649993896484375e+02 1.349930572509765625e+02
1.335797882080078125e+02 1.357171936035156250e+02 1.351888732910156250e+02
1.336514434814453125e+02 1.356633300781250000e+02 1.353802032470703125e+02
1.336916656494140625e+02 1.355888214111328125e+02 1.355582885742187500e+02
1.336687927246093750e+02 1.354794464111328125e+02 1.357145233154296875e+02
1.336341094970703125e+02 1.353956298828125000e+02 1.358823547363281250e+02
1.336472473144531250e+02 1.353822937011718750e+02 1.360861358642578125e+02
1.336849060058593750e+02 1.353964385986328125e+02 1.363007049560546875e+02
1.337259368896484375e+02 1.353997955322265625e+02 1.365044097900390625e+02
1.337637023925781250e+02 1.353836822509765625e+02 1.366976318359375000e+02
1.337968139648437500e+02 1.353500213623046875e+02 1.368882751464843750e+02
1.338251190185546875e+02 1.353038635253906250e+02 1.370803070068359375e+02
1.338496093750000000e+02 1.352532806396484375e+02 1.372738647460937500e+02
1.338713378906250000e+02 1.352064514160156250e+02 1.374689178466796875e+02
1.338913879394531250e+02 1.351715393066406250e+02 1.376654357910156250e+02
1.339107055664062500e+02 1.351551208496093750e+02 1.378633422851562500e+02
1.339297943115234375e+02 1.351552429199218750e+02 1.380623474121093750e+02
1.339489746093750000e+02 1.351672058105468750e+02 1.382620697021484375e+02
1.339685974121093750e+02 1.351862792968750000e+02 1.384621276855468750e+02
1.339886932373046875e+02 1.352086944580078125e+02 1.386620178222656250e+02
1.340069580078125000e+02 1.352386169433593750e+02 1.388601531982421875e+02
1.340198516845703125e+02 1.352842559814453125e+02 1.390543365478515625e+02
1.340247650146484375e+02 1.353535461425781250e+02 1.392422637939453125e+02
1.340431671142578125e+02 1.354461822509765625e+02 1.394179382324218750e+02
1.340981597900390625e+02 1.355520782470703125e+02 1.395786895751953125e+02
1.341763000488281250e+02 1.356588897705078125e+02 1.397329711914062500e+02
1.342608184814453125e+02 1.357541503906250000e+02 1.398902893066406250e+02
1.343351440429687500e+02 1.358255615234375000e+02 1.400599975585937500e+02
1.343929138183593750e+02 1.358693389892578125e+02 1.402451019287109375e+02
1.344427490234375000e+02 1.358942871093750000e+02 1.404392242431640625e+02
1.344945068359375000e+02 1.359102020263671875e+02 1.406352539062500000e+02
1.345580291748046875e+02 1.359269256591796875e+02 1.408260803222656250e+02
1.346427764892578125e+02 1.359539947509765625e+02 1.410048217773437500e+02
1.347456817626953125e+02 1.359918670654296875e+02 1.411726531982421875e+02
1.348486480712890625e+02 1.360301361083984375e+02 1.413404541015625000e+02
1.349383850097656250e+02 1.360620269775390625e+02 1.415172271728515625e+02
1.350140838623046875e+02 1.360875396728515625e+02 1.417025146484375000e+02
1.350765075683593750e+02 1.361073303222656250e+02 1.418942565917968750e+02
1.351264190673828125e+02 1.361220092773437500e+02 1.420903625488281250e+02
1.351645812988281250e+02 1.361322479248046875e+02 1.422887573242187500e+02
1.351920471191406250e+02 1.361391448974609375e+02 1.424881134033203125e+02
1.351994628906250000e+02 1.361467590332031250e+02 1.426932220458984375e+02
1.351340179443359375e+02 1.361354522705078125e+02 1.428762969970703125e+02
1.350219268798828125e+02 1.361065826416015625e+02 1.430419616699218750e+02
1.349482879638671875e+02 1.360821228027343750e+02 1.432257690429687500e+02
1.349043273925781250e+02 1.360581817626953125e+02 1.434222717285156250e+02
1.348696289062500000e+02 1.360275573730468750e+02 1.436208648681640625e+02
1.348238067626953125e+02 1.359831085205078125e+02 1.438110046386718750e+02
1.347496490478515625e+02 1.359197692871093750e+02 1.439840698242187500e+02
1.346562652587890625e+02 1.358500518798828125e+02 1.441480407714843750e+02
1.345657348632812500e+02 1.357951202392578125e+02 1.443189697265625000e+02
1.344963684082031250e+02 1.357702789306640625e+02 1.445091094970703125e+02
1.344494628906250000e+02 1.357650299072265625e+02 1.447135925292968750e+02
1.344217529296875000e+02 1.357619018554687500e+02 1.449228668212890625e+02
1.344099578857421875e+02 1.357433624267578125e+02 1.451274414062500000e+02
1.344107666015625000e+02 1.356919555664062500e+02 1.453177947998046875e+02
1.344208831787109375e+02 1.355904693603515625e+02 1.454844207763671875e+02
1.344347229003906250e+02 1.354411010742187500e+02 1.456187438964843750e+02
1.344464263916015625e+02 1.352757415771484375e+02 1.457310485839843750e+02
1.344557800292968750e+02 1.351240539550781250e+02 1.458604431152343750e+02
1.344616088867187500e+02 1.349952239990234375e+02 1.460164184570312500e+02
1.344619750976562500e+02 1.348886566162109375e+02 1.461924438476562500e+02
1.344549255371093750e+02 1.348037261962890625e+02 1.463818511962890625e+02
1.344385375976562500e+02 1.347397766113281250e+02 1.465779876708984375e+02
1.344113159179687500e+02 1.346960144042968750e+02 1.467742767333984375e+02
1.344013824462890625e+02 1.346609802246093750e+02 1.469691619873046875e+02
1.344289093017578125e+02 1.346214752197265625e+02 1.471631317138671875e+02
1.344835052490234375e+02 1.345724334716796875e+02 1.473534393310546875e+02
1.345545043945312500e+02 1.345088806152343750e+02 1.475373840332031250e+02
1.346312713623046875e+02 1.344258270263671875e+02 1.477122039794921875e+02
1.347031250000000000e+02 1.343182983398437500e+02 1.478751525878906250e+02
1.347597808837890625e+02 1.341815643310546875e+02 1.480234375000000000e+02
1.348138427734375000e+02 1.340262908935546875e+02 1.481504211425781250e+02
1.349143829345703125e+02 1.338876342773437500e+02 1.482433624267578125e+02
1.350730590820312500e+02 1.337897033691406250e+02 1.483156127929687500e+02
1.352356414794921875e+02 1.337198333740234375e+02 1.484089355468750000e+02
1.353982086181640625e+02 1.336675567626953125e+02 1.485183105468750000e+02
1.355592346191406250e+02 1.336227874755859375e+02 1.486367645263671875e+02
1.357171783447265625e+02 1.335754241943359375e+02 1.487573699951171875e+02
1.358704833984375000e+02 1.335154113769531250e+02 1.488731994628906250e+02
1.360176086425781250e+02 1.334326629638671875e+02 1.489772796630859375e+02
1.361578521728515625e+02 1.333210754394531250e+02 1.490650939941406250e+02
1.363068542480468750e+02 1.332055358886718750e+02 1.491500854492187500e+02
1.364693145751953125e+02 1.330950317382812500e+02 1.492380981445312500e+02
1.366340026855468750e+02 1.329954223632812500e+02 1.493346862792968750e+02
1.367896728515625000e+02 1.329126129150390625e+02 1.494454803466796875e+02
1.369250793457031250e+02 1.328524932861328125e+02 1.495760803222656250e+02
1.370289611816406250e+02 1.328209228515625000e+02 1.497320861816406250e+02
1.370948791503906250e+02 1.328198699951171875e+02 1.499160766601562500e+02
1.371428680419921875e+02 1.328294830322265625e+02 1.501138305664062500e+02
1.371997680664062500e+02 1.328246154785156250e+02 1.503069152832031250e+02
1.372722930908203125e+02 1.327996368408203125e+02 1.504905242919921875e+02
1.373566284179687500e+02 1.327590637207031250e+02 1.506669464111328125e+02
1.374488067626953125e+02 1.327075195312500000e+02 1.508385620117187500e+02
1.375449066162109375e+02 1.326496429443359375e+02 1.510077362060546875e+02
1.376410064697265625e+02 1.325900573730468750e+02 1.511768646240234375e+02
1.377331542968750000e+02 1.325334014892578125e+02 1.513483123779296875e+02
1.378178558349609375e+02 1.324837646484375000e+02 1.515241699218750000e+02
1.378945617675781250e+02 1.324413909912109375e+02 1.517046203613281250e+02
1.379641113281250000e+02 1.324048156738281250e+02 1.518889923095703125e+02
1.380273132324218750e+02 1.323725585937500000e+02 1.520765533447265625e+02
1.380849914550781250e+02 1.323431243896484375e+02 1.522666320800781250e+02
1.381379699707031250e+02 1.323150482177734375e+02 1.524585266113281250e+02
1.381870574951171875e+02 1.322868347167968750e+02 1.526515502929687500e+02
1.382330932617187500e+02 1.322570343017578125e+02 1.528450012207031250e+02
1.382786712646484375e+02 1.322235412597656250e+02 1.530375366210937500e+02
1.383416900634765625e+02 1.321791381835937500e+02 1.532222290039062500e+02
1.384053955078125000e+02 1.321282501220703125e+02 1.534044494628906250e+02
1.384380340576171875e+02 1.320821228027343750e+02 1.535954742431640625e+02
1.384458312988281250e+02 1.320422515869140625e+02 1.537938690185546875e+02
1.384387207031250000e+02 1.320091400146484375e+02 1.539969482421875000e+02
1.384265594482421875e+02 1.319833374023437500e+02 1.542020416259765625e+02
1.384192657470703125e+02 1.319653778076171875e+02 1.544064941406250000e+02
1.384267425537109375e+02 1.319557952880859375e+02 1.546076202392578125e+02
1.384588470458984375e+02 1.319550933837890625e+02 1.548027648925781250e+02
1.385244445800781250e+02 1.319636077880859375e+02 1.549895324707031250e+02
1.386075439453125000e+02 1.319763793945312500e+02 1.551723175048828125e+02
1.386846466064453125e+02 1.319875488281250000e+02 1.553574676513671875e+02
1.387555847167968750e+02 1.319970550537109375e+02 1.555448608398437500e+02
1.388218688964843750e+02 1.320052795410156250e+02 1.557339324951171875e+02
1.388850708007812500e+02 1.320126342773437500e+02 1.559240722656250000e+02
1.389467315673828125e+02 1.320194702148437500e+02 1.561147155761718750e+02
1.390083923339843750e+02 1.320262145996093750e+02 1.563052520751953125e+02
1.390716094970703125e+02 1.320332183837890625e+02 1.564951019287109375e+02
1.391379089355468750e+02 1.320408935546875000e+02 1.566836853027343750e+02
1.392088470458984375e+02 1.320496215820312500e+02 1.568704071044921875e+02
1.392859649658203125e+02 1.320597686767578125e+02 1.570546722412109375e+02
1.393704833984375000e+02 1.320715789794921875e+02 1.572360076904296875e+02
1.394622192382812500e+02 1.320845336914062500e+02 1.574143524169921875e+02
1.395605926513671875e+02 1.320979309082031250e+02 1.575897521972656250e+02
1.396650543212890625e+02 1.321110534667968750e+02 1.577622680664062500e+02
1.397750549316406250e+02 1.321232299804687500e+02 1.579319458007812500e+02
1.398900299072265625e+02 1.321337432861328125e+02 1.580988311767578125e+02
1.400094146728515625e+02 1.321419067382812500e+02 1.582630004882812500e+02
1.401326599121093750e+02 1.321470031738281250e+02 1.584244995117187500e+02
1.402592010498046875e+02 1.321483459472656250e+02 1.585833892822265625e+02
1.403884735107421875e+02 1.321452178955078125e+02 1.587397003173828125e+02
1.405199432373046875e+02 1.321369476318359375e+02 1.588934936523437500e+02
1.406530151367187500e+02 1.321228179931640625e+02 1.590448303222656250e+02
1.407871704101562500e+02 1.321021270751953125e+02 1.591937713623046875e+02
1.409218139648437500e+02 1.320741729736328125e+02 1.593403625488281250e+02
1.410564270019531250e+02 1.320382690429687500e+02 1.594846496582031250e+02
1.411904449462890625e+02 1.319940338134765625e+02 1.596267700195312500e+02
1.413284301757812500e+02 1.319589691162109375e+02 1.597667846679687500e+02
1.414788360595703125e+02 1.319679412841796875e+02 1.599025573730468750e+02
1.416320953369140625e+02 1.320131072998046875e+02 1.600372772216796875e+02
1.417775573730468750e+02 1.320839843750000000e+02 1.601745605468750000e+02
1.419045867919921875e+02 1.321700897216796875e+02 1.603179931640625000e+02
1.420025177001953125e+02 1.322609100341796875e+02 1.604711456298828125e+02
1.420614318847656250e+02 1.323463439941406250e+02 1.606373901367187500e+02
1.420832366943359375e+02 1.324223327636718750e+02 1.608165435791015625e+02
1.420793304443359375e+02 1.324896850585937500e+02 1.610054931640625000e+02
1.420613861083984375e+02 1.325493621826171875e+02 1.612010955810546875e+02
1.420410461425781250e+02 1.326023101806640625e+02 1.614001770019531250e+02
1.420300140380859375e+02 1.326494750976562500e+02 1.615995635986328125e+02
1.420390472412109375e+02 1.326917877197265625e+02 1.617963256835937500e+02
1.420683288574218750e+02 1.327298889160156250e+02 1.619901885986328125e+02
1.421111145019531250e+02 1.327641906738281250e+02 1.621825866699218750e+02
1.421605682373046875e+02 1.327951202392578125e+02 1.623750152587890625e+02
1.422098236083984375e+02 1.328231048583984375e+02 1.625689392089843750e+02
1.422531280517578125e+02 1.328483428955078125e+02 1.627654571533203125e+02
1.422887420654296875e+02 1.328701019287109375e+02 1.629642486572265625e+02
1.423159637451171875e+02 1.328874511718750000e+02 1.631646270751953125e+02
1.423340301513671875e+02 1.328994598388671875e+02 1.633658905029296875e+02
1.423422088623046875e+02 1.329051971435546875e+02 1.635673828125000000e+02
1.423397674560546875e+02 1.329037017822265625e+02 1.637684020996093750e+02
1.423259735107421875e+02 1.328940887451171875e+02 1.639682769775390625e+02
1.423000793457031250e+02 1.328753967285156250e+02 1.641663208007812500e+02
1.422630920410156250e+02 1.328501739501953125e+02 1.643623199462890625e+02
1.422195129394531250e+02 1.328278198242187500e+02 1.645569915771484375e+02
1.421742553710937500e+02 1.328186340332031250e+02 1.647511444091796875e+02
1.421309814453125000e+02 1.328299255371093750e+02 1.649454040527343750e+02
1.420876617431640625e+02 1.328555908203125000e+02 1.651394500732421875e+02
1.420406036376953125e+02 1.328855895996093750e+02 1.653327331542968750e+02
1.419861145019531250e+02 1.329099121093750000e+02 1.655246429443359375e+02
1.419205017089843750e+02 1.329185485839843750e+02 1.657146301269531250e+02
1.418416442871093750e+02 1.329027404785156250e+02 1.659018707275390625e+02
1.417559661865234375e+02 1.328606109619140625e+02 1.660843811035156250e+02
1.416728057861328125e+02 1.327926635742187500e+02 1.662598114013671875e+02
1.416015319824218750e+02 1.326994018554687500e+02 1.664257354736328125e+02
1.415514831542968750e+02 1.325813293457031250e+02 1.665798034667968750e+02
1.415236663818359375e+02 1.324441528320312500e+02 1.667231292724609375e+02
1.415015106201171875e+02 1.323056793212890625e+02 1.668934783935546875e+02
1.414947509765625000e+02 1.321863250732421875e+02 1.671192474365234375e+02
1.414949798583984375e+02 1.321351318359375000e+02 1.672345886230468750e+02
