1.264246063232421875e+02 1.319564361572265625e+02 1.113645477294921875e+02
1.265695877075195312e+02 1.318902130126953125e+02 1.114802551269531250e+02
1.266938705444335938e+02 1.317773590087890625e+02 1.115941848754882812e+02
1.268001327514648438e+02 1.316505889892578125e+02 1.117214508056640625e+02
1.268919677734375000e+02 1.315391845703125000e+02 1.118730850219726562e+02
1.269764480590820312e+02 1.314566650390625000e+02 1.120430603027343750e+02
1.270615844726562500e+02 1.314123382568359375e+02 1.122208023071289062e+02
1.271553192138671875e+02 1.314152679443359375e+02 1.123958206176757812e+02
1.272598419189453125e+02 1.314509582519531250e+02 1.125639801025390625e+02
1.273675613403320312e+02 1.314659118652343750e+02 1.127320632934570312e+02
1.274777374267578125e+02 1.314458770751953125e+02 1.128994445800781250e+02
1.275945129394531250e+02 1.314031524658203125e+02 1.130602874755859375e+02
1.277214508056640625e+02 1.313503723144531250e+02 1.132093811035156250e+02
1.278508148193359375e+02 1.312995605468750000e+02 1.133537216186523438e+02
1.279669342041015625e+02 1.312610626220703125e+02 1.135091705322265625e+02
1.280686492919921875e+02 1.312352447509765625e+02 1.136777954101562500e+02
1.281622619628906250e+02 1.312174987792968750e+02 1.138546142578125000e+02
1.282540740966796875e+02 1.312031707763671875e+02 1.140345840454101562e+02
1.283504486083984375e+02 1.311876220703125000e+02 1.142126541137695312e+02
1.284577026367187500e+02 1.311661987304687500e+02 1.143837738037109375e+02
1.285791320800781250e+02 1.311358642578125000e+02 1.145449600219726562e+02
1.287068634033203125e+02 1.310995178222656250e+02 1.147006912231445312e+02
1.288304901123046875e+02 1.310613555908203125e+02 1.148571624755859375e+02
1.289396362304687500e+02 1.310256042480468750e+02 1.150205612182617188e+02
1.290238647460937500e+02 1.309965057373046875e+02 1.151970825195312500e+02
1.290738983154296875e+02 1.309806671142578125e+02 1.153907470703125000e+02
1.290918273925781250e+02 1.309958953857421875e+02 1.155899429321289062e+02
1.290808563232421875e+02 1.309947662353515625e+02 1.157865600585937500e+02
1.290408782958984375e+02 1.309666442871093750e+02 1.159805755615234375e+02
1.289826202392578125e+02 1.309218139648437500e+02 1.161730651855468750e+02
1.289168548583984375e+02 1.308705444335937500e+02 1.163650817871093750e+02
1.288543243408203125e+02 1.308231201171875000e+02 1.165577087402343750e+02
1.288057708740234375e+02 1.307898101806640625e+02 1.167520141601562500e+02
1.287819366455078125e+02 1.307808990478515625e+02 1.169490737915039062e+02
1.287862091064453125e+02 1.308120880126953125e+02 1.171460952758789062e+02
1.287874145507812500e+02 1.309087677001953125e+02 1.173228836059570312e+02
1.288181152343750000e+02 1.310111694335937500e+02 1.174979019165039062e+02
1.288674926757812500e+02 1.311000213623046875e+02 1.176771316528320312e+02
1.289122467041015625e+02 1.311682586669921875e+02 1.178618698120117188e+02
1.289290466308593750e+02 1.312088623046875000e+02 1.180534133911132812e+02
1.289044342041015625e+02 1.312207794189453125e+02 1.182512893676757812e+02
1.288596343994140625e+02 1.312240447998046875e+02 1.184487838745117188e+02
1.288212127685546875e+02 1.312224273681640625e+02 1.186449279785156250e+02
1.288097534179687500e+02 1.312143859863281250e+02 1.188449554443359375e+02
1.288115844726562500e+02 1.312057952880859375e+02 1.190469818115234375e+02
1.288112640380859375e+02 1.312021484375000000e+02 1.192489089965820312e+02
1.287940826416015625e+02 1.312083282470703125e+02 1.194488143920898438e+02
1.287588348388671875e+02 1.312213439941406250e+02 1.196471633911132812e+02
1.287165374755859375e+02 1.312398986816406250e+02 1.198444290161132812e+02
1.286787261962890625e+02 1.312648773193359375e+02 1.200405883789062500e+02
1.286569213867187500e+02 1.312971496582031250e+02 1.202356185913085938e+02
1.286606140136718750e+02 1.313367919921875000e+02 1.204296340942382812e+02
1.286871337890625000e+02 1.313791503906250000e+02 1.206235427856445312e+02
1.287291259765625000e+02 1.314177398681640625e+02 1.208185806274414062e+02
1.287793121337890625e+02 1.314461669921875000e+02 1.210159072875976562e+02
1.288320312500000000e+02 1.314607086181640625e+02 1.212155075073242188e+02
1.288835449218750000e+02 1.314605255126953125e+02 1.214159622192382812e+02
1.289301452636718750e+02 1.314450225830078125e+02 1.216157760620117188e+02
1.289681701660156250e+02 1.314135742187500000e+02 1.218134613037109375e+02
1.289939422607421875e+02 1.313655548095703125e+02 1.220075302124023438e+02
1.290037841796875000e+02 1.313003387451171875e+02 1.221964797973632812e+02
1.289955596923828125e+02 1.312189941406250000e+02 1.223795166015625000e+02
1.289912109375000000e+02 1.311483917236328125e+02 1.225663604736328125e+02
1.290025634765625000e+02 1.310991668701171875e+02 1.227605361938476562e+02
1.290289001464843750e+02 1.310662536621093750e+02 1.229593887329101562e+02
1.290694732666015625e+02 1.310446166992187500e+02 1.231602249145507812e+02
1.291235809326171875e+02 1.310291595458984375e+02 1.233603897094726562e+02
1.291904754638671875e+02 1.310148468017578125e+02 1.235571899414062500e+02
1.292694091796875000e+02 1.309966125488281250e+02 1.237479629516601562e+02
1.293596801757812500e+02 1.309693756103515625e+02 1.239300308227539062e+02
1.294605407714843750e+02 1.309281005859375000e+02 1.241007156372070312e+02
1.295710296630859375e+02 1.308686676025390625e+02 1.242579650878906250e+02
1.296884460449218750e+02 1.307937927246093750e+02 1.244042434692382812e+02
1.298092803955078125e+02 1.307092285156250000e+02 1.245439910888671875e+02
1.299300689697265625e+02 1.306207275390625000e+02 1.246816558837890625e+02
1.300473480224609375e+02 1.305340881347656250e+02 1.248217086791992188e+02
1.301576080322265625e+02 1.304550476074218750e+02 1.249685897827148438e+02
1.302573852539062500e+02 1.303893585205078125e+02 1.251267547607421875e+02
1.303434600830078125e+02 1.303417816162109375e+02 1.253000106811523438e+02
1.304152374267578125e+02 1.303070526123046875e+02 1.254858322143554688e+02
1.304735107421875000e+02 1.302743835449218750e+02 1.256781616210937500e+02
1.305191650390625000e+02 1.302329101562500000e+02 1.258709106445312500e+02
1.305530242919921875e+02 1.301717681884765625e+02 1.260579986572265625e+02
1.305762634277343750e+02 1.300889892578125000e+02 1.262382049560546875e+02
1.305909118652343750e+02 1.300055389404296875e+02 1.264228820800781250e+02
1.305993499755859375e+02 1.299379730224609375e+02 1.266203613281250000e+02
1.306044311523437500e+02 1.298863983154296875e+02 1.268286895751953125e+02
1.306090393066406250e+02 1.298489379882812500e+02 1.270446777343750000e+02
1.306160888671875000e+02 1.298237457275390625e+02 1.272651367187500000e+02
1.306284790039062500e+02 1.298089294433593750e+02 1.274868850708007812e+02
1.306491394042968750e+02 1.298026123046875000e+02 1.277067184448242188e+02
1.306809539794921875e+02 1.298029479980468750e+02 1.279214630126953125e+02
1.307268218994140625e+02 1.298080291748046875e+02 1.281279296875000000e+02
1.307896575927734375e+02 1.298160095214843750e+02 1.283229064941406250e+02
1.308723754882812500e+02 1.298249969482421875e+02 1.285032348632812500e+02
1.309778594970703125e+02 1.298331298828125000e+02 1.286657104492187500e+02
1.311090240478515625e+02 1.298385467529296875e+02 1.288071441650390625e+02
1.312677459716796875e+02 1.298399810791015625e+02 1.289253387451171875e+02
1.314298400878906250e+02 1.298551635742187500e+02 1.290425567626953125e+02
1.315894012451171875e+02 1.298979797363281250e+02 1.291592407226562500e+02
1.317499542236328125e+02 1.299679107666015625e+02 1.292684631347656250e+02
1.319050140380859375e+02 1.300466156005859375e+02 1.293791503906250000e+02
1.320465698242187500e+02 1.301130676269531250e+02 1.295026397705078125e+02
1.321667022705078125e+02 1.301464691162109375e+02 1.296501770019531250e+02
1.322629089355468750e+02 1.301447906494140625e+02 1.298245391845703125e+02
1.323427276611328125e+02 1.301406707763671875e+02 1.300129547119140625e+02
1.324145202636718750e+02 1.301673126220703125e+02 1.302017059326171875e+02
1.324834442138671875e+02 1.302205505371093750e+02 1.303860778808593750e+02
1.325525970458984375e+02 1.302717895507812500e+02 1.305672454833984375e+02
1.326250000000000000e+02 1.302922515869140625e+02 1.307464294433593750e+02
1.327014160156250000e+02 1.302693786621093750e+02 1.309250183105468750e+02
1.327785644531250000e+02 1.302186431884765625e+02 1.311045989990234375e+02
1.328528289794921875e+02 1.301583709716796875e+02 1.312867584228515625e+02
1.329205780029296875e+02 1.301068572998046875e+02 1.314731292724609375e+02
1.329784698486328125e+02 1.300802612304687500e+02 1.316649780273437500e+02
1.330271606445312500e+02 1.300670471191406250e+02 1.318596496582031250e+02
1.330700683593750000e+02 1.300365295410156250e+02 1.320517120361328125e+02
1.331094055175781250e+02 1.299739074707031250e+02 1.322379608154296875e+02
1.331453552246093750e+02 1.298895111083984375e+02 1.324187011718750000e+02
1.331780242919921875e+02 1.297957153320312500e+02 1.325945892333984375e+02
1.332085418701171875e+02 1.297007446289062500e+02 1.327684478759765625e+02
1.332133331298828125e+02 1.296172943115234375e+02 1.329492340087890625e+02
1.331930999755859375e+02 1.295467529296875000e+02 1.331374511718750000e+02
1.331681213378906250e+02 1.294826049804687500e+02 1.333292388916015625e+02
1.331545104980468750e+02 1.294199523925781250e+02 1.335214843750000000e+02
1.331534729003906250e+02 1.293596496582031250e+02 1.337139129638671875e+02
1.331628875732421875e+02 1.293039093017578125e+02 1.339068603515625000e+02
1.331806030273437500e+02 1.292548828125000000e+02 1.341007080078125000e+02
1.332045135498046875e+02 1.292147369384765625e+02 1.342957611083984375e+02
1.332207489013671875e+02 1.291774139404296875e+02 1.344925994873046875e+02
1.332134704589843750e+02 1.291490631103515625e+02 1.346915740966796875e+02
1.332079467773437500e+02 1.291527404785156250e+02 1.348918304443359375e+02
1.332175140380859375e+02 1.291219329833984375e+02 1.350915832519531250e+02
1.332454376220703125e+02 1.290844726562500000e+02 1.352888183593750000e+02
1.332942810058593750e+02 1.290809326171875000e+02 1.354815979003906250e+02
1.333581848144531250e+02 1.291062927246093750e+02 1.356712188720703125e+02
1.334257965087890625e+02 1.291183624267578125e+02 1.358610382080078125e+02
1.334972839355468750e+02 1.291182403564453125e+02 1.360499572753906250e+02
1.335748596191406250e+02 1.291146392822265625e+02 1.362360992431640625e+02
1.336606903076171875e+02 1.291162414550781250e+02 1.364176330566406250e+02
1.337569732666015625e+02 1.291317596435546875e+02 1.365926818847656250e+02
1.338652038574218750e+02 1.291687927246093750e+02 1.367597961425781250e+02
1.339797668457031250e+02 1.292238311767578125e+02 1.369216918945312500e+02
1.340909271240234375e+02 1.292867736816406250e+02 1.370835113525390625e+02
1.341888122558593750e+02 1.293474578857421875e+02 1.372504425048828125e+02
1.342636260986328125e+02 1.293957214355468750e+02 1.374276885986328125e+02
1.343069152832031250e+02 1.294229736328125000e+02 1.376195678710937500e+02
1.343419036865234375e+02 1.294562072753906250e+02 1.378113403320312500e+02
1.343801422119140625e+02 1.295065917968750000e+02 1.379968261718750000e+02
1.344216918945312500e+02 1.295716857910156250e+02 1.381772003173828125e+02
1.344665679931640625e+02 1.296490478515625000e+02 1.383536529541015625e+02
1.345148468017578125e+02 1.297362365722656250e+02 1.385273284912109375e+02
1.345665588378906250e+02 1.298308105468750000e+02 1.386994323730468750e+02
1.346217651367187500e+02 1.299303283691406250e+02 1.388710937500000000e+02
1.346805114746093750e+02 1.300323333740234375e+02 1.390435180664062500e+02
1.347428436279296875e+02 1.301343994140625000e+02 1.392178649902343750e+02
1.348086395263671875e+02 1.302340393066406250e+02 1.393952789306640625e+02
1.348733673095703125e+02 1.303275146484375000e+02 1.395762634277343750e+02
1.349275360107421875e+02 1.304097137451171875e+02 1.397605895996093750e+02
1.349614410400390625e+02 1.304754791259765625e+02 1.399479675292968750e+02
1.349653778076171875e+02 1.305196075439453125e+02 1.401381530761718750e+02
1.349305419921875000e+02 1.305373382568359375e+02 1.403308868408203125e+02
1.348875122070312500e+02 1.305403594970703125e+02 1.405272979736328125e+02
1.348733825683593750e+02 1.305462036132812500e+02 1.407275543212890625e+02
1.348607025146484375e+02 1.305497741699218750e+02 1.409279937744140625e+02
1.348297729492187500e+02 1.305483856201171875e+02 1.411261749267578125e+02
1.347868804931640625e+02 1.305476989746093750e+02 1.413227081298828125e+02
1.347414398193359375e+02 1.305544738769531250e+02 1.415186004638671875e+02
1.347026519775390625e+02 1.305751953125000000e+02 1.417148284912109375e+02
1.346740570068359375e+02 1.306104125976562500e+02 1.419117736816406250e+02
1.346527404785156250e+02 1.306539154052734375e+02 1.421092224121093750e+02
1.346354827880859375e+02 1.306991119384765625e+02 1.423069152832031250e+02
1.346190185546875000e+02 1.307394256591796875e+02 1.425045623779296875e+02
1.346001129150390625e+02 1.307682800292968750e+02 1.427019348144531250e+02
1.345755310058593750e+02 1.307791137695312500e+02 1.428987274169921875e+02
1.345422363281250000e+02 1.307658081054687500e+02 1.430947418212890625e+02
1.345060272216796875e+02 1.307408142089843750e+02 1.432910919189453125e+02
1.344756164550781250e+02 1.307227935791015625e+02 1.434890594482421875e+02
1.344515228271484375e+02 1.307134552001953125e+02 1.436883850097656250e+02
1.344339904785156250e+02 1.307137145996093750e+02 1.438887481689453125e+02
1.344232330322265625e+02 1.307245178222656250e+02 1.440898132324218750e+02
1.344194335937500000e+02 1.307467956542968750e+02 1.442912597656250000e+02
1.344228210449218750e+02 1.307814941406250000e+02 1.444927520751953125e+02
1.344336242675781250e+02 1.308295135498046875e+02 1.446939544677734375e+02
1.344548492431640625e+02 1.308896026611328125e+02 1.448927459716796875e+02
1.344939727783203125e+02 1.309570159912109375e+02 1.450841217041015625e+02
1.345588531494140625e+02 1.310266418457031250e+02 1.452628326416015625e+02
1.346574096679687500e+02 1.310934143066406250e+02 1.454235839843750000e+02
1.347930603027343750e+02 1.311524353027343750e+02 1.455638275146484375e+02
1.349083862304687500e+02 1.312016906738281250e+02 1.457182159423828125e+02
1.349835815429687500e+02 1.312493286132812500e+02 1.459015502929687500e+02
1.350676727294921875e+02 1.312997131347656250e+02 1.460849761962890625e+02
1.351547546386718750e+02 1.313459472656250000e+02 1.462687835693359375e+02
1.352388763427734375e+02 1.313811645507812500e+02 1.464532470703125000e+02
1.353141021728515625e+02 1.313984527587890625e+02 1.466386566162109375e+02
1.353744506835937500e+02 1.313909454345703125e+02 1.468253021240234375e+02
1.354141693115234375e+02 1.313518676757812500e+02 1.470134277343750000e+02
1.354390869140625000e+02 1.312825469970703125e+02 1.472006530761718750e+02
1.354736785888671875e+02 1.311976470947265625e+02 1.473804626464843750e+02
1.355205078125000000e+02 1.311145324707031250e+02 1.475566711425781250e+02
1.355611572265625000e+02 1.310447845458984375e+02 1.477401123046875000e+02
1.355934448242187500e+02 1.309868774414062500e+02 1.479303131103515625e+02
1.356169433593750000e+02 1.309380340576171875e+02 1.481256103515625000e+02
1.356312103271484375e+02 1.308955078125000000e+02 1.483243255615234375e+02
1.356358337402343750e+02 1.308565063476562500e+02 1.485248107910156250e+02
1.356303405761718750e+02 1.308182830810546875e+02 1.487253875732421875e+02
1.356143341064453125e+02 1.307780609130859375e+02 1.489244079589843750e+02
1.355873718261718750e+02 1.307330780029296875e+02 1.491202087402343750e+02
1.355490264892578125e+02 1.306805572509765625e+02 1.493111114501953125e+02
1.354998474121093750e+02 1.306173706054687500e+02 1.494952392578125000e+02
1.354420928955078125e+02 1.305404357910156250e+02 1.496706848144531250e+02
1.353775177001953125e+02 1.304517517089843750e+02 1.498384857177734375e+02
1.353075408935546875e+02 1.303558807373046875e+02 1.500011291503906250e+02
1.352335815429687500e+02 1.302573242187500000e+02 1.501610717773437500e+02
1.351570587158203125e+02 1.301606597900390625e+02 1.503208312988281250e+02
1.350794067382812500e+02 1.300704040527343750e+02 1.504828643798828125e+02
1.350020141601562500e+02 1.299910888671875000e+02 1.506496582031250000e+02
1.349261779785156250e+02 1.299263153076171875e+02 1.508231353759765625e+02
1.348525085449218750e+02 1.298755798339843750e+02 1.510028076171875000e+02
1.347814788818359375e+02 1.298373107910156250e+02 1.511875610351562500e+02
1.347135772705078125e+02 1.298099365234375000e+02 1.513762512207031250e+02
1.346492462158203125e+02 1.297918701171875000e+02 1.515677795410156250e+02
1.345886383056640625e+02 1.297815093994140625e+02 1.517609100341796875e+02
1.345262451171875000e+02 1.297762908935546875e+02 1.519527435302734375e+02
1.344516754150390625e+02 1.297729034423828125e+02 1.521389160156250000e+02
1.343543701171875000e+02 1.297679748535156250e+02 1.523149719238281250e+02
1.342290496826171875e+02 1.297597045898437500e+02 1.524786071777343750e+02
1.340952606201171875e+02 1.297535552978515625e+02 1.526373748779296875e+02
1.339796752929687500e+02 1.297570953369140625e+02 1.528016204833984375e+02
1.339089813232421875e+02 1.297779083251953125e+02 1.529817199707031250e+02
1.338814239501953125e+02 1.298143768310546875e+02 1.531773529052734375e+02
1.338539123535156250e+02 1.298633422851562500e+02 1.533691711425781250e+02
1.338272857666015625e+02 1.299265747070312500e+02 1.535571594238281250e+02
1.338014984130859375e+02 1.299983520507812500e+02 1.537430114746093750e+02
1.337765502929687500e+02 1.300729827880859375e+02 1.539284820556640625e+02
1.337524108886718750e+02 1.301447601318359375e+02 1.541152801513671875e+02
1.337290344238281250e+02 1.302079467773437500e+02 1.543051147460937500e+02
1.337063903808593750e+02 1.302568511962890625e+02 1.544997406005859375e+02
1.336850738525390625e+02 1.302873382568359375e+02 1.547002258300781250e+02
1.336685028076171875e+02 1.303025817871093750e+02 1.549047698974609375e+02
1.336608886718750000e+02 1.303079071044921875e+02 1.551107330322265625e+02
1.336664886474609375e+02 1.303086395263671875e+02 1.553154449462890625e+02
1.336895294189453125e+02 1.303101043701171875e+02 1.555162658691406250e+02
1.337342681884765625e+02 1.303175964355468750e+02 1.557105407714843750e+02
1.338048095703125000e+02 1.303364410400390625e+02 1.558956451416015625e+02
1.338937835693359375e+02 1.303681945800781250e+02 1.560734405517578125e+02
1.339706268310546875e+02 1.304070587158203125e+02 1.562547454833984375e+02
1.340110778808593750e+02 1.304452972412109375e+02 1.564483489990234375e+02
1.340320281982421875e+02 1.304703979492187500e+02 1.566487884521484375e+02
1.340622100830078125e+02 1.304684600830078125e+02 1.568465270996093750e+02
1.341193237304687500e+02 1.304324188232421875e+02 1.570352935791015625e+02
1.341807250976562500e+02 1.303800659179687500e+02 1.572209472656250000e+02
1.342335815429687500e+02 1.303211517333984375e+02 1.574069519042968750e+02
1.342743988037109375e+02 1.302587738037109375e+02 1.575942077636718750e+02
1.342997436523437500e+02 1.301959686279296875e+02 1.577836151123046875e+02
1.343061523437500000e+02 1.301358032226562500e+02 1.579760742187500000e+02
1.343277740478515625e+02 1.300760803222656250e+02 1.581660461425781250e+02
1.343840179443359375e+02 1.300151824951171875e+02 1.583590698242187500e+02
1.344396057128906250e+02 1.299628448486328125e+02 1.585597076416015625e+02
1.344922943115234375e+02 1.299256134033203125e+02 1.587621002197265625e+02
1.345397796630859375e+02 1.299100341796875000e+02 1.589604644775390625e+02
1.345798034667968750e+02 1.299226074218750000e+02 1.591489410400390625e+02
1.346101226806640625e+02 1.299699096679687500e+02 1.593218688964843750e+02
1.346311645507812500e+02 1.300606536865234375e+02 1.594884490966796875e+02
1.346483459472656250e+02 1.302061309814453125e+02 1.596842498779296875e+02
1.346625518798828125e+02 1.303674621582031250e+02 1.598816070556640625e+02
1.346685485839843750e+02 1.304443359375000000e+02 1.599724731445312500e+02
