1.274996719360351562e+02 1.323599243164062500e+02 1.115087738037109375e+02
1.275267028808593750e+02 1.322451171875000000e+02 1.116165847778320312e+02
1.276104507446289062e+02 1.320551910400390625e+02 1.117723236083984375e+02
1.277395324707031250e+02 1.319158630371093750e+02 1.118585586547851562e+02
1.278834533691406250e+02 1.318205718994140625e+02 1.119251327514648438e+02
1.280140533447265625e+02 1.317554016113281250e+02 1.120250244140625000e+02
1.281254577636718750e+02 1.317108306884765625e+02 1.121660079956054688e+02
1.282205200195312500e+02 1.316791534423828125e+02 1.123382339477539062e+02
1.283020477294921875e+02 1.316525878906250000e+02 1.125318145751953125e+02
1.283729095458984375e+02 1.316234283447265625e+02 1.127368850708007812e+02
1.284359130859375000e+02 1.315839233398437500e+02 1.129435501098632812e+02
1.284939270019531250e+02 1.315263214111328125e+02 1.131419296264648438e+02
1.285496215820312500e+02 1.314436340332031250e+02 1.133227462768554688e+02
1.286022491455078125e+02 1.313446197509765625e+02 1.134897994995117188e+02
1.286477050781250000e+02 1.312532653808593750e+02 1.136595001220703125e+02
1.286828155517578125e+02 1.311900024414062500e+02 1.138454437255859375e+02
1.287105865478515625e+02 1.311491699218750000e+02 1.140404663085937500e+02
1.287342071533203125e+02 1.311213378906250000e+02 1.142365417480468750e+02
1.287543334960937500e+02 1.311039123535156250e+02 1.144334259033203125e+02
1.287714843750000000e+02 1.310946807861328125e+02 1.146312484741210938e+02
1.287862091064453125e+02 1.310914306640625000e+02 1.148301391601562500e+02
1.287990722656250000e+02 1.310919036865234375e+02 1.150302200317382812e+02
1.288105926513671875e+02 1.310938720703125000e+02 1.152316207885742188e+02
1.288213043212890625e+02 1.310951385498046875e+02 1.154344787597656250e+02
1.288317718505859375e+02 1.310934295654296875e+02 1.156389160156250000e+02
1.288419799804687500e+02 1.310882110595703125e+02 1.158446884155273438e+02
1.288499603271484375e+02 1.310849761962890625e+02 1.160502014160156250e+02
1.288532867431640625e+02 1.310906219482421875e+02 1.162535552978515625e+02
1.288495330810546875e+02 1.311119995117187500e+02 1.164528503417968750e+02
1.288362731933593750e+02 1.311560211181640625e+02 1.166461868286132812e+02
1.288111267089843750e+02 1.312295227050781250e+02 1.168316650390625000e+02
1.287799682617187500e+02 1.313239135742187500e+02 1.170112915039062500e+02
1.287705078125000000e+02 1.313899688720703125e+02 1.171973114013671875e+02
1.288053283691406250e+02 1.314112396240234375e+02 1.173946685791015625e+02
1.288682403564453125e+02 1.314523315429687500e+02 1.175885314941406250e+02
1.289352569580078125e+02 1.315090332031250000e+02 1.177784194946289062e+02
1.289826354980468750e+02 1.315721435546875000e+02 1.179649047851562500e+02
1.289866638183593750e+02 1.316325073242187500e+02 1.181485977172851562e+02
1.289304504394531250e+02 1.316818695068359375e+02 1.183304901123046875e+02
1.288541107177734375e+02 1.317199249267578125e+02 1.185149536132812500e+02
1.287943420410156250e+02 1.317494049072265625e+02 1.187048492431640625e+02
1.287516784667968750e+02 1.317720336914062500e+02 1.188994445800781250e+02
1.287247314453125000e+02 1.317894439697265625e+02 1.190978164672851562e+02
1.287120971679687500e+02 1.318032836914062500e+02 1.192990341186523438e+02
1.287124023437500000e+02 1.318152008056640625e+02 1.195021743774414062e+02
1.287242584228515625e+02 1.318268585205078125e+02 1.197063064575195312e+02
1.287462615966796875e+02 1.318398895263671875e+02 1.199105072021484375e+02
1.287770233154296875e+02 1.318559417724609375e+02 1.201138534545898438e+02
1.288151397705078125e+02 1.318765869140625000e+02 1.203154373168945312e+02
1.288588256835937500e+02 1.319019317626953125e+02 1.205149688720703125e+02
1.289058990478515625e+02 1.319304199218750000e+02 1.207127990722656250e+02
1.289541320800781250e+02 1.319604492187500000e+02 1.209093322753906250e+02
1.290013427734375000e+02 1.319904174804687500e+02 1.211049346923828125e+02
1.290452880859375000e+02 1.320187225341796875e+02 1.213000106811523438e+02
1.290837860107421875e+02 1.320437469482421875e+02 1.214949264526367188e+02
1.291146240234375000e+02 1.320639038085937500e+02 1.216900863647460938e+02
1.291355743408203125e+02 1.320775756835937500e+02 1.218858718872070312e+02
1.291444549560546875e+02 1.320831451416015625e+02 1.220826721191406250e+02
1.291390533447265625e+02 1.320790252685546875e+02 1.222808685302734375e+02
1.291266479492187500e+02 1.320598907470703125e+02 1.224792633056640625e+02
1.291379241943359375e+02 1.320166625976562500e+02 1.226734390258789062e+02
1.291660766601562500e+02 1.319636688232421875e+02 1.228662719726562500e+02
1.291994781494140625e+02 1.319176330566406250e+02 1.230614852905273438e+02
1.292321472167968750e+02 1.318856048583984375e+02 1.232603378295898438e+02
1.292648010253906250e+02 1.318632049560546875e+02 1.234611740112304688e+02
1.292985382080078125e+02 1.318453674316406250e+02 1.236621856689453125e+02
1.293344573974609375e+02 1.318270874023437500e+02 1.238615417480468750e+02
1.293736877441406250e+02 1.318032836914062500e+02 1.240574340820312500e+02
1.294173126220703125e+02 1.317689208984375000e+02 1.242480239868164062e+02
1.294664611816406250e+02 1.317189636230468750e+02 1.244314956665039062e+02
1.295222167968750000e+02 1.316483612060546875e+02 1.246060409545898438e+02
1.295855712890625000e+02 1.315552520751953125e+02 1.247707901000976562e+02
1.296570892333984375e+02 1.314478759765625000e+02 1.249279251098632812e+02
1.297372283935546875e+02 1.313363647460937500e+02 1.250802001953125000e+02
1.298264923095703125e+02 1.312308502197265625e+02 1.252303771972656250e+02
1.299253540039062500e+02 1.311415252685546875e+02 1.253812103271484375e+02
1.300342864990234375e+02 1.310785064697265625e+02 1.255354690551757812e+02
1.301579589843750000e+02 1.310392608642578125e+02 1.256882629394531250e+02
1.303018798828125000e+02 1.309958953857421875e+02 1.258247604370117188e+02
1.304546508789062500e+02 1.309486541748046875e+02 1.259525299072265625e+02
1.306039886474609375e+02 1.308996734619140625e+02 1.260803833007812500e+02
1.307376708984375000e+02 1.308510589599609375e+02 1.262171325683593750e+02
1.308437652587890625e+02 1.308048553466796875e+02 1.263713912963867188e+02
1.309191284179687500e+02 1.307620544433593750e+02 1.265457000732421875e+02
1.309704895019531250e+02 1.307223205566406250e+02 1.267358551025390625e+02
1.310050354003906250e+02 1.306853332519531250e+02 1.269373016357421875e+02
1.310299987792968750e+02 1.306507263183593750e+02 1.271454925537109375e+02
1.310525512695312500e+02 1.306181335449218750e+02 1.273558654785156250e+02
1.310799255371093750e+02 1.305871887207031250e+02 1.275638809204101562e+02
1.311193389892578125e+02 1.305575714111328125e+02 1.277649841308593750e+02
1.311779785156250000e+02 1.305288848876953125e+02 1.279546127319335938e+02
1.312630615234375000e+02 1.305008087158203125e+02 1.281282196044921875e+02
1.313818054199218750e+02 1.304729461669921875e+02 1.282812500000000000e+02
1.315372619628906250e+02 1.304450836181640625e+02 1.284115447998046875e+02
1.317126922607421875e+02 1.304174652099609375e+02 1.285283813476562500e+02
1.318854064941406250e+02 1.303905029296875000e+02 1.286444854736328125e+02
1.320327301025390625e+02 1.303646240234375000e+02 1.287725372314453125e+02
1.321319885253906250e+02 1.303402404785156250e+02 1.289252624511718750e+02
1.321723480224609375e+02 1.303177185058593750e+02 1.291092071533203125e+02
1.321765594482421875e+02 1.302973480224609375e+02 1.293135528564453125e+02
1.321732788085937500e+02 1.302794036865234375e+02 1.295243530273437500e+02
1.321866455078125000e+02 1.302638397216796875e+02 1.297298278808593750e+02
1.322189025878906250e+02 1.302490692138671875e+02 1.299284973144531250e+02
1.322655181884765625e+02 1.302330169677734375e+02 1.301220092773437500e+02
1.323219757080078125e+02 1.302136383056640625e+02 1.303120574951171875e+02
1.323837738037109375e+02 1.301888732910156250e+02 1.305003051757812500e+02
1.324468231201171875e+02 1.301565856933593750e+02 1.306880798339843750e+02
1.325107116699218750e+02 1.301139526367187500e+02 1.308739318847656250e+02
1.325766906738281250e+02 1.300578613281250000e+02 1.310550842285156250e+02
1.326460876464843750e+02 1.299851989746093750e+02 1.312287750244140625e+02
1.327180023193359375e+02 1.298961639404296875e+02 1.313945617675781250e+02
1.327877502441406250e+02 1.297969818115234375e+02 1.315563049316406250e+02
1.328501586914062500e+02 1.296944580078125000e+02 1.317183227539062500e+02
1.329000854492187500e+02 1.295954742431640625e+02 1.318848876953125000e+02
1.329324340820312500e+02 1.295068054199218750e+02 1.320603027343750000e+02
1.329509887695312500e+02 1.294314575195312500e+02 1.322451782226562500e+02
1.329806823730468750e+02 1.293632202148437500e+02 1.324313659667968750e+02
1.330375366210937500e+02 1.292978668212890625e+02 1.326131134033203125e+02
1.331082611083984375e+02 1.292392272949218750e+02 1.327936401367187500e+02
1.331751861572265625e+02 1.291923675537109375e+02 1.329774932861328125e+02
1.332206420898437500e+02 1.291623229980468750e+02 1.331692199707031250e+02
1.332277526855468750e+02 1.291418762207031250e+02 1.333683471679687500e+02
1.332139587402343750e+02 1.291062011718750000e+02 1.335647888183593750e+02
1.332222137451171875e+02 1.290759582519531250e+02 1.337627716064453125e+02
1.332383270263671875e+02 1.290537261962890625e+02 1.339614105224609375e+02
1.332634582519531250e+02 1.290408172607421875e+02 1.341605224609375000e+02
1.332961273193359375e+02 1.290369415283203125e+02 1.343596038818359375e+02
1.333348693847656250e+02 1.290418701171875000e+02 1.345581817626953125e+02
1.333781890869140625e+02 1.290553131103515625e+02 1.347557830810546875e+02
1.334246215820312500e+02 1.290770263671875000e+02 1.349519500732421875e+02
1.334726867675781250e+02 1.291067504882812500e+02 1.351461791992187500e+02
1.335209350585937500e+02 1.291441192626953125e+02 1.353380279541015625e+02
1.335691070556640625e+02 1.291812133789062500e+02 1.355288848876953125e+02
1.336188659667968750e+02 1.291990356445312500e+02 1.357228088378906250e+02
1.336703948974609375e+02 1.291948547363281250e+02 1.359204406738281250e+02
1.337223510742187500e+02 1.291826019287109375e+02 1.361188201904296875e+02
1.337733001708984375e+02 1.291768951416015625e+02 1.363148803710937500e+02
1.338218536376953125e+02 1.291923522949218750e+02 1.365055084228515625e+02
1.338665771484375000e+02 1.292434234619140625e+02 1.366876831054687500e+02
1.339046478271484375e+02 1.293317413330078125e+02 1.368618927001953125e+02
1.339307556152343750e+02 1.294355010986328125e+02 1.370350952148437500e+02
1.339408416748046875e+02 1.295328674316406250e+02 1.372139587402343750e+02
1.339412536621093750e+02 1.296189270019531250e+02 1.373981781005859375e+02
1.339427032470703125e+02 1.296957855224609375e+02 1.375846099853515625e+02
1.339558715820312500e+02 1.297655487060546875e+02 1.377700805664062500e+02
1.339913635253906250e+02 1.298303375244140625e+02 1.379514770507812500e+02
1.340531616210937500e+02 1.298915405273437500e+02 1.381276550292968750e+02
1.341340484619140625e+02 1.299493255615234375e+02 1.383008270263671875e+02
1.342257843017578125e+02 1.300037536621093750e+02 1.384735565185546875e+02
1.343201141357421875e+02 1.300549163818359375e+02 1.386483459472656250e+02
1.344087829589843750e+02 1.301036071777343750e+02 1.388272705078125000e+02
1.344832916259765625e+02 1.301576843261718750e+02 1.390077972412109375e+02
1.345350341796875000e+02 1.302287445068359375e+02 1.391849670410156250e+02
1.345570373535156250e+02 1.303257904052734375e+02 1.393547973632812500e+02
1.345534820556640625e+02 1.304402160644531250e+02 1.395200500488281250e+02
1.345330963134765625e+02 1.305561523437500000e+02 1.396862792968750000e+02
1.345045623779296875e+02 1.306578369140625000e+02 1.398589782714843750e+02
1.344729614257812500e+02 1.307369079589843750e+02 1.400406646728515625e+02
1.344373779296875000e+02 1.307972412109375000e+02 1.402289733886718750e+02
1.343963317871093750e+02 1.308438720703125000e+02 1.404210205078125000e+02
1.343483581542968750e+02 1.308818206787109375e+02 1.406139526367187500e+02
1.342919921875000000e+02 1.309161071777343750e+02 1.408049316406250000e+02
1.342264099121093750e+02 1.309512329101562500e+02 1.409915008544921875e+02
1.341602630615234375e+02 1.309839324951171875e+02 1.411775054931640625e+02
1.341031951904296875e+02 1.310091857910156250e+02 1.413678588867187500e+02
1.340556640625000000e+02 1.310281372070312500e+02 1.415621337890625000e+02
1.340173339843750000e+02 1.310423583984375000e+02 1.417595062255859375e+02
1.339879302978515625e+02 1.310535125732421875e+02 1.419590606689453125e+02
1.339671325683593750e+02 1.310631713867187500e+02 1.421599731445312500e+02
1.339546203613281250e+02 1.310729827880859375e+02 1.423613586425781250e+02
1.339501037597656250e+02 1.310845489501953125e+02 1.425623626708984375e+02
1.339507446289062500e+02 1.310976257324218750e+02 1.427624053955078125e+02
1.339382781982421875e+02 1.310999603271484375e+02 1.429628601074218750e+02
1.339232788085937500e+02 1.310954437255859375e+02 1.431620025634765625e+02
1.339283294677734375e+02 1.310958404541015625e+02 1.433569335937500000e+02
1.339555358886718750e+02 1.311028594970703125e+02 1.435476074218750000e+02
1.340022125244140625e+02 1.311158905029296875e+02 1.437346038818359375e+02
1.340657196044921875e+02 1.311342773437500000e+02 1.439185333251953125e+02
1.341433868408203125e+02 1.311574249267578125e+02 1.441000061035156250e+02
1.342325592041015625e+02 1.311847076416015625e+02 1.442796020507812500e+02
1.343305664062500000e+02 1.312154998779296875e+02 1.444579315185546875e+02
1.344347534179687500e+02 1.312491607666015625e+02 1.446356048583984375e+02
1.345424346923828125e+02 1.312850799560546875e+02 1.448132019042968750e+02
1.346509857177734375e+02 1.313226318359375000e+02 1.449913177490234375e+02
1.347577362060546875e+02 1.313611907958984375e+02 1.451705780029296875e+02
1.348600006103515625e+02 1.314001312255859375e+02 1.453515472412109375e+02
1.349552612304687500e+02 1.314386291503906250e+02 1.455347900390625000e+02
1.350431671142578125e+02 1.314721679687500000e+02 1.457196960449218750e+02
1.351252899169921875e+02 1.314930114746093750e+02 1.459046325683593750e+02
1.352032318115234375e+02 1.314933624267578125e+02 1.460879974365234375e+02
1.352785949707031250e+02 1.314653930664062500e+02 1.462681427001953125e+02
1.353513031005859375e+02 1.314035186767578125e+02 1.464441986083984375e+02
1.353943176269531250e+02 1.313365783691406250e+02 1.466273345947265625e+02
1.354054412841796875e+02 1.312827606201171875e+02 1.468200836181640625e+02
1.354245758056640625e+02 1.312118988037109375e+02 1.470069122314453125e+02
1.354485931396484375e+02 1.311310882568359375e+02 1.471902313232421875e+02
1.354730682373046875e+02 1.310504150390625000e+02 1.473733215332031250e+02
1.354935760498046875e+02 1.309798889160156250e+02 1.475594177246093750e+02
1.355057067871093750e+02 1.309295654296875000e+02 1.477518005371093750e+02
1.355066375732421875e+02 1.309034271240234375e+02 1.479516601562500000e+02
1.354970855712890625e+02 1.308918457031250000e+02 1.481556854248046875e+02
1.354783172607421875e+02 1.308833007812500000e+02 1.483598785400390625e+02
1.354515380859375000e+02 1.308663024902343750e+02 1.485602722167968750e+02
1.354179840087890625e+02 1.308293762207031250e+02 1.487528991699218750e+02
1.353788909912109375e+02 1.307610168457031250e+02 1.489338073730468750e+02
1.353363800048828125e+02 1.306638641357421875e+02 1.491040802001953125e+02
1.352941589355468750e+02 1.305648498535156250e+02 1.492741851806640625e+02
1.352523956298828125e+02 1.304594573974609375e+02 1.494435882568359375e+02
1.352096405029296875e+02 1.303498992919921875e+02 1.496122589111328125e+02
1.351644439697265625e+02 1.302395172119140625e+02 1.497803955078125000e+02
1.351153717041015625e+02 1.301316833496093750e+02 1.499482727050781250e+02
1.350609893798828125e+02 1.300297088623046875e+02 1.501161193847656250e+02
1.349998168945312500e+02 1.299369659423828125e+02 1.502841796875000000e+02
1.349304504394531250e+02 1.298567962646484375e+02 1.504526672363281250e+02
1.348514251708984375e+02 1.297925262451171875e+02 1.506218414306640625e+02
1.347613067626953125e+02 1.297475280761718750e+02 1.507919311523437500e+02
1.346604309082031250e+02 1.297243804931640625e+02 1.509632720947265625e+02
1.345586395263671875e+02 1.297218170166015625e+02 1.511366577148437500e+02
1.344672698974609375e+02 1.297370147705078125e+02 1.513128204345703125e+02
1.343861236572265625e+02 1.297657318115234375e+02 1.514913787841796875e+02
1.343101348876953125e+02 1.298031463623046875e+02 1.516713867187500000e+02
1.342341613769531250e+02 1.298444213867187500e+02 1.518519287109375000e+02
1.341531372070312500e+02 1.298846893310546875e+02 1.520320434570312500e+02
1.340619201660156250e+02 1.299191284179687500e+02 1.522108306884765625e+02
1.339560699462890625e+02 1.299432220458984375e+02 1.523874816894531250e+02
1.338410034179687500e+02 1.299572753906250000e+02 1.525627899169921875e+02
1.337296752929687500e+02 1.299653167724609375e+02 1.527388458251953125e+02
1.336352233886718750e+02 1.299714202880859375e+02 1.529177551269531250e+02
1.335707702636718750e+02 1.299797058105468750e+02 1.531016540527343750e+02
1.335494079589843750e+02 1.299942474365234375e+02 1.532926177978515625e+02
1.335703735351562500e+02 1.300101318359375000e+02 1.534909362792968750e+02
1.336028137207031250e+02 1.300036163330078125e+02 1.536923980712890625e+02
1.336497955322265625e+02 1.299879760742187500e+02 1.538868408203125000e+02
1.337389984130859375e+02 1.300047912597656250e+02 1.540643157958984375e+02
1.338226165771484375e+02 1.300243377685546875e+02 1.542449188232421875e+02
1.338933258056640625e+02 1.300400848388671875e+02 1.544314727783203125e+02
1.339541168212890625e+02 1.300533752441406250e+02 1.546225128173828125e+02
1.340079498291015625e+02 1.300655212402343750e+02 1.548166198730468750e+02
1.340578613281250000e+02 1.300778656005859375e+02 1.550123748779296875e+02
1.341068115234375000e+02 1.300917510986328125e+02 1.552083435058593750e+02
1.341578063964843750e+02 1.301085205078125000e+02 1.554030761718750000e+02
1.342138214111328125e+02 1.301294860839843750e+02 1.555951690673828125e+02
1.342778778076171875e+02 1.301560211181640625e+02 1.557831726074218750e+02
1.343529357910156250e+02 1.301894226074218750e+02 1.559656524658203125e+02
1.344420318603515625e+02 1.302309875488281250e+02 1.561411743164062500e+02
1.345509796142578125e+02 1.302661743164062500e+02 1.563056335449218750e+02
1.346852874755859375e+02 1.302608184814453125e+02 1.564536285400390625e+02
1.348233337402343750e+02 1.302442016601562500e+02 1.565992431640625000e+02
1.349616241455078125e+02 1.302054443359375000e+02 1.567431793212890625e+02
1.350900726318359375e+02 1.301615447998046875e+02 1.568872070312500000e+02
1.351989440917968750e+02 1.301316223144531250e+02 1.570342559814453125e+02
1.352906951904296875e+02 1.301159973144531250e+02 1.571869659423828125e+02
1.353713989257812500e+02 1.301093292236328125e+02 1.573479156494140625e+02
1.354471282958984375e+02 1.301063232421875000e+02 1.575196838378906250e+02
1.355239715576171875e+02 1.301016540527343750e+02 1.577048492431640625e+02
1.356079711914062500e+02 1.300899810791015625e+02 1.579059906005859375e+02
1.357052154541015625e+02 1.300660095214843750e+02 1.581256713867187500e+02
1.358201599121093750e+02 1.300255126953125000e+02 1.583643035888671875e+02
1.359421844482421875e+02 1.299743194580078125e+02 1.586024780273437500e+02
1.360525970458984375e+02 1.299237365722656250e+02 1.588100280761718750e+02
1.361326141357421875e+02 1.298850708007812500e+02 1.589567413330078125e+02
1.361634521484375000e+02 1.298696594238281250e+02 1.590123596191406250e+02
