1.258729171752929688e+02 1.318170776367187500e+02 1.070164031982421875e+02
1.259939498901367188e+02 1.318088226318359375e+02 1.070299682617187500e+02
1.262515869140625000e+02 1.317984313964843750e+02 1.070741500854492188e+02
1.265006179809570312e+02 1.318053283691406250e+02 1.071533584594726562e+02
1.266993408203125000e+02 1.318317718505859375e+02 1.072652740478515625e+02
1.268556137084960938e+02 1.318717956542968750e+02 1.074043655395507812e+02
1.269776306152343750e+02 1.319194335937500000e+02 1.075650863647460938e+02
1.270735549926757812e+02 1.319686584472656250e+02 1.077418746948242188e+02
1.271515808105468750e+02 1.320134735107421875e+02 1.079291839599609375e+02
1.272198791503906250e+02 1.320478668212890625e+02 1.081214675903320312e+02
1.272866210937500000e+02 1.320658569335937500e+02 1.083131637573242188e+02
1.273600006103515625e+02 1.320614318847656250e+02 1.084987335205078125e+02
1.274481811523437500e+02 1.320285797119140625e+02 1.086726226806640625e+02
1.275565490722656250e+02 1.319652709960937500e+02 1.088309173583984375e+02
1.276571578979492188e+02 1.319162902832031250e+02 1.089892196655273438e+02
1.277233505249023438e+02 1.319216766357421875e+02 1.091634445190429688e+02
1.277630691528320312e+02 1.319683380126953125e+02 1.093507919311523438e+02
1.277870864868164062e+02 1.320387878417968750e+02 1.095469436645507812e+02
1.278061981201171875e+02 1.321155548095703125e+02 1.097475814819335938e+02
1.278311767578125000e+02 1.321811981201171875e+02 1.099483642578125000e+02
1.278728103637695312e+02 1.322182312011718750e+02 1.101449813842773438e+02
1.279277725219726562e+02 1.322199859619140625e+02 1.103374862670898438e+02
1.279601135253906250e+02 1.322085266113281250e+02 1.105362243652343750e+02
1.279713058471679688e+02 1.321894378662109375e+02 1.107402420043945312e+02
1.279724121093750000e+02 1.321634063720703125e+02 1.109456787109375000e+02
1.279745025634765625e+02 1.321310882568359375e+02 1.111486816406250000e+02
1.279886474609375000e+02 1.320932006835937500e+02 1.113453826904296875e+02
1.280258941650390625e+02 1.320504150390625000e+02 1.115319366455078125e+02
1.280970306396484375e+02 1.320034179687500000e+02 1.117045822143554688e+02
1.282012786865234375e+02 1.319532928466796875e+02 1.118642730712890625e+02
1.283229370117187500e+02 1.319015502929687500e+02 1.120179748535156250e+02
1.284452972412109375e+02 1.318497619628906250e+02 1.121730651855468750e+02
1.285516815185546875e+02 1.317995147705078125e+02 1.123369293212890625e+02
1.286300964355468750e+02 1.317532196044921875e+02 1.125150527954101562e+02
1.287064361572265625e+02 1.317183074951171875e+02 1.126971054077148438e+02
1.288013305664062500e+02 1.316822814941406250e+02 1.128690338134765625e+02
1.289118041992187500e+02 1.316367187500000000e+02 1.130296936035156250e+02
1.290277862548828125e+02 1.315876312255859375e+02 1.131863250732421875e+02
1.291376953125000000e+02 1.315420684814453125e+02 1.133471450805664062e+02
1.292236175537109375e+02 1.315082702636718750e+02 1.135227890014648438e+02
1.292862243652343750e+02 1.314833221435546875e+02 1.137116470336914062e+02
1.293300476074218750e+02 1.314622192382812500e+02 1.139097518920898438e+02
1.293596343994140625e+02 1.314399719238281250e+02 1.141131439208984375e+02
1.293795623779296875e+02 1.314116210937500000e+02 1.143178482055664062e+02
1.293943328857421875e+02 1.313721618652343750e+02 1.145199050903320312e+02
1.294085388183593750e+02 1.313166351318359375e+02 1.147153549194335938e+02
1.294266815185546875e+02 1.312400360107421875e+02 1.149002227783203125e+02
1.294442749023437500e+02 1.311675262451171875e+02 1.150850524902343750e+02
1.294377899169921875e+02 1.311350708007812500e+02 1.152854385375976562e+02
1.294192962646484375e+02 1.311179656982421875e+02 1.154850387573242188e+02
1.293903961181640625e+02 1.311076660156250000e+02 1.156820373535156250e+02
1.293493499755859375e+02 1.311001586914062500e+02 1.158786697387695312e+02
1.292958984375000000e+02 1.310926208496093750e+02 1.160766143798828125e+02
1.292350311279296875e+02 1.310867767333984375e+02 1.162755279541015625e+02
1.291730346679687500e+02 1.310853576660156250e+02 1.164745712280273438e+02
1.291161956787109375e+02 1.310911407470703125e+02 1.166729278564453125e+02
1.290707855224609375e+02 1.311068878173828125e+02 1.168697586059570312e+02
1.290430908203125000e+02 1.311353607177734375e+02 1.170642547607421875e+02
1.290393981933593750e+02 1.311793060302734375e+02 1.172555694580078125e+02
1.290568542480468750e+02 1.312399597167968750e+02 1.174436264038085938e+02
1.290613098144531250e+02 1.313078918457031250e+02 1.176302947998046875e+02
1.290809936523437500e+02 1.313739776611328125e+02 1.178179626464843750e+02
1.290740203857421875e+02 1.314265594482421875e+02 1.180120391845703125e+02
1.290608215332031250e+02 1.314669189453125000e+02 1.182098541259765625e+02
1.290618133544921875e+02 1.314963378906250000e+02 1.184087371826171875e+02
1.290825042724609375e+02 1.315211639404296875e+02 1.186063461303710938e+02
1.290962219238281250e+02 1.315570831298828125e+02 1.188015670776367188e+02
1.290994262695312500e+02 1.316048583984375000e+02 1.189948272705078125e+02
1.290964660644531250e+02 1.316606903076171875e+02 1.191869506835937500e+02
1.290917053222656250e+02 1.317207183837890625e+02 1.193787536621093750e+02
1.290894775390625000e+02 1.317811279296875000e+02 1.195710525512695312e+02
1.290941619873046875e+02 1.318381042480468750e+02 1.197646636962890625e+02
1.291098937988281250e+02 1.318877716064453125e+02 1.199601898193359375e+02
1.291390075683593750e+02 1.319258117675781250e+02 1.201563034057617188e+02
1.291829223632812500e+02 1.319477081298828125e+02 1.203506469726562500e+02
1.292427978515625000e+02 1.319492340087890625e+02 1.205409774780273438e+02
1.293141479492187500e+02 1.319351348876953125e+02 1.207277069091796875e+02
1.293862304687500000e+02 1.319197540283203125e+02 1.209142150878906250e+02
1.294435729980468750e+02 1.319197082519531250e+02 1.211067810058593750e+02
1.294833679199218750e+02 1.319353179931640625e+02 1.213063278198242188e+02
1.295089111328125000e+02 1.319608306884765625e+02 1.215107727050781250e+02
1.295235290527343750e+02 1.319904785156250000e+02 1.217180404663085938e+02
1.295305328369140625e+02 1.320184631347656250e+02 1.219260635375976562e+02
1.295332336425781250e+02 1.320390472412109375e+02 1.221327667236328125e+02
1.295349426269531250e+02 1.320464477539062500e+02 1.223360748291015625e+02
1.295389556884765625e+02 1.320348815917968750e+02 1.225339202880859375e+02
1.295486145019531250e+02 1.319985961914062500e+02 1.227242202758789062e+02
1.295671997070312500e+02 1.319318389892578125e+02 1.229049072265625000e+02
1.295965728759765625e+02 1.318346557617187500e+02 1.230753784179687500e+02
1.296352691650390625e+02 1.317201843261718750e+02 1.232383422851562500e+02
1.296814880371093750e+02 1.316030273437500000e+02 1.233968811035156250e+02
1.297353363037109375e+02 1.314894866943359375e+02 1.235525741577148438e+02
1.297988433837890625e+02 1.313773803710937500e+02 1.237054672241210938e+02
1.298733367919921875e+02 1.312649993896484375e+02 1.238557891845703125e+02
1.299561614990234375e+02 1.311544189453125000e+02 1.240050888061523438e+02
1.300435485839843750e+02 1.310488281250000000e+02 1.241552658081054688e+02
1.301317291259765625e+02 1.309514160156250000e+02 1.243082427978515625e+02
1.302169342041015625e+02 1.308653564453125000e+02 1.244659271240234375e+02
1.302953796386718750e+02 1.307938537597656250e+02 1.246302337646484375e+02
1.303642578125000000e+02 1.307386627197265625e+02 1.248025131225585938e+02
1.304238433837890625e+02 1.306968231201171875e+02 1.249822616577148438e+02
1.304751129150390625e+02 1.306643371582031250e+02 1.251685714721679688e+02
1.305190124511718750e+02 1.306372222900390625e+02 1.253605499267578125e+02
1.305565338134765625e+02 1.306114807128906250e+02 1.255572814941406250e+02
1.305886230468750000e+02 1.305831451416015625e+02 1.257578659057617188e+02
1.306162567138671875e+02 1.305482177734375000e+02 1.259614105224609375e+02
1.306403961181640625e+02 1.305027160644531250e+02 1.261669998168945312e+02
1.306621246337890625e+02 1.304437713623046875e+02 1.263737030029296875e+02
1.306832275390625000e+02 1.303741302490234375e+02 1.265804443359375000e+02
1.307056732177734375e+02 1.302983093261718750e+02 1.267861099243164062e+02
1.307314453125000000e+02 1.302208251953125000e+02 1.269895706176757812e+02
1.307625274658203125e+02 1.301461639404296875e+02 1.271897125244140625e+02
1.308008880615234375e+02 1.300788574218750000e+02 1.273854064941406250e+02
1.308484954833984375e+02 1.300233917236328125e+02 1.275755386352539062e+02
1.309073486328125000e+02 1.299842987060546875e+02 1.277589874267578125e+02
1.309794158935546875e+02 1.299660491943359375e+02 1.279346313476562500e+02
1.310666656494140625e+02 1.299731903076171875e+02 1.281013488769531250e+02
1.311710968017578125e+02 1.300102233886718750e+02 1.282580108642578125e+02
1.312938537597656250e+02 1.300703125000000000e+02 1.284042968750000000e+02
1.314314270019531250e+02 1.300785522460937500e+02 1.285437774658203125e+02
1.315878906250000000e+02 1.300465545654296875e+02 1.286693420410156250e+02
1.317698974609375000e+02 1.300338134765625000e+02 1.287699279785156250e+02
1.319474182128906250e+02 1.300456848144531250e+02 1.288678283691406250e+02
1.320567626953125000e+02 1.300342559814453125e+02 1.290161895751953125e+02
1.320989074707031250e+02 1.299902648925781250e+02 1.292145538330078125e+02
1.321236419677734375e+02 1.299353332519531250e+02 1.294219055175781250e+02
1.321508483886718750e+02 1.298784790039062500e+02 1.296228637695312500e+02
1.321817016601562500e+02 1.298206329345703125e+02 1.298179626464843750e+02
1.322171173095703125e+02 1.297626190185546875e+02 1.300080261230468750e+02
1.322580261230468750e+02 1.297052764892578125e+02 1.301938171386718750e+02
1.323053436279296875e+02 1.296494293212890625e+02 1.303761596679687500e+02
1.323600006103515625e+02 1.295959167480468750e+02 1.305558013916015625e+02
1.324229125976562500e+02 1.295455780029296875e+02 1.307335815429687500e+02
1.324949951171875000e+02 1.294992370605468750e+02 1.309102478027343750e+02
1.325767059326171875e+02 1.294578704833984375e+02 1.310867309570312500e+02
1.326616210937500000e+02 1.294246520996093750e+02 1.312654876708984375e+02
1.327389678955078125e+02 1.294037628173828125e+02 1.314498138427734375e+02
1.328066558837890625e+02 1.293908843994140625e+02 1.316390380859375000e+02
1.328688049316406250e+02 1.293757324218750000e+02 1.318295593261718750e+02
1.329297180175781250e+02 1.293479003906250000e+02 1.320178070068359375e+02
1.329931488037109375e+02 1.292979125976562500e+02 1.322004852294921875e+02
1.330477752685546875e+02 1.292458648681640625e+02 1.323854675292968750e+02
1.330874786376953125e+02 1.292061462402343750e+02 1.325778045654296875e+02
1.331248168945312500e+02 1.291601257324218750e+02 1.327696075439453125e+02
1.331611175537109375e+02 1.291015014648437500e+02 1.329570922851562500e+02
1.331697692871093750e+02 1.290581054687500000e+02 1.331488647460937500e+02
1.331552581787109375e+02 1.290292205810546875e+02 1.333455505371093750e+02
1.331280212402343750e+02 1.290084075927734375e+02 1.335460205078125000e+02
1.330984497070312500e+02 1.289892425537109375e+02 1.337491912841796875e+02
1.330753479003906250e+02 1.289669952392578125e+02 1.339539337158203125e+02
1.330605926513671875e+02 1.289443664550781250e+02 1.341590881347656250e+02
1.330541992187500000e+02 1.289260711669921875e+02 1.343634796142578125e+02
1.330561981201171875e+02 1.289167785644531250e+02 1.345659332275390625e+02
1.330666046142578125e+02 1.289211730957031250e+02 1.347652740478515625e+02
1.330854492187500000e+02 1.289439392089843750e+02 1.349603271484375000e+02
1.331127471923828125e+02 1.289897766113281250e+02 1.351499176025390625e+02
1.331488952636718750e+02 1.290609436035156250e+02 1.353327331542968750e+02
1.331954040527343750e+02 1.291519927978515625e+02 1.355070343017578125e+02
1.332540130615234375e+02 1.292559509277343750e+02 1.356709747314453125e+02
1.333356781005859375e+02 1.293628845214843750e+02 1.358186798095703125e+02
1.334763183593750000e+02 1.294330139160156250e+02 1.359442596435546875e+02
1.336143035888671875e+02 1.294634094238281250e+02 1.360865173339843750e+02
1.337432403564453125e+02 1.294789886474609375e+02 1.362413635253906250e+02
1.338603515625000000e+02 1.295051116943359375e+02 1.364024963378906250e+02
1.339669342041015625e+02 1.295514678955078125e+02 1.365655212402343750e+02
1.340705718994140625e+02 1.296037597656250000e+02 1.367289886474609375e+02
1.341654357910156250e+02 1.296606903076171875e+02 1.368941650390625000e+02
1.342291412353515625e+02 1.297413482666015625e+02 1.370654144287109375e+02
1.342700042724609375e+02 1.298339538574218750e+02 1.372420959472656250e+02
1.342975158691406250e+02 1.299255523681640625e+02 1.374234313964843750e+02
1.343211669921875000e+02 1.300037841796875000e+02 1.376084899902343750e+02
1.343506317138671875e+02 1.300713958740234375e+02 1.377942504882812500e+02
1.343953704833984375e+02 1.301462707519531250e+02 1.379756011962890625e+02
1.344545745849609375e+02 1.302346191406250000e+02 1.381510925292968750e+02
1.345160980224609375e+02 1.303288421630859375e+02 1.383234100341796875e+02
1.345671997070312500e+02 1.304206085205078125e+02 1.384954376220703125e+02
1.345950775146484375e+02 1.305016174316406250e+02 1.386700744628906250e+02
1.345880889892578125e+02 1.305639648437500000e+02 1.388500823974609375e+02
1.345482635498046875e+02 1.306056060791015625e+02 1.390360260009765625e+02
1.344871368408203125e+02 1.306284027099609375e+02 1.392270660400390625e+02
1.344164581298828125e+02 1.306343383789062500e+02 1.394222564697265625e+02
1.343479156494140625e+02 1.306254119873046875e+02 1.396207427978515625e+02
1.342928924560546875e+02 1.306036071777343750e+02 1.398215789794921875e+02
1.342549133300781250e+02 1.305716705322265625e+02 1.400238952636718750e+02
1.342296600341796875e+02 1.305330963134765625e+02 1.402268066406250000e+02
1.342124633789062500e+02 1.304913940429687500e+02 1.404294433593750000e+02
1.341986694335937500e+02 1.304500885009765625e+02 1.406309356689453125e+02
1.341836090087890625e+02 1.304126739501953125e+02 1.408303833007812500e+02
1.341626129150390625e+02 1.303826751708984375e+02 1.410269165039062500e+02
1.341310119628906250e+02 1.303636016845703125e+02 1.412196655273437500e+02
1.340841369628906250e+02 1.303589782714843750e+02 1.414077453613281250e+02
1.340173492431640625e+02 1.303723144531250000e+02 1.415903015136718750e+02
1.339417572021484375e+02 1.303925628662109375e+02 1.417716674804687500e+02
1.339247894287109375e+02 1.303592681884765625e+02 1.419732208251953125e+02
1.339230957031250000e+02 1.303171997070312500e+02 1.421775054931640625e+02
1.339266662597656250e+02 1.302779998779296875e+02 1.423806915283203125e+02
1.339349060058593750e+02 1.302441406250000000e+02 1.425825653076171875e+02
1.339472503662109375e+02 1.302181243896484375e+02 1.427829132080078125e+02
1.339630737304687500e+02 1.302024536132812500e+02 1.429815063476562500e+02
1.339817810058593750e+02 1.301996154785156250e+02 1.431781158447265625e+02
1.340027923583984375e+02 1.302121429443359375e+02 1.433725280761718750e+02
1.340254974365234375e+02 1.302424774169921875e+02 1.435645294189453125e+02
1.340493621826171875e+02 1.302913208007812500e+02 1.437541046142578125e+02
1.340738983154296875e+02 1.303552551269531250e+02 1.439417724609375000e+02
1.340986938476562500e+02 1.304303131103515625e+02 1.441280975341796875e+02
1.341232757568359375e+02 1.305125274658203125e+02 1.443136444091796875e+02
1.341472167968750000e+02 1.305979614257812500e+02 1.444990081787109375e+02
1.341700744628906250e+02 1.306826324462890625e+02 1.446847381591796875e+02
1.341913909912109375e+02 1.307625885009765625e+02 1.448714141845703125e+02
1.342107238769531250e+02 1.308338775634765625e+02 1.450596008300781250e+02
1.342276458740234375e+02 1.308925476074218750e+02 1.452498779296875000e+02
1.342416992187500000e+02 1.309346008300781250e+02 1.454428253173828125e+02
1.342524261474609375e+02 1.309561309814453125e+02 1.456390075683593750e+02
1.342601318359375000e+02 1.309560699462890625e+02 1.458385620117187500e+02
1.342694549560546875e+02 1.309516448974609375e+02 1.460390472412109375e+02
1.342829132080078125e+02 1.309532928466796875e+02 1.462389221191406250e+02
1.342998046875000000e+02 1.309599456787109375e+02 1.464382629394531250e+02
1.343192901611328125e+02 1.309703826904296875e+02 1.466371917724609375e+02
1.343399810791015625e+02 1.309861450195312500e+02 1.468357391357421875e+02
1.343587799072265625e+02 1.310101623535156250e+02 1.470338897705078125e+02
1.343582000732421875e+02 1.310314483642578125e+02 1.472315368652343750e+02
1.343348541259765625e+02 1.310437164306640625e+02 1.474289245605468750e+02
1.342982177734375000e+02 1.310485839843750000e+02 1.476264495849609375e+02
1.342578735351562500e+02 1.310477447509765625e+02 1.478245239257812500e+02
1.342233886718750000e+02 1.310428466796875000e+02 1.480235748291015625e+02
1.342043457031250000e+02 1.310355682373046875e+02 1.482240142822265625e+02
1.342082672119140625e+02 1.310272064208984375e+02 1.484260711669921875e+02
1.342295227050781250e+02 1.310167694091796875e+02 1.486287689208984375e+02
1.342572326660156250e+02 1.310023651123046875e+02 1.488306427001953125e+02
1.342805480957031250e+02 1.309820861816406250e+02 1.490302429199218750e+02
1.342885742187500000e+02 1.309540405273437500e+02 1.492261047363281250e+02
1.342704467773437500e+02 1.309163055419921875e+02 1.494167785644531250e+02
1.342211151123046875e+02 1.308692626953125000e+02 1.496020050048828125e+02
1.341535186767578125e+02 1.308203125000000000e+02 1.497853088378906250e+02
1.340839996337890625e+02 1.307782135009765625e+02 1.499709014892578125e+02
1.340281219482421875e+02 1.307503967285156250e+02 1.501624755859375000e+02
1.339700317382812500e+02 1.306964111328125000e+02 1.503448791503906250e+02
1.338980560302734375e+02 1.306153106689453125e+02 1.505149536132812500e+02
1.338210754394531250e+02 1.305354919433593750e+02 1.506823425292968750e+02
1.337403869628906250e+02 1.304572753906250000e+02 1.508479919433593750e+02
1.336572418212890625e+02 1.303806610107421875e+02 1.510127716064453125e+02
1.335728607177734375e+02 1.303056488037109375e+02 1.511775360107421875e+02
1.334884643554687500e+02 1.302322082519531250e+02 1.513431701660156250e+02
1.334053039550781250e+02 1.301603393554687500e+02 1.515105133056640625e+02
1.333246307373046875e+02 1.300900421142578125e+02 1.516804351806640625e+02
1.332540740966796875e+02 1.300253143310546875e+02 1.518562469482421875e+02
1.332110290527343750e+02 1.299760437011718750e+02 1.520444183349609375e+02
1.331936492919921875e+02 1.299401550292968750e+02 1.522419586181640625e+02
1.331941528320312500e+02 1.299117889404296875e+02 1.524429473876953125e+02
1.332062988281250000e+02 1.298868255615234375e+02 1.526430816650390625e+02
1.332275238037109375e+02 1.298652648925781250e+02 1.528420257568359375e+02
1.332558288574218750e+02 1.298477935791015625e+02 1.530400390625000000e+02
1.332892761230468750e+02 1.298350677490234375e+02 1.532373962402343750e+02
1.333258819580078125e+02 1.298277435302734375e+02 1.534343414306640625e+02
1.333636474609375000e+02 1.298265075683593750e+02 1.536311645507812500e+02
1.334006347656250000e+02 1.298320159912109375e+02 1.538281402587890625e+02
1.334348297119140625e+02 1.298449401855468750e+02 1.540254974365234375e+02
1.334646759033203125e+02 1.298654632568359375e+02 1.542234802246093750e+02
1.334918975830078125e+02 1.298899536132812500e+02 1.544217834472656250e+02
1.335198822021484375e+02 1.299127655029296875e+02 1.546198730468750000e+02
1.335520172119140625e+02 1.299282989501953125e+02 1.548172149658203125e+02
1.335917205810546875e+02 1.299309387207031250e+02 1.550132751464843750e+02
1.336423492431640625e+02 1.299150543212890625e+02 1.552075042724609375e+02
1.337102661132812500e+02 1.298857727050781250e+02 1.553964843750000000e+02
1.338212127685546875e+02 1.299192352294921875e+02 1.555568237304687500e+02
1.339569854736328125e+02 1.299383392333984375e+02 1.557024841308593750e+02
1.340966796875000000e+02 1.299378814697265625e+02 1.558467254638671875e+02
1.342342529296875000e+02 1.299437713623046875e+02 1.559920654296875000e+02
1.343703765869140625e+02 1.299742431640625000e+02 1.561351013183593750e+02
1.345108489990234375e+02 1.300131683349609375e+02 1.562742767333984375e+02
1.346476135253906250e+02 1.300442047119140625e+02 1.564170379638671875e+02
1.347572631835937500e+02 1.300683746337890625e+02 1.565783996582031250e+02
1.348396301269531250e+02 1.300859832763671875e+02 1.567581634521484375e+02
1.349039001464843750e+02 1.300966491699218750e+02 1.569499816894531250e+02
1.349592895507812500e+02 1.300999755859375000e+02 1.571475677490234375e+02
1.350150146484375000e+02 1.300955505371093750e+02 1.573445434570312500e+02
1.350796508789062500e+02 1.300827331542968750e+02 1.575351104736328125e+02
1.351546783447265625e+02 1.300582885742187500e+02 1.577187347412109375e+02
1.352353515625000000e+02 1.300209503173828125e+02 1.578988189697265625e+02
1.353093109130859375e+02 1.299834899902343750e+02 1.580813598632812500e+02
1.353649444580078125e+02 1.299609069824218750e+02 1.582720031738281250e+02
1.354352264404296875e+02 1.299439086914062500e+02 1.584585571289062500e+02
1.355280609130859375e+02 1.299205017089843750e+02 1.586361999511718750e+02
1.356299591064453125e+02 1.298849792480468750e+02 1.588077392578125000e+02
1.357275085449218750e+02 1.298316802978515625e+02 1.589760131835937500e+02
1.358075714111328125e+02 1.297576904296875000e+02 1.591412506103515625e+02
1.358756561279296875e+02 1.296848907470703125e+02 1.592953491210937500e+02
1.359653320312500000e+02 1.296259002685546875e+02 1.594669647216796875e+02
1.361053924560546875e+02 1.295887145996093750e+02 1.596828155517578125e+02
1.361978302001953125e+02 1.295765228271484375e+02 1.598131561279296875e+02
