-4.840723419189453125e+01 -1.108689403533935547e+01 5.306501984596252441e-01
-4.835429763793945312e+01 -1.127059650421142578e+01 5.852180719375610352e-01
-4.829599380493164062e+01 -1.145749378204345703e+01 6.838380694389343262e-01
-4.823675537109375000e+01 -1.158841991424560547e+01 7.899419665336608887e-01
-4.815293884277343750e+01 -1.172229194641113281e+01 8.913539648056030273e-01
-4.804995346069335938e+01 -1.186448478698730469e+01 9.860360026359558105e-01
-4.793613433837890625e+01 -1.201497077941894531e+01 1.072972893714904785e+00
-4.781982803344726562e+01 -1.217371940612792969e+01 1.151149392127990723e+00
-4.770937347412109375e+01 -1.234070396423339844e+01 1.219550728797912598e+00
-4.761311340332031250e+01 -1.251589584350585938e+01 1.277161478996276855e+00
-4.753938293457031250e+01 -1.269926452636718750e+01 1.322966694831848145e+00
-4.749582672119140625e+01 -1.289068412780761719e+01 1.356175661087036133e+00
-4.747980499267578125e+01 -1.308858203887939453e+01 1.379276633262634277e+00
-4.748090362548828125e+01 -1.329028987884521484e+01 1.397240757942199707e+00
-4.748851013183593750e+01 -1.349311256408691406e+01 1.415100932121276855e+00
-4.749201202392578125e+01 -1.369435596466064453e+01 1.437890052795410156e+00
-4.748080444335937500e+01 -1.389132499694824219e+01 1.470640897750854492e+00
-4.744488525390625000e+01 -1.408146667480468750e+01 1.518140196800231934e+00
-4.739251708984375000e+01 -1.426647758483886719e+01 1.577674031257629395e+00
-4.734474563598632812e+01 -1.445194053649902344e+01 1.638017416000366211e+00
-4.731388092041015625e+01 -1.464238739013671875e+01 1.687918543815612793e+00
-4.730475997924804688e+01 -1.483903121948242188e+01 1.722606897354125977e+00
-4.731470489501953125e+01 -1.503957653045654297e+01 1.744278430938720703e+00
-4.734066390991210938e+01 -1.524155330657958984e+01 1.755474567413330078e+00
-4.737958526611328125e+01 -1.544249248504638672e+01 1.758736371994018555e+00
-4.742840957641601562e+01 -1.563992977142333984e+01 1.756615996360778809e+00
-4.747484588623046875e+01 -1.583431529998779297e+01 1.758523464202880859e+00
-4.749486541748046875e+01 -1.603109931945800781e+01 1.782101988792419434e+00
-4.749089050292968750e+01 -1.623034286499023438e+01 1.824136018753051758e+00
-4.746964263916015625e+01 -1.643116950988769531e+01 1.878044486045837402e+00
-4.743784713745117188e+01 -1.663269615173339844e+01 1.937246322631835938e+00
-4.740222549438476562e+01 -1.683404731750488281e+01 1.995160579681396484e+00
-4.736950302124023438e+01 -1.703434181213378906e+01 2.045206308364868164e+00
-4.734640121459960938e+01 -1.723270416259765625e+01 2.080802440643310547e+00
-4.733964538574218750e+01 -1.742825126647949219e+01 2.095368146896362305e+00
-4.735596084594726562e+01 -1.762010574340820312e+01 2.082322120666503906e+00
-4.740056610107421875e+01 -1.780773925781250000e+01 2.037514925003051758e+00
-4.744494628906250000e+01 -1.799831771850585938e+01 2.010231494903564453e+00
-4.746973419189453125e+01 -1.819527435302734375e+01 2.026101112365722656e+00
-4.747866821289062500e+01 -1.839588165283203125e+01 2.069143056869506836e+00
-4.747564697265625000e+01 -1.859737396240234375e+01 2.123098373413085938e+00
-4.746446228027343750e+01 -1.879731750488281250e+01 2.173229932785034180e+00
-4.744812393188476562e+01 -1.899552536010742188e+01 2.214966058731079102e+00
-4.742935180664062500e+01 -1.919273185729980469e+01 2.247899293899536133e+00
-4.741084671020507812e+01 -1.938967514038085938e+01 2.271635532379150391e+00
-4.739532089233398438e+01 -1.958709144592285156e+01 2.285779476165771484e+00
-4.738547134399414062e+01 -1.978571510314941406e+01 2.289947509765625000e+00
-4.738239669799804688e+01 -1.998583221435546875e+01 2.286063432693481445e+00
-4.738361358642578125e+01 -2.018672370910644531e+01 2.281226396560668945e+00
-4.738613891601562500e+01 -2.038753128051757812e+01 2.283239126205444336e+00
-4.738747406005859375e+01 -2.058745384216308594e+01 2.299059152603149414e+00
-4.739060211181640625e+01 -2.078632926940917969e+01 2.325793743133544922e+00
-4.740205001831054688e+01 -2.098441123962402344e+01 2.354187726974487305e+00
-4.742504119873046875e+01 -2.118202590942382812e+01 2.377567768096923828e+00
-4.745425415039062500e+01 -2.137964630126953125e+01 2.396083593368530273e+00
-4.748303604125976562e+01 -2.157777214050292969e+01 2.410952091217041016e+00
-4.750473785400390625e+01 -2.177690315246582031e+01 2.423389911651611328e+00
-4.751576232910156250e+01 -2.197706604003906250e+01 2.434898853302001953e+00
-4.751974868774414062e+01 -2.217716407775878906e+01 2.447654485702514648e+00
-4.752124404907226562e+01 -2.237600326538085938e+01 2.463827848434448242e+00
-4.752257919311523438e+01 -2.257335662841796875e+01 2.484114885330200195e+00
-4.752444458007812500e+01 -2.276972389221191406e+01 2.508111000061035156e+00
-4.752749633789062500e+01 -2.296562004089355469e+01 2.535384416580200195e+00
-4.753237915039062500e+01 -2.316155624389648438e+01 2.565504074096679688e+00
-4.753974151611328125e+01 -2.335804939270019531e+01 2.598038196563720703e+00
-4.755023574829101562e+01 -2.355561447143554688e+01 2.632555484771728516e+00
-4.756451034545898438e+01 -2.375476264953613281e+01 2.668624639511108398e+00
-4.758321762084960938e+01 -2.395601081848144531e+01 2.705814123153686523e+00
-4.760699844360351562e+01 -2.415987014770507812e+01 2.743691682815551758e+00
-4.763564682006835938e+01 -2.436644935607910156e+01 2.781666517257690430e+00
-4.766721725463867188e+01 -2.457502746582031250e+01 2.818825721740722656e+00
-4.769954299926757812e+01 -2.478478431701660156e+01 2.854216575622558594e+00
-4.773046112060546875e+01 -2.499490165710449219e+01 2.886886835098266602e+00
-4.775781631469726562e+01 -2.520455932617187500e+01 2.915883302688598633e+00
-4.777944183349609375e+01 -2.541293716430664062e+01 2.940253734588623047e+00
-4.779317855834960938e+01 -2.561921501159667969e+01 2.959045648574829102e+00
-4.779686355590820312e+01 -2.582257461547851562e+01 2.971305847167968750e+00
-4.778833389282226562e+01 -2.602219390869140625e+01 2.976082324981689453e+00
-4.776543045043945312e+01 -2.621725463867187500e+01 2.972422122955322266e+00
-4.772599029541015625e+01 -2.640693664550781250e+01 2.959372997283935547e+00
-4.766785049438476562e+01 -2.659041786193847656e+01 2.935981750488281250e+00
-4.758885192871093750e+01 -2.676688194274902344e+01 2.901296138763427734e+00
-4.750168991088867188e+01 -2.693722534179687500e+01 2.843485355377197266e+00
-4.745822143554687500e+01 -2.712290573120117188e+01 2.799323081970214844e+00
-4.741993713378906250e+01 -2.731693458557128906e+01 2.770414113998413086e+00
-4.739831542968750000e+01 -2.751349067687988281e+01 2.736099004745483398e+00
-4.738755798339843750e+01 -2.771190834045410156e+01 2.701020956039428711e+00
-4.738187789916992188e+01 -2.791152763366699219e+01 2.669822216033935547e+00
-4.737546920776367188e+01 -2.811168670654296875e+01 2.647145986557006836e+00
-4.736384201049804688e+01 -2.831177139282226562e+01 2.635704040527343750e+00
-4.735146713256835938e+01 -2.851150512695312500e+01 2.624858617782592773e+00
-4.734631729125976562e+01 -2.871077156066894531e+01 2.599735736846923828e+00
-4.735110092163085938e+01 -2.890985870361328125e+01 2.570613145828247070e+00
-4.736315917968750000e+01 -2.910931205749511719e+01 2.568606376647949219e+00
-4.736281585693359375e+01 -2.930760955810546875e+01 2.593717098236083984e+00
-4.735015487670898438e+01 -2.950427055358886719e+01 2.633573532104492188e+00
-4.733567810058593750e+01 -2.969972419738769531e+01 2.682029724121093750e+00
-4.732987594604492188e+01 -2.989439964294433594e+01 2.732939243316650391e+00
-4.733440017700195312e+01 -3.008809661865234375e+01 2.786217927932739258e+00
-4.732814025878906250e+01 -3.027991485595703125e+01 2.850858688354492188e+00
-4.732630920410156250e+01 -3.047272872924804688e+01 2.902739524841308594e+00
-4.734551620483398438e+01 -3.066935539245605469e+01 2.918699502944946289e+00
-4.737866592407226562e+01 -3.086887931823730469e+01 2.913842201232910156e+00
-4.741022872924804688e+01 -3.106885528564453125e+01 2.916222095489501953e+00
-4.743821716308593750e+01 -3.126836967468261719e+01 2.930157899856567383e+00
-4.746313858032226562e+01 -3.146678543090820312e+01 2.955602407455444336e+00
-4.748549270629882812e+01 -3.166346931457519531e+01 2.992508649826049805e+00
-4.750578689575195312e+01 -3.185778808593750000e+01 3.040830135345458984e+00
-4.752452087402343750e+01 -3.204910659790039062e+01 3.100519418716430664e+00
-4.754184722900390625e+01 -3.223701095581054688e+01 3.170973300933837891e+00
-4.755480957031250000e+01 -3.242307662963867188e+01 3.246623039245605469e+00
-4.755879211425781250e+01 -3.260991287231445312e+01 3.319293022155761719e+00
-4.754918670654296875e+01 -3.280013656616210938e+01 3.380784511566162109e+00
-4.752670669555664062e+01 -3.299544525146484375e+01 3.424076557159423828e+00
-4.750899887084960938e+01 -3.319458007812500000e+01 3.445887088775634766e+00
-4.751606369018554688e+01 -3.339557266235351562e+01 3.444575071334838867e+00
-4.755429458618164062e+01 -3.359452056884765625e+01 3.430771589279174805e+00
-4.762025451660156250e+01 -3.378614425659179688e+01 3.423978090286254883e+00
-4.771016311645507812e+01 -3.396525955200195312e+01 3.443576574325561523e+00
-4.781454849243164062e+01 -3.413245391845703125e+01 3.493918657302856445e+00
-4.791587066650390625e+01 -3.429647827148437500e+01 3.558098793029785156e+00
-4.799598693847656250e+01 -3.446670150756835938e+01 3.617602825164794922e+00
-4.803970336914062500e+01 -3.465087890625000000e+01 3.656929492950439453e+00
-4.804893493652343750e+01 -3.484735870361328125e+01 3.678048133850097656e+00
-4.803174972534179688e+01 -3.505111312866210938e+01 3.689208507537841797e+00
-4.799621582031250000e+01 -3.525711441040039062e+01 3.698668718338012695e+00
-4.795041275024414062e+01 -3.546033096313476562e+01 3.714686870574951172e+00
-4.790380859375000000e+01 -3.565605545043945312e+01 3.744605779647827148e+00
-4.791474533081054688e+01 -3.585652542114257812e+01 3.753193378448486328e+00
-4.796697616577148438e+01 -3.605028533935546875e+01 3.763515233993530273e+00
-4.800044250488281250e+01 -3.624906158447265625e+01 3.786464691162109375e+00
-4.798660659790039062e+01 -3.644185256958007812e+01 3.842450141906738281e+00
-4.793852996826171875e+01 -3.661911773681640625e+01 3.930001020431518555e+00
-4.790357971191406250e+01 -3.680692672729492188e+01 3.979729890823364258e+00
-4.792416381835937500e+01 -3.700590515136718750e+01 4.001797676086425781e+00
-4.792945480346679688e+01 -3.720120620727539062e+01 4.026396274566650391e+00
-4.787833404541015625e+01 -3.739385604858398438e+01 4.045962333679199219e+00
-4.781206512451171875e+01 -3.758549118041992188e+01 4.072572708129882812e+00
-4.777426147460937500e+01 -3.777774429321289062e+01 4.118295669555664062e+00
-4.777367019653320312e+01 -3.797172164916992188e+01 4.176733970642089844e+00
-4.778888702392578125e+01 -3.816807937622070312e+01 4.225515365600585938e+00
-4.779751968383789062e+01 -3.836744689941406250e+01 4.241740226745605469e+00
-4.778940200805664062e+01 -3.856877899169921875e+01 4.223762512207031250e+00
-4.780198287963867188e+01 -3.876486206054687500e+01 4.251131534576416016e+00
-4.780550765991210938e+01 -3.896394348144531250e+01 4.258110046386718750e+00
-4.779346466064453125e+01 -3.916654968261718750e+01 4.217441082000732422e+00
-4.780353546142578125e+01 -3.936242675781250000e+01 4.189492702484130859e+00
-4.786169433593750000e+01 -3.954631042480468750e+01 4.216804027557373047e+00
-4.793342208862304688e+01 -3.973833084106445312e+01 4.250084400177001953e+00
-4.793231582641601562e+01 -3.993657684326171875e+01 4.257390975952148438e+00
-4.789955139160156250e+01 -4.013283920288085938e+01 4.275339603424072266e+00
-4.790223693847656250e+01 -4.033323669433593750e+01 4.274549484252929688e+00
-4.791012191772460938e+01 -4.053488922119140625e+01 4.307984352111816406e+00
-4.791904067993164062e+01 -4.073693084716796875e+01 4.361262798309326172e+00
-4.792458343505859375e+01 -4.093783950805664062e+01 4.414288997650146484e+00
-4.792235183715820312e+01 -4.113610076904296875e+01 4.446965694427490234e+00
-4.790794372558593750e+01 -4.133018875122070312e+01 4.439196586608886719e+00
-4.790461349487304688e+01 -4.152020645141601562e+01 4.383569240570068359e+00
-4.787732696533203125e+01 -4.171416091918945312e+01 4.355823993682861328e+00
-4.781459045410156250e+01 -4.189400100708007812e+01 4.291255950927734375e+00
-4.775442123413085938e+01 -4.207383728027343750e+01 4.216617584228515625e+00
-4.769670486450195312e+01 -4.225319290161132812e+01 4.137567520141601562e+00
-4.763881683349609375e+01 -4.242768096923828125e+01 4.051360607147216797e+00
-4.757812500000000000e+01 -4.259292602539062500e+01 3.955253124237060547e+00
-4.751200866699218750e+01 -4.274455261230468750e+01 3.846499681472778320e+00
-4.743842315673828125e+01 -4.288085174560546875e+01 3.721436500549316406e+00
-4.736399459838867188e+01 -4.303365707397460938e+01 3.571751832962036133e+00
-4.729420089721679688e+01 -4.320705413818359375e+01 3.422639846801757812e+00
-4.723216247558593750e+01 -4.338936614990234375e+01 3.309912204742431641e+00
-4.718100357055664062e+01 -4.356892395019531250e+01 3.269380807876586914e+00
-4.714377975463867188e+01 -4.373437881469726562e+01 3.336008548736572266e+00
-4.711728286743164062e+01 -4.391530609130859375e+01 3.433081150054931641e+00
-4.711006546020507812e+01 -4.411871337890625000e+01 3.496060609817504883e+00
-4.714275741577148438e+01 -4.430222702026367188e+01 3.568290233612060547e+00
-4.723024749755859375e+01 -4.443006134033203125e+01 3.687469959259033203e+00
-4.730222320556640625e+01 -4.457012939453125000e+01 3.796875476837158203e+00
-4.733645248413085938e+01 -4.474851226806640625e+01 3.872915744781494141e+00
-4.734772109985351562e+01 -4.495131683349609375e+01 3.926872491836547852e+00
-4.735081863403320312e+01 -4.516466140747070312e+01 3.970026731491088867e+00
-4.736053085327148438e+01 -4.537465286254882812e+01 4.013659477233886719e+00
-4.739164733886718750e+01 -4.556740951538085938e+01 4.069052219390869141e+00
-4.745866012573242188e+01 -4.572930908203125000e+01 4.147307395935058594e+00
-4.756219100952148438e+01 -4.585944747924804688e+01 4.250969409942626953e+00
-4.768315887451171875e+01 -4.597497940063476562e+01 4.370444297790527344e+00
-4.780112075805664062e+01 -4.609428024291992188e+01 4.495280265808105469e+00
-4.790476989746093750e+01 -4.622545242309570312e+01 4.619848728179931641e+00
-4.799805450439453125e+01 -4.635946655273437500e+01 4.746553897857666016e+00
-4.808634948730468750e+01 -4.648566818237304688e+01 4.878563880920410156e+00
-4.817504119873046875e+01 -4.659340667724609375e+01 5.019044399261474609e+00
-4.826951599121093750e+01 -4.667203140258789062e+01 5.171162128448486328e+00
-4.837373352050781250e+01 -4.671807479858398438e+01 5.335108757019042969e+00
-4.847723007202148438e+01 -4.679596328735351562e+01 5.482761383056640625e+00
-4.857391738891601562e+01 -4.692341232299804688e+01 5.604276180267333984e+00
-4.866247940063476562e+01 -4.708651733398437500e+01 5.702581882476806641e+00
-4.874161529541015625e+01 -4.727136230468750000e+01 5.780608654022216797e+00
-4.881001663208007812e+01 -4.746403503417968750e+01 5.841287612915039062e+00
-4.886754989624023438e+01 -4.765240478515625000e+01 5.888532161712646484e+00
-4.892527770996093750e+01 -4.782925415039062500e+01 5.958396911621093750e+00
-4.898567581176757812e+01 -4.797460556030273438e+01 6.102828502655029297e+00
-4.903268432617187500e+01 -4.811867523193359375e+01 6.238053321838378906e+00
-4.905083084106445312e+01 -4.829404067993164062e+01 6.275664806365966797e+00
-4.904779815673828125e+01 -4.849913024902343750e+01 6.219075679779052734e+00
-4.904564285278320312e+01 -4.870880508422851562e+01 6.136074066162109375e+00
-4.904662322998046875e+01 -4.891667938232421875e+01 6.047948837280273438e+00
-4.904748916625976562e+01 -4.912168121337890625e+01 5.962797641754150391e+00
-4.904497909545898438e+01 -4.932273101806640625e+01 5.888718605041503906e+00
-4.903584671020507812e+01 -4.951875305175781250e+01 5.833809375762939453e+00
-4.901683425903320312e+01 -4.970866775512695312e+01 5.806168079376220703e+00
-4.898468399047851562e+01 -4.989140319824218750e+01 5.813891887664794922e+00
-4.893614959716796875e+01 -5.006587982177734375e+01 5.865079402923583984e+00
-4.887852096557617188e+01 -5.023546600341796875e+01 5.954906463623046875e+00
-4.886512374877929688e+01 -5.042364883422851562e+01 6.016736507415771484e+00
-4.886777496337890625e+01 -5.062503433227539062e+01 6.043006420135498047e+00
-4.883233642578125000e+01 -5.082154083251953125e+01 6.053325176239013672e+00
-4.879168319702148438e+01 -5.101593780517578125e+01 6.028179168701171875e+00
-4.875189208984375000e+01 -5.120772552490234375e+01 5.974030971527099609e+00
-4.871382141113281250e+01 -5.139539337158203125e+01 5.900777816772460938e+00
-4.867826461791992188e+01 -5.157747650146484375e+01 5.818385601043701172e+00
-4.863669967651367188e+01 -5.176095199584960938e+01 5.749780178070068359e+00
-4.858369827270507812e+01 -5.195326232910156250e+01 5.711759090423583984e+00
-4.852766799926757812e+01 -5.215153503417968750e+01 5.700644016265869141e+00
-4.847720718383789062e+01 -5.235274887084960938e+01 5.712486267089843750e+00
-4.844091415405273438e+01 -5.255388641357421875e+01 5.743339061737060547e+00
-4.842737960815429688e+01 -5.275193405151367188e+01 5.789254665374755859e+00
-4.844313812255859375e+01 -5.294429397583007812e+01 5.846347808837890625e+00
-4.847758865356445312e+01 -5.313185882568359375e+01 5.911252498626708984e+00
-4.851163482666015625e+01 -5.331725692749023438e+01 5.980860233306884766e+00
-4.852611160278320312e+01 -5.350312042236328125e+01 6.052064418792724609e+00
-4.853399658203125000e+01 -5.368647766113281250e+01 6.133649826049804688e+00
-4.857883834838867188e+01 -5.386233901977539062e+01 6.229580402374267578e+00
-4.858351135253906250e+01 -5.405366134643554688e+01 6.271828651428222656e+00
-4.862049102783203125e+01 -5.423894119262695312e+01 6.341219902038574219e+00
-4.858917617797851562e+01 -5.442022705078125000e+01 6.430275917053222656e+00
-4.853844451904296875e+01 -5.460010147094726562e+01 6.504226684570312500e+00
-4.852997207641601562e+01 -5.480410003662109375e+01 6.532157421112060547e+00
-4.859460067749023438e+01 -5.505417251586914062e+01 6.512331962585449219e+00
-4.864095306396484375e+01 -5.518222808837890625e+01 6.493227005004882812e+00
