1.264599456787109375e+02 1.279579162597656250e+02 1.127889556884765625e+02
1.264727859497070312e+02 1.279457397460937500e+02 1.128290023803710938e+02
1.265088500976562500e+02 1.279143218994140625e+02 1.129394912719726562e+02
1.265644607543945312e+02 1.278713302612304688e+02 1.131059265136718750e+02
1.266359329223632812e+02 1.278244171142578125e+02 1.133138198852539062e+02
1.267195892333984375e+02 1.277812652587890625e+02 1.135486831665039062e+02
1.268117523193359375e+02 1.277495269775390625e+02 1.137960357666015625e+02
1.269087295532226562e+02 1.277368698120117188e+02 1.140413818359375000e+02
1.270068511962890625e+02 1.277509613037109375e+02 1.142702331542968750e+02
1.271024246215820312e+02 1.277994689941406250e+02 1.144681091308593750e+02
1.271826934814453125e+02 1.278855133056640625e+02 1.146319351196289062e+02
1.272092056274414062e+02 1.279878616333007812e+02 1.148060531616210938e+02
1.272576217651367188e+02 1.280767517089843750e+02 1.149769134521484375e+02
1.273552093505859375e+02 1.280900268554687500e+02 1.151429519653320312e+02
1.274159088134765625e+02 1.280180358886718750e+02 1.153340454101562500e+02
1.274815368652343750e+02 1.279386901855468750e+02 1.155202255249023438e+02
1.275504150390625000e+02 1.278616638183593750e+02 1.157016754150390625e+02
1.276168136596679688e+02 1.277907028198242188e+02 1.158812484741210938e+02
1.276749801635742188e+02 1.277295303344726562e+02 1.160618438720703125e+02
1.277191925048828125e+02 1.276818923950195312e+02 1.162463226318359375e+02
1.277436904907226562e+02 1.276515197753906250e+02 1.164375762939453125e+02
1.277427673339843750e+02 1.276421432495117188e+02 1.166384658813476562e+02
1.277155456542968750e+02 1.276542816162109375e+02 1.168497314453125000e+02
1.276729507446289062e+02 1.276807403564453125e+02 1.170669708251953125e+02
1.276276245117187500e+02 1.277131423950195312e+02 1.172850112915039062e+02
1.275922317504882812e+02 1.277431488037109375e+02 1.174986724853515625e+02
1.275794372558593750e+02 1.277623977661132812e+02 1.177027893066406250e+02
1.276018905639648438e+02 1.277625198364257812e+02 1.178921813964843750e+02
1.276722564697265625e+02 1.277351684570312500e+02 1.180616760253906250e+02
1.277642440795898438e+02 1.276925964355468750e+02 1.182143859863281250e+02
1.276855697631835938e+02 1.277435531616210938e+02 1.183936309814453125e+02
1.275685195922851562e+02 1.278398590087890625e+02 1.185820236206054688e+02
1.275497360229492188e+02 1.279236907958984375e+02 1.187585067749023438e+02
1.276198959350585938e+02 1.279924011230468750e+02 1.189242706298828125e+02
1.277465438842773438e+02 1.280521240234375000e+02 1.190839920043945312e+02
1.278971862792968750e+02 1.281089630126953125e+02 1.192423706054687500e+02
1.280393524169921875e+02 1.281690368652343750e+02 1.194040985107421875e+02
1.281409149169921875e+02 1.282383117675781250e+02 1.195738220214843750e+02
1.281893463134765625e+02 1.283143768310546875e+02 1.197537384033203125e+02
1.282023773193359375e+02 1.283823089599609375e+02 1.199421920776367188e+02
1.282247772216796875e+02 1.284463348388671875e+02 1.201300735473632812e+02
1.282674102783203125e+02 1.285036010742187500e+02 1.203181457519531250e+02
1.282972717285156250e+02 1.285441284179687500e+02 1.205134582519531250e+02
1.283054809570312500e+02 1.285903930664062500e+02 1.207082672119140625e+02
1.282840118408203125e+02 1.286510009765625000e+02 1.208975601196289062e+02
1.282368011474609375e+02 1.286896209716796875e+02 1.210889892578125000e+02
1.281937408447265625e+02 1.287379608154296875e+02 1.212786254882812500e+02
1.281771697998046875e+02 1.288154144287109375e+02 1.214640808105468750e+02
1.281762542724609375e+02 1.288661193847656250e+02 1.216545715332031250e+02
1.281845550537109375e+02 1.288604736328125000e+02 1.218531951904296875e+02
1.282085571289062500e+02 1.288162536621093750e+02 1.220532836914062500e+02
1.282554321289062500e+02 1.287537841796875000e+02 1.222476882934570312e+02
1.283291320800781250e+02 1.286908416748046875e+02 1.224312286376953125e+02
1.284202423095703125e+02 1.286347198486328125e+02 1.226071014404296875e+02
1.285157623291015625e+02 1.285899658203125000e+02 1.227806625366210938e+02
1.286027832031250000e+02 1.285611267089843750e+02 1.229572601318359375e+02
1.286683197021484375e+02 1.285527496337890625e+02 1.231422805786132812e+02
1.287098693847656250e+02 1.285622863769531250e+02 1.233372726440429688e+02
1.287667083740234375e+02 1.285603332519531250e+02 1.235282592773437500e+02
1.288403015136718750e+02 1.285458374023437500e+02 1.237143249511718750e+02
1.289256896972656250e+02 1.285223999023437500e+02 1.238968887329101562e+02
1.290178527832031250e+02 1.284935455322265625e+02 1.240773620605468750e+02
1.291118316650390625e+02 1.284628753662109375e+02 1.242571640014648438e+02
1.292026214599609375e+02 1.284339294433593750e+02 1.244376983642578125e+02
1.292852478027343750e+02 1.284102783203125000e+02 1.246203842163085938e+02
1.293547058105468750e+02 1.283954772949218750e+02 1.248066329956054688e+02
1.294060058593750000e+02 1.283930969238281250e+02 1.249978485107421875e+02
1.294366760253906250e+02 1.284050445556640625e+02 1.251949157714843750e+02
1.294664916992187500e+02 1.284185791015625000e+02 1.253937530517578125e+02
1.295030822753906250e+02 1.284299011230468750e+02 1.255922317504882812e+02
1.295458221435546875e+02 1.284409942626953125e+02 1.257898330688476562e+02
1.295940246582031250e+02 1.284538726806640625e+02 1.259860382080078125e+02
1.296470489501953125e+02 1.284705200195312500e+02 1.261803131103515625e+02
1.297042236328125000e+02 1.284929504394531250e+02 1.263721542358398438e+02
1.297648925781250000e+02 1.285231323242187500e+02 1.265610351562500000e+02
1.298283996582031250e+02 1.285630798339843750e+02 1.267464294433593750e+02
1.298940734863281250e+02 1.286147766113281250e+02 1.269278182983398438e+02
1.299609832763671875e+02 1.286796875000000000e+02 1.271048889160156250e+02
1.300265197753906250e+02 1.287560119628906250e+02 1.272785720825195312e+02
1.300874328613281250e+02 1.288406982421875000e+02 1.274502792358398438e+02
1.301407775878906250e+02 1.289308624267578125e+02 1.276212997436523438e+02
1.301867370605468750e+02 1.290253143310546875e+02 1.277918319702148438e+02
1.302274475097656250e+02 1.291239318847656250e+02 1.279613571166992188e+02
1.302650756835937500e+02 1.292266235351562500e+02 1.281293640136718750e+02
1.303017730712890625e+02 1.293332519531250000e+02 1.282953338623046875e+02
1.303396911621093750e+02 1.294437255859375000e+02 1.284587554931640625e+02
1.303809967041015625e+02 1.295579376220703125e+02 1.286190948486328125e+02
1.304278259277343750e+02 1.296757507324218750e+02 1.287758636474609375e+02
1.304783020019531250e+02 1.297951812744140625e+02 1.289304199218750000e+02
1.305205688476562500e+02 1.299095916748046875e+02 1.290888671875000000e+02
1.305423736572265625e+02 1.300123748779296875e+02 1.292573394775390625e+02
1.305454864501953125e+02 1.301058654785156250e+02 1.294344482421875000e+02
1.305409851074218750e+02 1.301984405517578125e+02 1.296137542724609375e+02
1.305401306152343750e+02 1.302985382080078125e+02 1.297886810302734375e+02
1.305541839599609375e+02 1.304146423339843750e+02 1.299526824951171875e+02
1.305881042480468750e+02 1.305481109619140625e+02 1.301030578613281250e+02
1.305937957763671875e+02 1.306409301757812500e+02 1.302691955566406250e+02
1.305482635498046875e+02 1.306691741943359375e+02 1.304622650146484375e+02
1.304742126464843750e+02 1.306650543212890625e+02 1.306633148193359375e+02
1.303944091796875000e+02 1.306609344482421875e+02 1.308540344238281250e+02
1.303168029785156250e+02 1.306703491210937500e+02 1.310344238281250000e+02
1.302397613525390625e+02 1.306942901611328125e+02 1.312124023437500000e+02
1.301610870361328125e+02 1.307321929931640625e+02 1.313894805908203125e+02
1.300784759521484375e+02 1.307833404541015625e+02 1.315663909912109375e+02
1.299896697998046875e+02 1.308470001220703125e+02 1.317438812255859375e+02
1.298939819335937500e+02 1.309210357666015625e+02 1.319226989746093750e+02
1.298037414550781250e+02 1.309917755126953125e+02 1.321037139892578125e+02
1.297376556396484375e+02 1.310398559570312500e+02 1.322877960205078125e+02
1.297144927978515625e+02 1.310458679199218750e+02 1.324758453369140625e+02
1.297411346435546875e+02 1.310055847167968750e+02 1.326688385009765625e+02
1.297702484130859375e+02 1.309827728271484375e+02 1.328676300048828125e+02
1.297803497314453125e+02 1.309966430664062500e+02 1.330686187744140625e+02
1.297708587646484375e+02 1.310346069335937500e+02 1.332661590576171875e+02
1.297439422607421875e+02 1.310884857177734375e+02 1.334573822021484375e+02
1.297052154541015625e+02 1.311559143066406250e+02 1.336429290771484375e+02
1.296605529785156250e+02 1.312349243164062500e+02 1.338236999511718750e+02
1.296157684326171875e+02 1.313235015869140625e+02 1.340005798339843750e+02
1.295767517089843750e+02 1.314196929931640625e+02 1.341744537353515625e+02
1.295493164062500000e+02 1.315214996337890625e+02 1.343462066650390625e+02
1.295390319824218750e+02 1.316269531250000000e+02 1.345166931152343750e+02
1.295469360351562500e+02 1.317342529296875000e+02 1.346862792968750000e+02
1.295705108642578125e+02 1.318417053222656250e+02 1.348549804687500000e+02
1.296071777343750000e+02 1.319476165771484375e+02 1.350227661132812500e+02
1.296543579101562500e+02 1.320503082275390625e+02 1.351896209716796875e+02
1.297039489746093750e+02 1.321474609375000000e+02 1.353578491210937500e+02
1.297536621093750000e+02 1.322296600341796875e+02 1.355335693359375000e+02
1.298070526123046875e+02 1.323057861328125000e+02 1.357110900878906250e+02
1.298311920166015625e+02 1.323680572509765625e+02 1.359004516601562500e+02
1.298536682128906250e+02 1.324534759521484375e+02 1.360803527832031250e+02
1.298720703125000000e+02 1.325599060058593750e+02 1.362519378662109375e+02
1.298910217285156250e+02 1.326728210449218750e+02 1.364200439453125000e+02
1.299151458740234375e+02 1.327776184082031250e+02 1.365894927978515625e+02
1.299490814208984375e+02 1.328597564697265625e+02 1.367651214599609375e+02
1.299953765869140625e+02 1.329115295410156250e+02 1.369496002197265625e+02
1.300513000488281250e+02 1.329432525634765625e+02 1.371398620605468750e+02
1.301132049560546875e+02 1.329681243896484375e+02 1.373319702148437500e+02
1.301774749755859375e+02 1.329993438720703125e+02 1.375219573974609375e+02
1.302404632568359375e+02 1.330501556396484375e+02 1.377058868408203125e+02
1.302986907958984375e+02 1.331244201660156250e+02 1.378830261230468750e+02
1.303491516113281250e+02 1.331962890625000000e+02 1.380630340576171875e+02
1.303824615478515625e+02 1.332522735595703125e+02 1.382527313232421875e+02
1.303853454589843750e+02 1.332989196777343750e+02 1.384476623535156250e+02
1.303822021484375000e+02 1.333168792724609375e+02 1.386472930908203125e+02
1.303964843750000000e+02 1.333325653076171875e+02 1.388467254638671875e+02
1.304096221923828125e+02 1.333247070312500000e+02 1.390459899902343750e+02
1.304183807373046875e+02 1.332903137207031250e+02 1.392438659667968750e+02
1.304263763427734375e+02 1.332347869873046875e+02 1.394385528564453125e+02
1.304372863769531250e+02 1.331635437011718750e+02 1.396282653808593750e+02
1.304545745849609375e+02 1.330827941894531250e+02 1.398124694824218750e+02
1.304813995361328125e+02 1.330002593994140625e+02 1.399932098388671875e+02
1.305208435058593750e+02 1.329238739013671875e+02 1.401728668212890625e+02
1.305746612548828125e+02 1.328596191406250000e+02 1.403533935546875000e+02
1.306393585205078125e+02 1.328062286376953125e+02 1.405351867675781250e+02
1.307103424072265625e+02 1.327608032226562500e+02 1.407182922363281250e+02
1.307829284667968750e+02 1.327203979492187500e+02 1.409027557373046875e+02
1.308525238037109375e+02 1.326821136474609375e+02 1.410886230468750000e+02
1.309144592285156250e+02 1.326430053710937500e+02 1.412759246826171875e+02
1.309640960693359375e+02 1.326001739501953125e+02 1.414647064208984375e+02
1.309974517822265625e+02 1.325509948730468750e+02 1.416549530029296875e+02
1.310153961181640625e+02 1.324951019287109375e+02 1.418460998535156250e+02
1.310210876464843750e+02 1.324332580566406250e+02 1.420373535156250000e+02
1.310177459716796875e+02 1.323661499023437500e+02 1.422278900146484375e+02
1.310085144042968750e+02 1.322945404052734375e+02 1.424169464111328125e+02
1.309966125488281250e+02 1.322191619873046875e+02 1.426036834716796875e+02
1.309961547851562500e+02 1.321461334228515625e+02 1.427878417968750000e+02
1.310206909179687500e+02 1.320824737548828125e+02 1.429704589843750000e+02
1.310644836425781250e+02 1.320264892578125000e+02 1.431527709960937500e+02
1.311213531494140625e+02 1.319762725830078125e+02 1.433359680175781250e+02
1.311851043701171875e+02 1.319299468994140625e+02 1.435213165283203125e+02
1.312495574951171875e+02 1.318856353759765625e+02 1.437099914550781250e+02
1.313085327148437500e+02 1.318414459228515625e+02 1.439032592773437500e+02
1.313558349609375000e+02 1.317954864501953125e+02 1.441023101806640625e+02
1.313881225585937500e+02 1.317463226318359375e+02 1.443070373535156250e+02
1.314221343994140625e+02 1.316957244873046875e+02 1.445077514648437500e+02
1.314832153320312500e+02 1.316468353271484375e+02 1.446907501220703125e+02
1.315966186523437500e+02 1.316029052734375000e+02 1.448423004150390625e+02
1.317407836914062500e+02 1.315967559814453125e+02 1.449771728515625000e+02
1.318821563720703125e+02 1.316370544433593750e+02 1.451156768798828125e+02
1.320170135498046875e+02 1.316998748779296875e+02 1.452593078613281250e+02
1.321420288085937500e+02 1.317617797851562500e+02 1.454092864990234375e+02
1.322629089355468750e+02 1.318131256103515625e+02 1.455606689453125000e+02
1.323949279785156250e+02 1.318590393066406250e+02 1.457020568847656250e+02
1.325413208007812500e+02 1.319029235839843750e+02 1.458344421386718750e+02
1.326917114257812500e+02 1.319447479248046875e+02 1.459693756103515625e+02
1.328418884277343750e+02 1.319848480224609375e+02 1.461083221435546875e+02
1.329880676269531250e+02 1.320235900878906250e+02 1.462519989013671875e+02
1.331264953613281250e+02 1.320613403320312500e+02 1.464011840820312500e+02
1.332533874511718750e+02 1.320984802246093750e+02 1.465566101074218750e+02
1.333649902343750000e+02 1.321353912353515625e+02 1.467190704345703125e+02
1.334575195312500000e+02 1.321724090576171875e+02 1.468892974853515625e+02
1.335272216796875000e+02 1.322099456787109375e+02 1.470680541992187500e+02
1.335713043212890625e+02 1.322482757568359375e+02 1.472558135986328125e+02
1.335969543457031250e+02 1.322870788574218750e+02 1.474503326416015625e+02
1.336169891357421875e+02 1.323256072998046875e+02 1.476477813720703125e+02
1.336443023681640625e+02 1.323631439208984375e+02 1.478443298339843750e+02
1.336873321533203125e+02 1.324003601074218750e+02 1.480369873046875000e+02
1.337343597412109375e+02 1.324442443847656250e+02 1.482266235351562500e+02
1.337696990966796875e+02 1.325027160644531250e+02 1.484149627685546875e+02
1.337911834716796875e+02 1.325767974853515625e+02 1.486019897460937500e+02
1.338033752441406250e+02 1.326641845703125000e+02 1.487868041992187500e+02
1.338108673095703125e+02 1.327624969482421875e+02 1.489685058593750000e+02
1.338182220458984375e+02 1.328693542480468750e+02 1.491461639404296875e+02
1.338300628662109375e+02 1.329824218750000000e+02 1.493189086914062500e+02
1.338509674072265625e+02 1.330993194580078125e+02 1.494858093261718750e+02
1.338855285644531250e+02 1.332176666259765625e+02 1.496459808349609375e+02
1.339383239746093750e+02 1.333351287841796875e+02 1.497985229492187500e+02
1.340139770507812500e+02 1.334493255615234375e+02 1.499425048828125000e+02
1.341164855957031250e+02 1.335447998046875000e+02 1.500839538574218750e+02
1.342249755859375000e+02 1.336032867431640625e+02 1.502433166503906250e+02
1.343188171386718750e+02 1.336748199462890625e+02 1.504055480957031250e+02
1.343990478515625000e+02 1.337542877197265625e+02 1.505714263916015625e+02
1.344684448242187500e+02 1.338362579345703125e+02 1.507413177490234375e+02
1.345336761474609375e+02 1.339174194335937500e+02 1.509132843017578125e+02
1.346021423339843750e+02 1.339948272705078125e+02 1.510849609375000000e+02
1.346812133789062500e+02 1.340655517578125000e+02 1.512540283203125000e+02
1.347723388671875000e+02 1.341294860839843750e+02 1.514203491210937500e+02
1.348589019775390625e+02 1.341952209472656250e+02 1.515904998779296875e+02
1.349329071044921875e+02 1.342667694091796875e+02 1.517673339843750000e+02
1.349968261718750000e+02 1.343427124023437500e+02 1.519493713378906250e+02
1.350534515380859375e+02 1.344215087890625000e+02 1.521350250244140625e+02
1.351055603027343750e+02 1.345016021728515625e+02 1.523226623535156250e+02
1.351559448242187500e+02 1.345814361572265625e+02 1.525106811523437500e+02
1.352073822021484375e+02 1.346594390869140625e+02 1.526974792480468750e+02
1.352626800537109375e+02 1.347340698242187500e+02 1.528814239501953125e+02
1.353246154785156250e+02 1.348037567138671875e+02 1.530609130859375000e+02
1.353959808349609375e+02 1.348669281005859375e+02 1.532343444824218750e+02
1.354795684814453125e+02 1.349220581054687500e+02 1.534001159667968750e+02
1.355781555175781250e+02 1.349675598144531250e+02 1.535565948486328125e+02
1.356945343017578125e+02 1.350018920898437500e+02 1.537021789550781250e+02
1.358310241699218750e+02 1.350238494873046875e+02 1.538356170654296875e+02
1.359862365722656250e+02 1.350352172851562500e+02 1.539584655761718750e+02
1.361569519042968750e+02 1.350391845703125000e+02 1.540736846923828125e+02
1.363396148681640625e+02 1.350388793945312500e+02 1.541843414306640625e+02
1.365251922607421875e+02 1.350361328125000000e+02 1.542956237792968750e+02
1.367002410888671875e+02 1.350317993164062500e+02 1.544144134521484375e+02
1.368512115478515625e+02 1.350266418457031250e+02 1.545476074218750000e+02
1.369645385742187500e+02 1.350214538574218750e+02 1.547021484375000000e+02
1.370276336669921875e+02 1.350167083740234375e+02 1.548844146728515625e+02
1.370588684082031250e+02 1.350021362304687500e+02 1.550837249755859375e+02
1.370960845947265625e+02 1.349673004150390625e+02 1.552775115966796875e+02
1.371223449707031250e+02 1.349386138916015625e+02 1.554741210937500000e+02
1.371541595458984375e+02 1.349150390625000000e+02 1.556713104248046875e+02
1.372019500732421875e+02 1.348948211669921875e+02 1.558667755126953125e+02
1.372593841552734375e+02 1.348802947998046875e+02 1.560609436035156250e+02
1.373186340332031250e+02 1.348741302490234375e+02 1.562545318603515625e+02
1.373718566894531250e+02 1.348790435791015625e+02 1.564482269287109375e+02
1.374112396240234375e+02 1.348977203369140625e+02 1.566427612304687500e+02
1.374304046630859375e+02 1.349299011230468750e+02 1.568390808105468750e+02
1.374461059570312500e+02 1.349347229003906250e+02 1.570409393310546875e+02
1.374620666503906250e+02 1.349157257080078125e+02 1.572445983886718750e+02
1.374719390869140625e+02 1.349009704589843750e+02 1.574432983398437500e+02
1.374700927734375000e+02 1.349173736572265625e+02 1.576307830810546875e+02
1.374675140380859375e+02 1.349692535400390625e+02 1.578115539550781250e+02
1.374910736083984375e+02 1.350391693115234375e+02 1.580004730224609375e+02
1.375681762695312500e+02 1.351088104248046875e+02 1.582126464843750000e+02
1.376994934082031250e+02 1.351640167236328125e+02 1.584402465820312500e+02
1.378267669677734375e+02 1.351998748779296875e+02 1.586247100830078125e+02
1.378838806152343750e+02 1.352126464843750000e+02 1.587007141113281250e+02
