1.439584503173828125e+02 1.330383605957031250e+02 1.650563812255859375e+02
1.439046936035156250e+02 1.331545257568359375e+02 1.649034576416015625e+02
1.438197631835937500e+02 1.332604980468750000e+02 1.647498168945312500e+02
1.437299499511718750e+02 1.333590240478515625e+02 1.645910186767578125e+02
1.436535186767578125e+02 1.334463958740234375e+02 1.644242858886718750e+02
1.436085815429687500e+02 1.335188293457031250e+02 1.642468109130859375e+02
1.436090698242187500e+02 1.335733337402343750e+02 1.640565185546875000e+02
1.436126861572265625e+02 1.336180114746093750e+02 1.638608093261718750e+02
1.435938720703125000e+02 1.336570739746093750e+02 1.636648864746093750e+02
1.435611877441406250e+02 1.336876983642578125e+02 1.634686126708984375e+02
1.435235137939453125e+02 1.337069854736328125e+02 1.632717895507812500e+02
1.434896697998046875e+02 1.337120819091796875e+02 1.630742034912109375e+02
1.434636230468750000e+02 1.337022705078125000e+02 1.628760375976562500e+02
1.434417572021484375e+02 1.336801300048828125e+02 1.626779785156250000e+02
1.434198455810546875e+02 1.336485443115234375e+02 1.624808197021484375e+02
1.433936157226562500e+02 1.336103668212890625e+02 1.622853088378906250e+02
1.433590240478515625e+02 1.335686340332031250e+02 1.620921478271484375e+02
1.433188171386718750e+02 1.335305328369140625e+02 1.618998718261718750e+02
1.432825469970703125e+02 1.335065612792968750e+02 1.617050018310546875e+02
1.432524566650390625e+02 1.334968872070312500e+02 1.615070495605468750e+02
1.432275543212890625e+02 1.334972229003906250e+02 1.613068542480468750e+02
1.432068176269531250e+02 1.335032196044921875e+02 1.611052856445312500e+02
1.431892242431640625e+02 1.335105895996093750e+02 1.609031524658203125e+02
1.431737670898437500e+02 1.335149688720703125e+02 1.607013397216796875e+02
1.431594390869140625e+02 1.335120697021484375e+02 1.605006866455078125e+02
1.431452178955078125e+02 1.334975585937500000e+02 1.603020324707031250e+02
1.431300811767578125e+02 1.334671173095703125e+02 1.601062469482421875e+02
1.431131134033203125e+02 1.334166717529296875e+02 1.599140930175781250e+02
1.431026611328125000e+02 1.333701782226562500e+02 1.597208251953125000e+02
1.431050262451171875e+02 1.333505096435546875e+02 1.595221557617187500e+02
1.431164245605468750e+02 1.333531341552734375e+02 1.593194427490234375e+02
1.431330566406250000e+02 1.333733367919921875e+02 1.591141052246093750e+02
1.431510620117187500e+02 1.334064025878906250e+02 1.589074859619140625e+02
1.431666259765625000e+02 1.334475860595703125e+02 1.587010192871093750e+02
1.431759033203125000e+02 1.334921875000000000e+02 1.584960937500000000e+02
1.431750640869140625e+02 1.335354766845703125e+02 1.582940826416015625e+02
1.431602783203125000e+02 1.335727233886718750e+02 1.580963897705078125e+02
1.431277160644531250e+02 1.335992279052734375e+02 1.579044036865234375e+02
1.430735321044921875e+02 1.336102447509765625e+02 1.577195434570312500e+02
1.429946289062500000e+02 1.336020050048828125e+02 1.575429229736328125e+02
1.428943176269531250e+02 1.335791625976562500e+02 1.573735504150390625e+02
1.427792816162109375e+02 1.335507965087890625e+02 1.572093048095703125e+02
1.426562042236328125e+02 1.335259704589843750e+02 1.570480499267578125e+02
1.425317840576171875e+02 1.335138092041015625e+02 1.568876342773437500e+02
1.424106750488281250e+02 1.335202331542968750e+02 1.567270812988281250e+02
1.422864837646484375e+02 1.335342864990234375e+02 1.565715026855468750e+02
1.421504974365234375e+02 1.335415191650390625e+02 1.564271240234375000e+02
1.420019683837890625e+02 1.335400390625000000e+02 1.562945251464843750e+02
1.418431243896484375e+02 1.335326080322265625e+02 1.561722106933593750e+02
1.416761779785156250e+02 1.335219573974609375e+02 1.560586547851562500e+02
1.415033569335937500e+02 1.335108642578125000e+02 1.559523925781250000e+02
1.413268737792968750e+02 1.335021057128906250e+02 1.558518829345703125e+02
1.411489715576171875e+02 1.334984130859375000e+02 1.557556457519531250e+02
1.409716644287109375e+02 1.335022888183593750e+02 1.556620483398437500e+02
1.407948455810546875e+02 1.335122985839843750e+02 1.555679931640625000e+02
1.406188964843750000e+02 1.335253601074218750e+02 1.554709777832031250e+02
1.404453582763671875e+02 1.335390167236328125e+02 1.553694152832031250e+02
1.402758331298828125e+02 1.335509033203125000e+02 1.552617034912109375e+02
1.401118469238281250e+02 1.335585784912109375e+02 1.551462707519531250e+02
1.399550018310546875e+02 1.335596466064453125e+02 1.550215301513671875e+02
1.398068389892578125e+02 1.335516815185546875e+02 1.548858795166015625e+02
1.396712188720703125e+02 1.335400543212890625e+02 1.547376251220703125e+02
1.395593414306640625e+02 1.335554656982421875e+02 1.545748138427734375e+02
1.394728393554687500e+02 1.336004638671875000e+02 1.543988494873046875e+02
1.394026947021484375e+02 1.336454162597656250e+02 1.542143402099609375e+02
1.393396759033203125e+02 1.336606750488281250e+02 1.540259094238281250e+02
1.392799530029296875e+02 1.336432952880859375e+02 1.538358001708984375e+02
1.392246856689453125e+02 1.336150970458984375e+02 1.536439971923828125e+02
1.391751861572265625e+02 1.335988464355468750e+02 1.534503784179687500e+02
1.391307983398437500e+02 1.336045684814453125e+02 1.532553253173828125e+02
1.390867462158203125e+02 1.336131896972656250e+02 1.530601501464843750e+02
1.390522003173828125e+02 1.336086120605468750e+02 1.528625946044921875e+02
1.390287628173828125e+02 1.335959167480468750e+02 1.526624908447265625e+02
1.390101623535156250e+02 1.335841217041015625e+02 1.524617309570312500e+02
1.389901733398437500e+02 1.335821533203125000e+02 1.522621917724609375e+02
1.389625091552734375e+02 1.335990142822265625e+02 1.520657653808593750e+02
1.389241180419921875e+02 1.336423339843750000e+02 1.518740234375000000e+02
1.389080810546875000e+02 1.337043914794921875e+02 1.516850128173828125e+02
1.389162902832031250e+02 1.337682189941406250e+02 1.514954986572265625e+02
1.389069824218750000e+02 1.338181915283203125e+02 1.513023681640625000e+02
1.388863677978515625e+02 1.338550720214843750e+02 1.511059722900390625e+02
1.388639068603515625e+02 1.338826141357421875e+02 1.509075927734375000e+02
1.388489837646484375e+02 1.339046020507812500e+02 1.507084503173828125e+02
1.388460083007812500e+02 1.339260711669921875e+02 1.505095672607421875e+02
1.388498077392578125e+02 1.339545593261718750e+02 1.503115997314453125e+02
1.388540802001953125e+02 1.339978179931640625e+02 1.501151123046875000e+02
1.388427886962890625e+02 1.340488281250000000e+02 1.499224548339843750e+02
1.387868957519531250e+02 1.340752105712890625e+02 1.497385253906250000e+02
1.386936798095703125e+02 1.340804748535156250e+02 1.495620880126953125e+02
1.385791320800781250e+02 1.340772094726562500e+02 1.493903961181640625e+02
1.384592742919921875e+02 1.340780181884765625e+02 1.492207183837890625e+02
1.383489990234375000e+02 1.340943756103515625e+02 1.490504760742187500e+02
1.382528533935546875e+02 1.341277008056640625e+02 1.488780212402343750e+02
1.381697540283203125e+02 1.341738891601562500e+02 1.487023162841796875e+02
1.380970916748046875e+02 1.342291564941406250e+02 1.485234222412109375e+02
1.380219116210937500e+02 1.342919769287109375e+02 1.483491210937500000e+02
1.379288787841796875e+02 1.343615875244140625e+02 1.481891174316406250e+02
1.378158416748046875e+02 1.344359130859375000e+02 1.480443267822265625e+02
1.376862030029296875e+02 1.345123138427734375e+02 1.479119873046875000e+02
1.375433502197265625e+02 1.345881500244140625e+02 1.477892761230468750e+02
1.373907012939453125e+02 1.346607971191406250e+02 1.476734161376953125e+02
1.372316741943359375e+02 1.347276153564453125e+02 1.475616149902343750e+02
1.370696716308593750e+02 1.347859497070312500e+02 1.474510803222656250e+02
1.369081726074218750e+02 1.348334503173828125e+02 1.473389892578125000e+02
1.367545471191406250e+02 1.348835449218750000e+02 1.472214813232421875e+02
1.366170806884765625e+02 1.349585723876953125e+02 1.470944824218750000e+02
1.364854278564453125e+02 1.350267028808593750e+02 1.469589538574218750e+02
1.363499908447265625e+02 1.350519104003906250e+02 1.468159942626953125e+02
1.362541198730468750e+02 1.351002502441406250e+02 1.466575469970703125e+02
1.361988067626953125e+02 1.351881408691406250e+02 1.464873504638671875e+02
1.361676483154296875e+02 1.353049621582031250e+02 1.463130798339843750e+02
1.361442260742187500e+02 1.354401092529296875e+02 1.461424255371093750e+02
1.361133270263671875e+02 1.355834045410156250e+02 1.459822845458984375e+02
1.360709686279296875e+02 1.357288208007812500e+02 1.458327178955078125e+02
1.360192413330078125e+02 1.358725738525390625e+02 1.456900177001953125e+02
1.359602355957031250e+02 1.360108489990234375e+02 1.455504608154296875e+02
1.358960723876953125e+02 1.361398925781250000e+02 1.454103546142578125e+02
1.358288574218750000e+02 1.362559051513671875e+02 1.452659606933593750e+02
1.357607269287109375e+02 1.363551177978515625e+02 1.451135559082031250e+02
1.356937866210937500e+02 1.364337463378906250e+02 1.449494323730468750e+02
1.356311187744140625e+02 1.364868774414062500e+02 1.447698211669921875e+02
1.355955963134765625e+02 1.364910736083984375e+02 1.445738372802734375e+02
1.355721893310546875e+02 1.364810638427734375e+02 1.443727111816406250e+02
1.355337829589843750e+02 1.365029449462890625e+02 1.441779785156250000e+02
1.354760131835937500e+02 1.365544281005859375e+02 1.439918975830078125e+02
1.354005737304687500e+02 1.366204223632812500e+02 1.438143157958984375e+02
1.353091125488281250e+02 1.366857910156250000e+02 1.436450653076171875e+02
1.352040710449218750e+02 1.367378082275390625e+02 1.434827117919921875e+02
1.350908660888671875e+02 1.367730712890625000e+02 1.433209381103515625e+02
1.349756164550781250e+02 1.367926025390625000e+02 1.431540374755859375e+02
1.348645782470703125e+02 1.368039855957031250e+02 1.429817962646484375e+02
1.347639617919921875e+02 1.368160247802734375e+02 1.428049468994140625e+02
1.346800231933593750e+02 1.368374633789062500e+02 1.426242523193359375e+02
1.346189880371093750e+02 1.368771057128906250e+02 1.424404907226562500e+02
1.345861511230468750e+02 1.369406738281250000e+02 1.422543029785156250e+02
1.345762786865234375e+02 1.370011291503906250e+02 1.420650634765625000e+02
1.345817871093750000e+02 1.370359344482421875e+02 1.418724060058593750e+02
1.345991973876953125e+02 1.370476684570312500e+02 1.416768341064453125e+02
1.346251983642578125e+02 1.370399475097656250e+02 1.414789733886718750e+02
1.346565093994140625e+02 1.370164184570312500e+02 1.412794189453125000e+02
1.346898345947265625e+02 1.369807128906250000e+02 1.410787353515625000e+02
1.347218627929687500e+02 1.369364471435546875e+02 1.408775482177734375e+02
1.347493286132812500e+02 1.368872680664062500e+02 1.406764373779296875e+02
1.347688903808593750e+02 1.368367767333984375e+02 1.404759979248046875e+02
1.347772979736328125e+02 1.367886352539062500e+02 1.402768096923828125e+02
1.347712249755859375e+02 1.367464599609375000e+02 1.400794982910156250e+02
1.347482452392578125e+02 1.367129516601562500e+02 1.398844757080078125e+02
1.347098693847656250e+02 1.366864318847656250e+02 1.396914672851562500e+02
1.346588439941406250e+02 1.366639099121093750e+02 1.394999694824218750e+02
1.345979003906250000e+02 1.366424102783203125e+02 1.393094787597656250e+02
1.345297851562500000e+02 1.366189270019531250e+02 1.391194915771484375e+02
1.344572296142578125e+02 1.365904998779296875e+02 1.389295196533203125e+02
1.343838348388671875e+02 1.365553283691406250e+02 1.387393798828125000e+02
1.343145751953125000e+02 1.365133972167968750e+02 1.385493774414062500e+02
1.342544708251953125e+02 1.364648742675781250e+02 1.383598937988281250e+02
1.342085876464843750e+02 1.364098968505859375e+02 1.381712646484375000e+02
1.341820068359375000e+02 1.363486175537109375e+02 1.379838714599609375e+02
1.341797485351562500e+02 1.362811889648437500e+02 1.377980651855468750e+02
1.342063751220703125e+02 1.362078552246093750e+02 1.376141510009765625e+02
1.342576293945312500e+02 1.361307220458984375e+02 1.374317321777343750e+02
1.343216094970703125e+02 1.360535125732421875e+02 1.372498016357421875e+02
1.343861694335937500e+02 1.359799346923828125e+02 1.370673065185546875e+02
1.344391784667968750e+02 1.359137725830078125e+02 1.368832244873046875e+02
1.344685058593750000e+02 1.358587493896484375e+02 1.366965179443359375e+02
1.344620056152343750e+02 1.358186035156250000e+02 1.365061340332031250e+02
1.344177551269531250e+02 1.357933502197265625e+02 1.363118743896484375e+02
1.343833312988281250e+02 1.357646026611328125e+02 1.361175079345703125e+02
1.344031829833984375e+02 1.357152099609375000e+02 1.359266662597656250e+02
1.344470520019531250e+02 1.356555480957031250e+02 1.357371368408203125e+02
1.344803466796875000e+02 1.355979614257812500e+02 1.355463409423828125e+02
1.345012054443359375e+02 1.355434112548828125e+02 1.353542175292968750e+02
1.345120544433593750e+02 1.354913330078125000e+02 1.351610412597656250e+02
1.345153503417968750e+02 1.354412078857421875e+02 1.349670562744140625e+02
1.345135040283203125e+02 1.353924713134765625e+02 1.347725524902343750e+02
1.345089874267578125e+02 1.353445892333984375e+02 1.345777587890625000e+02
1.345042419433593750e+02 1.352969970703125000e+02 1.343829650878906250e+02
1.345016784667968750e+02 1.352491607666015625e+02 1.341884155273437500e+02
1.345037689208984375e+02 1.352005157470703125e+02 1.339943695068359375e+02
1.345129547119140625e+02 1.351505432128906250e+02 1.338011169433593750e+02
1.345316619873046875e+02 1.350986785888671875e+02 1.336088867187500000e+02
1.345556488037109375e+02 1.350474395751953125e+02 1.334169311523437500e+02
1.345641479492187500e+02 1.350063476562500000e+02 1.332219238281250000e+02
1.345646820068359375e+02 1.349699859619140625e+02 1.330249481201171875e+02
1.345726470947265625e+02 1.349289093017578125e+02 1.328283233642578125e+02
1.345920715332031250e+02 1.348768005371093750e+02 1.326343688964843750e+02
1.346001739501953125e+02 1.348146667480468750e+02 1.324455108642578125e+02
1.345748596191406250e+02 1.347450103759765625e+02 1.322635650634765625e+02
1.345172424316406250e+02 1.346723632812500000e+02 1.320873870849609375e+02
1.344357910156250000e+02 1.346018524169921875e+02 1.319149169921875000e+02
1.343389434814453125e+02 1.345386199951171875e+02 1.317440795898437500e+02
1.342351379394531250e+02 1.344878234863281250e+02 1.315727996826171875e+02
1.341328277587890625e+02 1.344545745849609375e+02 1.313990325927734375e+02
1.340402221679687500e+02 1.344437408447265625e+02 1.312207489013671875e+02
1.339595336914062500e+02 1.344526519775390625e+02 1.310377655029296875e+02
1.338864288330078125e+02 1.344703674316406250e+02 1.308518829345703125e+02
1.338162536621093750e+02 1.344861297607421875e+02 1.306649627685546875e+02
1.337445220947265625e+02 1.344900512695312500e+02 1.304792938232421875e+02
1.336691589355468750e+02 1.344647521972656250e+02 1.302966613769531250e+02
1.335935974121093750e+02 1.344278106689453125e+02 1.301137542724609375e+02
1.335214996337890625e+02 1.343990478515625000e+02 1.299270324707031250e+02
1.334541778564453125e+02 1.343951721191406250e+02 1.297351837158203125e+02
1.333819580078125000e+02 1.344181518554687500e+02 1.295472412109375000e+02
1.332919311523437500e+02 1.344656829833984375e+02 1.293753356933593750e+02
1.331765594482421875e+02 1.345315856933593750e+02 1.292259674072265625e+02
1.330558013916015625e+02 1.345916137695312500e+02 1.290777893066406250e+02
1.329376831054687500e+02 1.346401977539062500e+02 1.289234313964843750e+02
1.328211517333984375e+02 1.346822967529296875e+02 1.287655487060546875e+02
1.327051696777343750e+02 1.347228546142578125e+02 1.286068420410156250e+02
1.325886840820312500e+02 1.347668151855468750e+02 1.284499969482421875e+02
1.324706420898437500e+02 1.348191375732421875e+02 1.282976837158203125e+02
1.323503265380859375e+02 1.348841857910156250e+02 1.281521148681640625e+02
1.322310180664062500e+02 1.349585571289062500e+02 1.280093536376953125e+02
1.321188201904296875e+02 1.350335540771484375e+02 1.278612365722656250e+02
1.320195312500000000e+02 1.351010742187500000e+02 1.277001647949218750e+02
1.319343414306640625e+02 1.351622314453125000e+02 1.275268020629882812e+02
1.318611297607421875e+02 1.352247619628906250e+02 1.273477249145507812e+02
1.317977752685546875e+02 1.352965545654296875e+02 1.271696319580078125e+02
1.317420959472656250e+02 1.353854522705078125e+02 1.269992141723632812e+02
1.316921691894531250e+02 1.354988098144531250e+02 1.268428573608398438e+02
1.316627655029296875e+02 1.356059722900390625e+02 1.266831207275390625e+02
1.316593475341796875e+02 1.356875305175781250e+02 1.265082778930664062e+02
1.316753692626953125e+02 1.357478942871093750e+02 1.263210754394531250e+02
1.317042541503906250e+02 1.357914733886718750e+02 1.261242675781250000e+02
1.317394104003906250e+02 1.358226623535156250e+02 1.259205856323242188e+02
1.317743072509765625e+02 1.358459014892578125e+02 1.257127838134765625e+02
1.318023529052734375e+02 1.358655853271484375e+02 1.255035934448242188e+02
1.318169860839843750e+02 1.358861389160156250e+02 1.252957687377929688e+02
1.318116149902343750e+02 1.359119567871093750e+02 1.250920562744140625e+02
1.317802581787109375e+02 1.359472656250000000e+02 1.248950500488281250e+02
1.317281188964843750e+02 1.359917907714843750e+02 1.247045211791992188e+02
1.316710968017578125e+02 1.360411682128906250e+02 1.245175323486328125e+02
1.316254730224609375e+02 1.360907897949218750e+02 1.243310546875000000e+02
1.316068572998046875e+02 1.361362304687500000e+02 1.241421432495117188e+02
1.316178283691406250e+02 1.361755523681640625e+02 1.239497146606445312e+02
1.316487121582031250e+02 1.362091522216796875e+02 1.237544326782226562e+02
1.316893768310546875e+02 1.362375183105468750e+02 1.235570144653320312e+02
1.317296905517578125e+02 1.362611541748046875e+02 1.233581848144531250e+02
1.317595214843750000e+02 1.362805480957031250e+02 1.231586608886718750e+02
1.317690887451171875e+02 1.362962188720703125e+02 1.229591522216796875e+02
1.317565917968750000e+02 1.363094787597656250e+02 1.227601318359375000e+02
1.317282867431640625e+02 1.363223419189453125e+02 1.225618133544921875e+02
1.316907653808593750e+02 1.363369140625000000e+02 1.223644180297851562e+02
1.316501312255859375e+02 1.363553314208984375e+02 1.221682205200195312e+02
1.316067047119140625e+02 1.363809356689453125e+02 1.219744186401367188e+02
1.315568542480468750e+02 1.364179077148437500e+02 1.217847747802734375e+02
1.315126495361328125e+02 1.364682617187500000e+02 1.215952835083007812e+02
1.314757843017578125e+02 1.365266723632812500e+02 1.214053344726562500e+02
1.313908386230468750e+02 1.365833587646484375e+02 1.212357254028320312e+02
1.312741241455078125e+02 1.366493377685546875e+02 1.210904006958007812e+02
1.311441802978515625e+02 1.367217712402343750e+02 1.209587554931640625e+02
1.310059814453125000e+02 1.367911529541015625e+02 1.208305969238281250e+02
1.308645019531250000e+02 1.368480224609375000e+02 1.206957397460937500e+02
1.307244720458984375e+02 1.368835296630859375e+02 1.205447463989257812e+02
1.305858917236328125e+02 1.369019622802734375e+02 1.203825912475585938e+02
1.304444580078125000e+02 1.369194030761718750e+02 1.202272491455078125e+02
1.302957000732421875e+02 1.369523620605468750e+02 1.200971679687500000e+02
1.301351928710937500e+02 1.370173645019531250e+02 1.200107879638671875e+02
1.299638061523437500e+02 1.371253509521484375e+02 1.199756240844726562e+02
1.298505401611328125e+02 1.372144470214843750e+02 1.198571472167968750e+02
1.297633972167968750e+02 1.373000488281250000e+02 1.196950531005859375e+02
1.296410369873046875e+02 1.374230041503906250e+02 1.195927352905273438e+02
1.295067138671875000e+02 1.375509185791015625e+02 1.195065689086914062e+02
1.293833465576171875e+02 1.376533813476562500e+02 1.193938980102539062e+02
1.292735290527343750e+02 1.377278594970703125e+02 1.192501373291015625e+02
1.291722259521484375e+02 1.377821807861328125e+02 1.190848846435546875e+02
1.290743865966796875e+02 1.378241882324218750e+02 1.189077835083007812e+02
1.289750061035156250e+02 1.378617401123046875e+02 1.187284545898437500e+02
1.288690338134765625e+02 1.379026947021484375e+02 1.185565414428710938e+02
1.287520599365234375e+02 1.379547424316406250e+02 1.184009628295898438e+02
1.286338958740234375e+02 1.380215911865234375e+02 1.182545013427734375e+02
1.285240631103515625e+02 1.381004943847656250e+02 1.181066436767578125e+02
1.284206542968750000e+02 1.381865844726562500e+02 1.179568634033203125e+02
1.283215026855468750e+02 1.382749023437500000e+02 1.178049163818359375e+02
1.282243804931640625e+02 1.383605194091796875e+02 1.176505661010742188e+02
1.281270904541015625e+02 1.384384918212890625e+02 1.174935684204101562e+02
1.280274505615234375e+02 1.385038909912109375e+02 1.173336715698242188e+02
1.279233398437500000e+02 1.385519104003906250e+02 1.171706314086914062e+02
1.278179550170898438e+02 1.385837707519531250e+02 1.170032424926757812e+02
1.277219543457031250e+02 1.386092224121093750e+02 1.168290100097656250e+02
1.276415176391601562e+02 1.386404266357421875e+02 1.166481781005859375e+02
1.275586166381835938e+02 1.386977386474609375e+02 1.164747924804687500e+02
1.274701766967773438e+02 1.387914428710937500e+02 1.163182144165039062e+02
1.273995513916015625e+02 1.389169769287109375e+02 1.161771774291992188e+02
1.273674011230468750e+02 1.390680084228515625e+02 1.160498199462890625e+02
1.273703460693359375e+02 1.392327880859375000e+02 1.159341430664062500e+02
1.273892059326171875e+02 1.394024963378906250e+02 1.158290328979492188e+02
1.273884124755859375e+02 1.395790557861328125e+02 1.157351684570312500e+02
1.273608703613281250e+02 1.397399444580078125e+02 1.156349411010742188e+02
1.273264007568359375e+02 1.398807067871093750e+02 1.155150985717773438e+02
1.272958984375000000e+02 1.400248260498046875e+02 1.153781204223632812e+02
1.272802352905273438e+02 1.401959075927734375e+02 1.152265090942382812e+02
1.272852020263671875e+02 1.404030761718750000e+02 1.150664520263671875e+02
1.273040847778320312e+02 1.406198272705078125e+02 1.149131240844726562e+02
1.273282546997070312e+02 1.408142089843750000e+02 1.147830963134765625e+02
1.273490829467773438e+02 1.409542694091796875e+02 1.146929321289062500e+02
1.273579406738281250e+02 1.410080566406250000e+02 1.146591949462890625e+02
