1.247173995971679688e+02 1.225493392944335938e+02 1.193360366821289062e+02
1.247466201782226562e+02 1.225783309936523438e+02 1.193430709838867188e+02
1.248267974853515625e+02 1.226591033935546875e+02 1.193627929687500000e+02
1.249467239379882812e+02 1.227823638916015625e+02 1.193931121826171875e+02
1.250951919555664062e+02 1.229388198852539062e+02 1.194319381713867188e+02
1.252609786987304688e+02 1.231191711425781250e+02 1.194771804809570312e+02
1.254328765869140625e+02 1.233141174316406250e+02 1.195267639160156250e+02
1.255996780395507812e+02 1.235143737792968750e+02 1.195785827636718750e+02
1.257501525878906250e+02 1.237106323242187500e+02 1.196305618286132812e+02
1.258731231689453125e+02 1.238936157226562500e+02 1.196806335449218750e+02
1.259646377563476562e+02 1.240620956420898438e+02 1.197355117797851562e+02
1.260499038696289062e+02 1.242245178222656250e+02 1.198149414062500000e+02
1.261661148071289062e+02 1.243617477416992188e+02 1.199039764404296875e+02
1.262800598144531250e+02 1.244952468872070312e+02 1.200018386840820312e+02
1.263672561645507812e+02 1.246428222656250000e+02 1.201071166992187500e+02
1.264506912231445312e+02 1.247954711914062500e+02 1.202075119018554688e+02
1.265588607788085938e+02 1.249405899047851562e+02 1.202902832031250000e+02
1.266932983398437500e+02 1.250742492675781250e+02 1.203597640991210938e+02
1.268363647460937500e+02 1.251986618041992188e+02 1.204324493408203125e+02
1.269699707031250000e+02 1.253162002563476562e+02 1.205251007080078125e+02
1.270950164794921875e+02 1.254228134155273438e+02 1.206396484375000000e+02
1.272432327270507812e+02 1.255110931396484375e+02 1.207456893920898438e+02
1.273824691772460938e+02 1.256032791137695312e+02 1.208536148071289062e+02
1.274853820800781250e+02 1.257171020507812500e+02 1.209740295410156250e+02
1.275585327148437500e+02 1.258474655151367188e+02 1.211063919067382812e+02
1.276160888671875000e+02 1.259841461181640625e+02 1.212476882934570312e+02
1.276722488403320312e+02 1.261169128417968750e+02 1.213948898315429688e+02
1.277411804199218750e+02 1.262355422973632812e+02 1.215449829101562500e+02
1.278329772949218750e+02 1.263309936523437500e+02 1.216962585449218750e+02
1.279370651245117188e+02 1.264002227783203125e+02 1.218536605834960938e+02
1.280343475341796875e+02 1.264417419433593750e+02 1.220242004394531250e+02
1.281054992675781250e+02 1.264530944824218750e+02 1.222114868164062500e+02
1.281697998046875000e+02 1.264329376220703125e+02 1.224011001586914062e+02
1.282520751953125000e+02 1.263861541748046875e+02 1.225781555175781250e+02
1.283502960205078125e+02 1.263363571166992188e+02 1.227463226318359375e+02
1.284570159912109375e+02 1.263077087402343750e+02 1.229126129150390625e+02
1.285657806396484375e+02 1.263016052246093750e+02 1.230807342529296875e+02
1.286705780029296875e+02 1.263097534179687500e+02 1.232529983520507812e+02
1.287653503417968750e+02 1.263238143920898438e+02 1.234317092895507812e+02
1.288476104736328125e+02 1.263373260498046875e+02 1.236171340942382812e+02
1.289312133789062500e+02 1.263525772094726562e+02 1.238000030517578125e+02
1.290347900390625000e+02 1.263743820190429688e+02 1.239682693481445312e+02
1.291633911132812500e+02 1.264069595336914062e+02 1.241186370849609375e+02
1.292534332275390625e+02 1.264487609863281250e+02 1.242916030883789062e+02
1.293069305419921875e+02 1.264861373901367188e+02 1.244840316772460938e+02
1.293457031250000000e+02 1.265114898681640625e+02 1.246804275512695312e+02
1.293725738525390625e+02 1.265305709838867188e+02 1.248786926269531250e+02
1.293889770507812500e+02 1.265501327514648438e+02 1.250777359008789062e+02
1.293963470458984375e+02 1.265769119262695312e+02 1.252764663696289062e+02
1.293961334228515625e+02 1.266176376342773438e+02 1.254737854003906250e+02
1.293930511474609375e+02 1.266737060546875000e+02 1.256688156127929688e+02
1.293998260498046875e+02 1.267336349487304688e+02 1.258611755371093750e+02
1.294303131103515625e+02 1.267840270996093750e+02 1.260505676269531250e+02
1.294911804199218750e+02 1.268146209716796875e+02 1.262376403808593750e+02
1.295620574951171875e+02 1.268267745971679688e+02 1.264266586303710938e+02
1.296184997558593750e+02 1.268248519897460938e+02 1.266220321655273438e+02
1.296537017822265625e+02 1.268150863647460938e+02 1.268231964111328125e+02
1.296690826416015625e+02 1.268045959472656250e+02 1.270272369384765625e+02
1.296660614013671875e+02 1.268005065917968750e+02 1.272312316894531250e+02
1.296461029052734375e+02 1.268099365234375000e+02 1.274322509765625000e+02
1.296106262207031250e+02 1.268400115966796875e+02 1.276273727416992188e+02
1.295743255615234375e+02 1.268723907470703125e+02 1.278225173950195312e+02
1.295498962402343750e+02 1.268861999511718750e+02 1.280232391357421875e+02
1.295380859375000000e+02 1.268835983276367188e+02 1.282265930175781250e+02
1.295396270751953125e+02 1.268667373657226562e+02 1.284296875000000000e+02
1.295552978515625000e+02 1.268377761840820312e+02 1.286295928955078125e+02
1.295794677734375000e+02 1.267978439331054688e+02 1.288248596191406250e+02
1.295821533203125000e+02 1.267454681396484375e+02 1.290207824707031250e+02
1.295663452148437500e+02 1.266867980957031250e+02 1.292176818847656250e+02
1.295412750244140625e+02 1.266292037963867188e+02 1.294147338867187500e+02
1.295162048339843750e+02 1.265800781250000000e+02 1.296110687255859375e+02
1.295003967285156250e+02 1.265468063354492188e+02 1.298058471679687500e+02
1.295030975341796875e+02 1.265367584228515625e+02 1.299981994628906250e+02
1.295309295654296875e+02 1.265551071166992188e+02 1.301875915527343750e+02
1.295786437988281250e+02 1.265970458984375000e+02 1.303748321533203125e+02
1.296376953125000000e+02 1.266550064086914062e+02 1.305611114501953125e+02
1.296995239257812500e+02 1.267213745117187500e+02 1.307476043701171875e+02
1.297555847167968750e+02 1.267885894775390625e+02 1.309354858398437500e+02
1.298001251220703125e+02 1.268518676757812500e+02 1.311252593994140625e+02
1.298345642089843750e+02 1.269135360717773438e+02 1.313155975341796875e+02
1.298614044189453125e+02 1.269770126342773438e+02 1.315048828125000000e+02
1.298831481933593750e+02 1.270457382202148438e+02 1.316915283203125000e+02
1.299023284912109375e+02 1.271231307983398438e+02 1.318739318847656250e+02
1.299214324951171875e+02 1.272126312255859375e+02 1.320505065917968750e+02
1.299433898925781250e+02 1.273166809082031250e+02 1.322200012207031250e+02
1.299784851074218750e+02 1.274173355102539062e+02 1.323888702392578125e+02
1.300283203125000000e+02 1.275058441162109375e+02 1.325609283447265625e+02
1.300867462158203125e+02 1.275875396728515625e+02 1.327350311279296875e+02
1.301475524902343750e+02 1.276677856445312500e+02 1.329100646972656250e+02
1.302045745849609375e+02 1.277518844604492188e+02 1.330848846435546875e+02
1.302525482177734375e+02 1.278420104980468750e+02 1.332591705322265625e+02
1.302874450683593750e+02 1.279360046386718750e+02 1.334336853027343750e+02
1.303053436279296875e+02 1.280314178466796875e+02 1.336092834472656250e+02
1.303023986816406250e+02 1.281257629394531250e+02 1.337867889404296875e+02
1.302791900634765625e+02 1.282170867919921875e+02 1.339666595458984375e+02
1.302421264648437500e+02 1.283040313720703125e+02 1.341487884521484375e+02
1.301980133056640625e+02 1.283852691650390625e+02 1.343330841064453125e+02
1.301536560058593750e+02 1.284595184326171875e+02 1.345194091796875000e+02
1.301158752441406250e+02 1.285254516601562500e+02 1.347076263427734375e+02
1.300914764404296875e+02 1.285817565917968750e+02 1.348976440429687500e+02
1.300872650146484375e+02 1.286271362304687500e+02 1.350893249511718750e+02
1.301099243164062500e+02 1.286600189208984375e+02 1.352826385498046875e+02
1.301574096679687500e+02 1.286666412353515625e+02 1.354821624755859375e+02
1.302063293457031250e+02 1.286653900146484375e+02 1.356818695068359375e+02
1.302248077392578125e+02 1.287216949462890625e+02 1.358594665527343750e+02
1.302030639648437500e+02 1.288532562255859375e+02 1.360085449218750000e+02
1.301631164550781250e+02 1.290073089599609375e+02 1.361461181640625000e+02
1.301279602050781250e+02 1.291477508544921875e+02 1.362871856689453125e+02
1.301181030273437500e+02 1.292891998291015625e+02 1.364402618408203125e+02
1.301275024414062500e+02 1.294184112548828125e+02 1.366063995361328125e+02
1.301459503173828125e+02 1.295203247070312500e+02 1.367849121093750000e+02
1.301632995605468750e+02 1.295798950195312500e+02 1.369750976562500000e+02
1.301676788330078125e+02 1.295998382568359375e+02 1.371732482910156250e+02
1.301476135253906250e+02 1.296548919677734375e+02 1.373639984130859375e+02
1.301096038818359375e+02 1.297417144775390625e+02 1.375460968017578125e+02
1.300620422363281250e+02 1.298442535400390625e+02 1.377205352783203125e+02
1.300130004882812500e+02 1.299529418945312500e+02 1.378885803222656250e+02
1.299702758789062500e+02 1.300654144287109375e+02 1.380517425537109375e+02
1.299415893554687500e+02 1.301796875000000000e+02 1.382115631103515625e+02
1.299347076416015625e+02 1.302937469482421875e+02 1.383695983886718750e+02
1.299552154541015625e+02 1.304058685302734375e+02 1.385272521972656250e+02
1.299988708496093750e+02 1.305155334472656250e+02 1.386853790283203125e+02
1.300586395263671875e+02 1.306225738525390625e+02 1.388446655273437500e+02
1.301274871826171875e+02 1.307267761230468750e+02 1.390057830810546875e+02
1.301983795166015625e+02 1.308280029296875000e+02 1.391694183349609375e+02
1.302642517089843750e+02 1.309260559082031250e+02 1.393362731933593750e+02
1.303180999755859375e+02 1.310207519531250000e+02 1.395070190429687500e+02
1.303544311523437500e+02 1.311121520996093750e+02 1.396820220947265625e+02
1.303818054199218750e+02 1.312021026611328125e+02 1.398588867187500000e+02
1.303510437011718750e+02 1.312710723876953125e+02 1.400488586425781250e+02
1.303385772705078125e+02 1.313162994384765625e+02 1.402427520751953125e+02
1.304063720703125000e+02 1.313600006103515625e+02 1.404271087646484375e+02
1.304720458984375000e+02 1.314254913330078125e+02 1.406071014404296875e+02
1.305349884033203125e+02 1.315037994384765625e+02 1.407841186523437500e+02
1.305985565185546875e+02 1.315849304199218750e+02 1.409592742919921875e+02
1.306661224365234375e+02 1.316588439941406250e+02 1.411336669921875000e+02
1.307410888671875000e+02 1.317155303955078125e+02 1.413083801269531250e+02
1.308267517089843750e+02 1.317450103759765625e+02 1.414845428466796875e+02
1.309166717529296875e+02 1.317532043457031250e+02 1.416641235351562500e+02
1.309833984375000000e+02 1.317792358398437500e+02 1.418508911132812500e+02
1.310208282470703125e+02 1.318188934326171875e+02 1.420442047119140625e+02
1.310380401611328125e+02 1.318509063720703125e+02 1.422414245605468750e+02
1.310408935546875000e+02 1.318736877441406250e+02 1.424415130615234375e+02
1.310350646972656250e+02 1.318864288330078125e+02 1.426434783935546875e+02
1.310262756347656250e+02 1.318884124755859375e+02 1.428463745117187500e+02
1.310202026367187500e+02 1.318788452148437500e+02 1.430491943359375000e+02
1.310225219726562500e+02 1.318569946289062500e+02 1.432509765625000000e+02
1.310389404296875000e+02 1.318220672607421875e+02 1.434507598876953125e+02
1.310728759765625000e+02 1.317741088867187500e+02 1.436477050781250000e+02
1.311148529052734375e+02 1.317177734375000000e+02 1.438419799804687500e+02
1.311507720947265625e+02 1.316593017578125000e+02 1.440340270996093750e+02
1.311665954589843750e+02 1.316049346923828125e+02 1.442243499755859375e+02
1.311482391357421875e+02 1.315609588623046875e+02 1.444133911132812500e+02
1.310912628173828125e+02 1.315325469970703125e+02 1.446023254394531250e+02
1.310322418212890625e+02 1.315204620361328125e+02 1.447951812744140625e+02
1.310089721679687500e+02 1.315198669433593750e+02 1.449947509765625000e+02
1.310014495849609375e+02 1.315003662109375000e+02 1.451921997070312500e+02
1.309915924072265625e+02 1.314484863281250000e+02 1.453825683593750000e+02
1.309808807373046875e+02 1.313726043701171875e+02 1.455677642822265625e+02
1.309714355468750000e+02 1.312817840576171875e+02 1.457498474121093750e+02
1.309653167724609375e+02 1.311850585937500000e+02 1.459309387207031250e+02
1.309646148681640625e+02 1.310914916992187500e+02 1.461130981445312500e+02
1.309714202880859375e+02 1.310101318359375000e+02 1.462984313964843750e+02
1.309877471923828125e+02 1.309498138427734375e+02 1.464889678955078125e+02
1.310011596679687500e+02 1.308668060302734375e+02 1.466697082519531250e+02
1.310161895751953125e+02 1.307426147460937500e+02 1.468314819335937500e+02
1.310548553466796875e+02 1.306068572998046875e+02 1.469797515869140625e+02
1.311324005126953125e+02 1.304873504638671875e+02 1.471217498779296875e+02
1.312323303222656250e+02 1.304016723632812500e+02 1.472720642089843750e+02
1.313453216552734375e+02 1.303496551513671875e+02 1.474308013916015625e+02
1.314729614257812500e+02 1.303215637207031250e+02 1.475871429443359375e+02
1.316170196533203125e+02 1.303075561523437500e+02 1.477300872802734375e+02
1.317763214111328125e+02 1.303001403808593750e+02 1.478545379638671875e+02
1.319431915283203125e+02 1.302971496582031250e+02 1.479684143066406250e+02
1.321091156005859375e+02 1.302971496582031250e+02 1.480814056396484375e+02
1.322655181884765625e+02 1.302986602783203125e+02 1.482031707763671875e+02
1.324048767089843750e+02 1.303005065917968750e+02 1.483422698974609375e+02
1.325270843505859375e+02 1.303034973144531250e+02 1.484986267089843750e+02
1.326354675292968750e+02 1.303093414306640625e+02 1.486683349609375000e+02
1.327333374023437500e+02 1.303197784423828125e+02 1.488474578857421875e+02
1.328240203857421875e+02 1.303365173339843750e+02 1.490320434570312500e+02
1.329108581542968750e+02 1.303612823486328125e+02 1.492181396484375000e+02
1.329971618652343750e+02 1.303957977294921875e+02 1.494018249511718750e+02
1.330862426757812500e+02 1.304417877197265625e+02 1.495791473388671875e+02
1.331814270019531250e+02 1.305009765625000000e+02 1.497461395263671875e+02
1.332859039306640625e+02 1.305749664306640625e+02 1.498990783691406250e+02
1.333981323242187500e+02 1.306619873046875000e+02 1.500399322509765625e+02
1.335112304687500000e+02 1.307564086914062500e+02 1.501772003173828125e+02
1.336183166503906250e+02 1.308524780273437500e+02 1.503193817138671875e+02
1.337165985107421875e+02 1.309458770751953125e+02 1.504700927734375000e+02
1.338063964843750000e+02 1.310334167480468750e+02 1.506291351318359375e+02
1.338881378173828125e+02 1.311119232177734375e+02 1.507962493896484375e+02
1.339621887207031250e+02 1.311782073974609375e+02 1.509711761474609375e+02
1.340290069580078125e+02 1.312290954589843750e+02 1.511536407470703125e+02
1.340896759033203125e+02 1.312617645263671875e+02 1.513426361083984375e+02
1.341477508544921875e+02 1.312745819091796875e+02 1.515347290039062500e+02
1.342061462402343750e+02 1.312683715820312500e+02 1.517265625000000000e+02
1.342581024169921875e+02 1.312614593505859375e+02 1.519203948974609375e+02
1.343025817871093750e+02 1.312584228515625000e+02 1.521167144775390625e+02
1.343406677246093750e+02 1.312594146728515625e+02 1.523150787353515625e+02
1.343734130859375000e+02 1.312646026611328125e+02 1.525149993896484375e+02
1.344019165039062500e+02 1.312741394042968750e+02 1.527160186767578125e+02
1.344272613525390625e+02 1.312882080078125000e+02 1.529176635742187500e+02
1.344505157470703125e+02 1.313069458007812500e+02 1.531194458007812500e+02
1.344727630615234375e+02 1.313305206298828125e+02 1.533209228515625000e+02
1.344950866699218750e+02 1.313591003417968750e+02 1.535216064453125000e+02
1.345185546875000000e+02 1.313928375244140625e+02 1.537210235595703125e+02
1.345442504882812500e+02 1.314319000244140625e+02 1.539187164306640625e+02
1.345732727050781250e+02 1.314764709472656250e+02 1.541142120361328125e+02
1.346066741943359375e+02 1.315266723632812500e+02 1.543070373535156250e+02
1.346455535888671875e+02 1.315826873779296875e+02 1.544967193603515625e+02
1.346909790039062500e+02 1.316446838378906250e+02 1.546827850341796875e+02
1.347440185546875000e+02 1.317127990722656250e+02 1.548647766113281250e+02
1.348057708740234375e+02 1.317872314453125000e+02 1.550422058105468750e+02
1.348750457763671875e+02 1.318693389892578125e+02 1.552138671875000000e+02
1.349465332031250000e+02 1.319627685546875000e+02 1.553771209716796875e+02
1.350144348144531250e+02 1.320714263916015625e+02 1.555292205810546875e+02
1.350744934082031250e+02 1.321979370117187500e+02 1.556682586669921875e+02
1.351281585693359375e+02 1.323402709960937500e+02 1.557954406738281250e+02
1.351781768798828125e+02 1.324953155517578125e+02 1.559127502441406250e+02
1.352272796630859375e+02 1.326599884033203125e+02 1.560221099853515625e+02
1.352782287597656250e+02 1.328311920166015625e+02 1.561255035400390625e+02
1.353336181640625000e+02 1.330058441162109375e+02 1.562248687744140625e+02
1.353946685791015625e+02 1.331807098388671875e+02 1.563222656250000000e+02
1.354616851806640625e+02 1.333525390625000000e+02 1.564198150634765625e+02
1.355350189208984375e+02 1.335180816650390625e+02 1.565196380615234375e+02
1.356149749755859375e+02 1.336740570068359375e+02 1.566238555908203125e+02
1.357018737792968750e+02 1.338171997070312500e+02 1.567345733642578125e+02
1.357960357666015625e+02 1.339442443847656250e+02 1.568539123535156250e+02
1.358977966308593750e+02 1.340519256591796875e+02 1.569840087890625000e+02
1.360075531005859375e+02 1.341374664306640625e+02 1.571264801025390625e+02
1.361284637451171875e+02 1.342154693603515625e+02 1.572661743164062500e+02
1.362598266601562500e+02 1.342928314208984375e+02 1.573967895507812500e+02
1.363980560302734375e+02 1.343650512695312500e+02 1.575236511230468750e+02
1.365395812988281250e+02 1.344276428222656250e+02 1.576520843505859375e+02
1.366810455322265625e+02 1.344765777587890625e+02 1.577869415283203125e+02
1.368238220214843750e+02 1.345189971923828125e+02 1.579223480224609375e+02
1.369740905761718750e+02 1.345732421875000000e+02 1.580415954589843750e+02
1.371310119628906250e+02 1.346509399414062500e+02 1.581396789550781250e+02
1.372766876220703125e+02 1.347454833984375000e+02 1.582407989501953125e+02
1.374155883789062500e+02 1.348332824707031250e+02 1.583548583984375000e+02
1.375645599365234375e+02 1.349014892578125000e+02 1.584706878662109375e+02
1.377237396240234375e+02 1.349638824462890625e+02 1.585784759521484375e+02
1.378854980468750000e+02 1.350287628173828125e+02 1.586801452636718750e+02
1.380348968505859375e+02 1.350977783203125000e+02 1.587897033691406250e+02
1.381612854003906250e+02 1.351716156005859375e+02 1.589172973632812500e+02
1.382652435302734375e+02 1.352495117187500000e+02 1.590621643066406250e+02
1.383490295410156250e+02 1.353305053710937500e+02 1.592219085693359375e+02
1.384148864746093750e+02 1.354136199951171875e+02 1.593941650390625000e+02
1.384651184082031250e+02 1.354978485107421875e+02 1.595765228271484375e+02
1.385019683837890625e+02 1.355822601318359375e+02 1.597665863037109375e+02
1.385277099609375000e+02 1.356658477783203125e+02 1.599619750976562500e+02
1.385446014404296875e+02 1.357476348876953125e+02 1.601603088378906250e+02
1.385549011230468750e+02 1.358266601562500000e+02 1.603591918945312500e+02
1.385608978271484375e+02 1.359019470214843750e+02 1.605562133789062500e+02
1.385646514892578125e+02 1.359726562500000000e+02 1.607490692138671875e+02
1.385638732910156250e+02 1.360419311523437500e+02 1.609367980957031250e+02
1.385518951416015625e+02 1.361166687011718750e+02 1.611199645996093750e+02
1.385284118652343750e+02 1.361974945068359375e+02 1.613005981445312500e+02
1.384984893798828125e+02 1.362796173095703125e+02 1.614818115234375000e+02
1.384674072265625000e+02 1.363580780029296875e+02 1.616667327880859375e+02
1.384391021728515625e+02 1.364294586181640625e+02 1.618572845458984375e+02
1.384140014648437500e+02 1.364943389892578125e+02 1.620521087646484375e+02
1.383920440673828125e+02 1.365539703369140625e+02 1.622493286132812500e+02
1.383730773925781250e+02 1.366095581054687500e+02 1.624470672607421875e+02
1.383570251464843750e+02 1.366623535156250000e+02 1.626434631347656250e+02
1.383437652587890625e+02 1.367135925292968750e+02 1.628366394042968750e+02
1.383331909179687500e+02 1.367644958496093750e+02 1.630247192382812500e+02
1.383252105712890625e+02 1.368163146972656250e+02 1.632058258056640625e+02
1.383198089599609375e+02 1.368697357177734375e+02 1.633791656494140625e+02
1.383190307617187500e+02 1.369153747558593750e+02 1.635644226074218750e+02
1.383267059326171875e+02 1.369347839355468750e+02 1.637994232177734375e+02
1.383413085937500000e+02 1.369243927001953125e+02 1.640599212646484375e+02
1.383494873046875000e+02 1.369134674072265625e+02 1.641861724853515625e+02
