1.352491760253906250e+02 1.351469726562500000e+02 1.112372741699218750e+02
1.352492523193359375e+02 1.351403656005859375e+02 1.113104171752929688e+02
1.352475891113281250e+02 1.351249694824218750e+02 1.114977874755859375e+02
1.352412719726562500e+02 1.351074676513671875e+02 1.117512741088867188e+02
1.352274169921875000e+02 1.350944824218750000e+02 1.120227661132812500e+02
1.352038269042968750e+02 1.350921325683593750e+02 1.122679901123046875e+02
1.351744537353515625e+02 1.351010894775390625e+02 1.124792098999023438e+02
1.351467437744140625e+02 1.351190338134765625e+02 1.126688919067382812e+02
1.351281738281250000e+02 1.351435852050781250e+02 1.128497314453125000e+02
1.351261901855468750e+02 1.351724090576171875e+02 1.130344238281250000e+02
1.351441040039062500e+02 1.352023620605468750e+02 1.132315216064453125e+02
1.351731719970703125e+02 1.352279663085937500e+02 1.134377136230468750e+02
1.352025146484375000e+02 1.352434234619140625e+02 1.136475524902343750e+02
1.352212677001953125e+02 1.352428436279296875e+02 1.138555984497070312e+02
1.352185363769531250e+02 1.352203979492187500e+02 1.140564041137695312e+02
1.351834716796875000e+02 1.351702270507812500e+02 1.142445297241210938e+02
1.351280059814453125e+02 1.351072998046875000e+02 1.144247512817382812e+02
1.350942993164062500e+02 1.350712280273437500e+02 1.146153182983398438e+02
1.350794830322265625e+02 1.350581512451171875e+02 1.148143844604492188e+02
1.350789489746093750e+02 1.350625762939453125e+02 1.150193252563476562e+02
1.350881195068359375e+02 1.350790405273437500e+02 1.152275314331054688e+02
1.351024169921875000e+02 1.351020812988281250e+02 1.154363632202148438e+02
1.351172332763671875e+02 1.351262054443359375e+02 1.156432189941406250e+02
1.351280670166015625e+02 1.351461181640625000e+02 1.158455810546875000e+02
1.351329498291015625e+02 1.351620025634765625e+02 1.160448226928710938e+02
1.351329803466796875e+02 1.351763610839843750e+02 1.162438964843750000e+02
1.351294708251953125e+02 1.351881256103515625e+02 1.164431838989257812e+02
1.351236877441406250e+02 1.351960449218750000e+02 1.166429519653320312e+02
1.351169128417968750e+02 1.351989135742187500e+02 1.168434906005859375e+02
1.351104431152343750e+02 1.351954956054687500e+02 1.170450592041015625e+02
1.351055603027343750e+02 1.351845855712890625e+02 1.172479553222656250e+02
1.351035461425781250e+02 1.351649627685546875e+02 1.174524459838867188e+02
1.351052551269531250e+02 1.351363830566406250e+02 1.176586074829101562e+02
1.351099548339843750e+02 1.351024475097656250e+02 1.178657302856445312e+02
1.351164703369140625e+02 1.350676574707031250e+02 1.180729217529296875e+02
1.351236877441406250e+02 1.350364837646484375e+02 1.182792739868164062e+02
1.351304473876953125e+02 1.350134277343750000e+02 1.184838943481445312e+02
1.351356201171875000e+02 1.350029907226562500e+02 1.186858901977539062e+02
1.351380462646484375e+02 1.350096740722656250e+02 1.188843612670898438e+02
1.351365966796875000e+02 1.350379486083984375e+02 1.190784072875976562e+02
1.351301269531250000e+02 1.350923309326171875e+02 1.192671356201171875e+02
1.351192169189453125e+02 1.351668395996093750e+02 1.194527969360351562e+02
1.351098327636718750e+02 1.352066955566406250e+02 1.196484985351562500e+02
1.351029663085937500e+02 1.352198791503906250e+02 1.198507995605468750e+02
1.350991973876953125e+02 1.352290496826171875e+02 1.200538482666015625e+02
1.350980529785156250e+02 1.352396697998046875e+02 1.202561569213867188e+02
1.350986175537109375e+02 1.352509765625000000e+02 1.204578094482421875e+02
1.351000213623046875e+02 1.352621765136718750e+02 1.206588897705078125e+02
1.351013488769531250e+02 1.352724914550781250e+02 1.208594894409179688e+02
1.351017456054687500e+02 1.352811279296875000e+02 1.210596923828125000e+02
1.351003112792968750e+02 1.352873077392578125e+02 1.212595825195312500e+02
1.350961303710937500e+02 1.352902679443359375e+02 1.214592590332031250e+02
1.350883483886718750e+02 1.352891998291015625e+02 1.216587982177734375e+02
1.350762939453125000e+02 1.352835083007812500e+02 1.218582916259765625e+02
1.350608367919921875e+02 1.352738647460937500e+02 1.220578231811523438e+02
1.350435180664062500e+02 1.352615051269531250e+02 1.222574768066406250e+02
1.350259246826171875e+02 1.352476654052734375e+02 1.224573287963867188e+02
1.350096130371093750e+02 1.352335510253906250e+02 1.226574707031250000e+02
1.349961242675781250e+02 1.352204132080078125e+02 1.228579711914062500e+02
1.349870300292968750e+02 1.352094726562500000e+02 1.230589218139648438e+02
1.349838714599609375e+02 1.352019500732421875e+02 1.232604064941406250e+02
1.349880828857421875e+02 1.351990051269531250e+02 1.234624862670898438e+02
1.349987182617187500e+02 1.352001037597656250e+02 1.236650314331054688e+02
1.350129394531250000e+02 1.352034759521484375e+02 1.238677291870117188e+02
1.350278625488281250e+02 1.352072753906250000e+02 1.240702667236328125e+02
1.350406036376953125e+02 1.352096557617187500e+02 1.242723312377929688e+02
1.350482482910156250e+02 1.352087707519531250e+02 1.244736175537109375e+02
1.350479278564453125e+02 1.352027893066406250e+02 1.246738204956054688e+02
1.350367431640625000e+02 1.351898803710937500e+02 1.248726043701171875e+02
1.350117950439453125e+02 1.351681823730468750e+02 1.250696868896484375e+02
1.349932861328125000e+02 1.351387023925781250e+02 1.252676010131835938e+02
1.349830932617187500e+02 1.351339874267578125e+02 1.254676284790039062e+02
1.349470977783203125e+02 1.351812438964843750e+02 1.256602172851562500e+02
1.349285888671875000e+02 1.352347564697265625e+02 1.258536453247070312e+02
1.349246215820312500e+02 1.352557373046875000e+02 1.260509338378906250e+02
1.349246215820312500e+02 1.352484893798828125e+02 1.262504348754882812e+02
1.349286499023437500e+02 1.352238769531250000e+02 1.264514312744140625e+02
1.349368133544921875e+02 1.351927642822265625e+02 1.266532211303710938e+02
1.349491729736328125e+02 1.351660003662109375e+02 1.268550872802734375e+02
1.349658203125000000e+02 1.351544036865234375e+02 1.270563201904296875e+02
1.349856719970703125e+02 1.351620941162109375e+02 1.272565917968750000e+02
1.350055999755859375e+02 1.351810607910156250e+02 1.274562759399414062e+02
1.350222167968750000e+02 1.352019805908203125e+02 1.276558303833007812e+02
1.350321655273437500e+02 1.352154846191406250e+02 1.278557052612304688e+02
1.350327148437500000e+02 1.352138977050781250e+02 1.280563049316406250e+02
1.350310821533203125e+02 1.352148284912109375e+02 1.282574310302734375e+02
1.350337371826171875e+02 1.352245941162109375e+02 1.284584655761718750e+02
1.350392608642578125e+02 1.352211303710937500e+02 1.286589050292968750e+02
1.350461730957031250e+02 1.352002868652343750e+02 1.288587493896484375e+02
1.350539245605468750e+02 1.351737670898437500e+02 1.290577850341796875e+02
1.350623016357421875e+02 1.351440277099609375e+02 1.292564239501953125e+02
1.350779876708984375e+02 1.351342926025390625e+02 1.294566650390625000e+02
1.351002044677734375e+02 1.351423950195312500e+02 1.296580352783203125e+02
1.351133880615234375e+02 1.351304931640625000e+02 1.298573608398437500e+02
1.351467742919921875e+02 1.350750274658203125e+02 1.300468292236328125e+02
1.351819305419921875e+02 1.350570983886718750e+02 1.302414398193359375e+02
1.351837310791015625e+02 1.350729064941406250e+02 1.304453582763671875e+02
1.351669769287109375e+02 1.350704345703125000e+02 1.306478729248046875e+02
1.351419067382812500e+02 1.350493469238281250e+02 1.308469390869140625e+02
1.351164550781250000e+02 1.350350341796875000e+02 1.310448455810546875e+02
1.350992736816406250e+02 1.350495758056640625e+02 1.312437591552734375e+02
1.351055603027343750e+02 1.350658874511718750e+02 1.314434204101562500e+02
1.351302642822265625e+02 1.350724945068359375e+02 1.316431427001953125e+02
1.351594696044921875e+02 1.350769195556640625e+02 1.318428344726562500e+02
1.351812286376953125e+02 1.350830230712890625e+02 1.320449371337890625e+02
1.351937866210937500e+02 1.350744171142578125e+02 1.322564849853515625e+02
1.351903228759765625e+02 1.350423583984375000e+02 1.324657135009765625e+02
1.351628723144531250e+02 1.349800872802734375e+02 1.326586456298828125e+02
1.351035766601562500e+02 1.348807830810546875e+02 1.328212890625000000e+02
1.350909118652343750e+02 1.347460937500000000e+02 1.329593811035156250e+02
1.350677947998046875e+02 1.346761932373046875e+02 1.331274261474609375e+02
1.350358428955078125e+02 1.346624450683593750e+02 1.333202362060546875e+02
1.350023803710937500e+02 1.346921539306640625e+02 1.335308227539062500e+02
1.349747314453125000e+02 1.347525939941406250e+02 1.337522430419921875e+02
1.349602203369140625e+02 1.348310699462890625e+02 1.339774932861328125e+02
1.349661712646484375e+02 1.349148712158203125e+02 1.341996154785156250e+02
1.349999237060546875e+02 1.349912719726562500e+02 1.344116516113281250e+02
1.350687713623046875e+02 1.350475769042968750e+02 1.346066131591796875e+02
1.351522979736328125e+02 1.350656890869140625e+02 1.347876586914062500e+02
1.351468658447265625e+02 1.350393066406250000e+02 1.349892578125000000e+02
1.351406097412109375e+02 1.350305328369140625e+02 1.351880493164062500e+02
1.351574249267578125e+02 1.350334777832031250e+02 1.353872375488281250e+02
1.351866302490234375e+02 1.350423278808593750e+02 1.355870361328125000e+02
1.352169647216796875e+02 1.350517120361328125e+02 1.357873535156250000e+02
1.352371978759765625e+02 1.350562744140625000e+02 1.359881286621093750e+02
1.352379760742187500e+02 1.350611877441406250e+02 1.361882629394531250e+02
1.352229461669921875e+02 1.350905151367187500e+02 1.363855895996093750e+02
1.352002868652343750e+02 1.351312866210937500e+02 1.365821380615234375e+02
1.351780548095703125e+02 1.351675262451171875e+02 1.367802124023437500e+02
1.351640777587890625e+02 1.351854095458984375e+02 1.369816436767578125e+02
1.351642150878906250e+02 1.351863250732421875e+02 1.371846008300781250e+02
1.351834869384765625e+02 1.351783294677734375e+02 1.373856506347656250e+02
1.352269134521484375e+02 1.351694488525390625e+02 1.375813446044921875e+02
1.352900848388671875e+02 1.351627807617187500e+02 1.377718200683593750e+02
1.353450469970703125e+02 1.351488800048828125e+02 1.379659729003906250e+02
1.353774566650390625e+02 1.351250610351562500e+02 1.381671600341796875e+02
1.353880615234375000e+02 1.350962524414062500e+02 1.383727264404296875e+02
1.353781433105468750e+02 1.350676116943359375e+02 1.385797729492187500e+02
1.353489685058593750e+02 1.350443267822265625e+02 1.387854156494140625e+02
1.353018035888671875e+02 1.350315551757812500e+02 1.389867706298828125e+02
1.352379150390625000e+02 1.350344848632812500e+02 1.391809692382812500e+02
1.351585540771484375e+02 1.350582733154296875e+02 1.393650970458984375e+02
1.350861663818359375e+02 1.350908660888671875e+02 1.395461273193359375e+02
1.350516967773437500e+02 1.351080169677734375e+02 1.397377166748046875e+02
1.350472106933593750e+02 1.351132507324218750e+02 1.399375152587890625e+02
1.350641174316406250e+02 1.351106262207031250e+02 1.401429290771484375e+02
1.350938262939453125e+02 1.351042022705078125e+02 1.403513183593750000e+02
1.351277618408203125e+02 1.350980224609375000e+02 1.405600585937500000e+02
1.351573181152343750e+02 1.350961151123046875e+02 1.407665405273437500e+02
1.351760406494140625e+02 1.351009368896484375e+02 1.409689788818359375e+02
1.351843566894531250e+02 1.351097564697265625e+02 1.411683654785156250e+02
1.351841125488281250e+02 1.351187438964843750e+02 1.413662109375000000e+02
1.351771240234375000e+02 1.351241149902343750e+02 1.415640869140625000e+02
1.351652374267578125e+02 1.351220397949218750e+02 1.417635040283203125e+02
1.351502685546875000e+02 1.351087341308593750e+02 1.419660034179687500e+02
1.351340942382812500e+02 1.350803833007812500e+02 1.421731262207031250e+02
1.351821441650390625e+02 1.350315093994140625e+02 1.423590545654296875e+02
1.352388458251953125e+02 1.350250701904296875e+02 1.425888366699218750e+02
1.352427368164062500e+02 1.350641326904296875e+02 1.428531341552734375e+02
1.352233734130859375e+02 1.351134338378906250e+02 1.430710449218750000e+02
1.352103424072265625e+02 1.351376953125000000e+02 1.431616668701171875e+02
