1.270877532958984375e+02 1.334663085937500000e+02 1.135073776245117188e+02
1.271767730712890625e+02 1.336110076904296875e+02 1.136621017456054688e+02
1.272708511352539062e+02 1.337267761230468750e+02 1.137973098754882812e+02
1.273542785644531250e+02 1.337918701171875000e+02 1.139308929443359375e+02
1.274327850341796875e+02 1.338221893310546875e+02 1.141028289794921875e+02
1.275172271728515625e+02 1.338359222412109375e+02 1.142934722900390625e+02
1.276176376342773438e+02 1.338514862060546875e+02 1.144740219116210938e+02
1.277246398925781250e+02 1.338847656250000000e+02 1.146398391723632812e+02
1.278176269531250000e+02 1.339497680664062500e+02 1.148007049560546875e+02
1.278986816406250000e+02 1.340390472412109375e+02 1.149614410400390625e+02
1.279979934692382812e+02 1.341188354492187500e+02 1.151198577880859375e+02
1.281186065673828125e+02 1.341816101074218750e+02 1.152763061523437500e+02
1.282527160644531250e+02 1.342301940917968750e+02 1.154322662353515625e+02
1.283925170898437500e+02 1.342675018310546875e+02 1.155892257690429688e+02
1.285301818847656250e+02 1.342964019775390625e+02 1.157486724853515625e+02
1.286578979492187500e+02 1.343197784423828125e+02 1.159120864868164062e+02
1.287678527832031250e+02 1.343404846191406250e+02 1.160809631347656250e+02
1.288522186279296875e+02 1.343614349365234375e+02 1.162567749023437500e+02
1.289031982421875000e+02 1.343854827880859375e+02 1.164410171508789062e+02
1.289137725830078125e+02 1.344151306152343750e+02 1.166350631713867188e+02
1.289372863769531250e+02 1.344256896972656250e+02 1.168322143554687500e+02
1.290157928466796875e+02 1.344087982177734375e+02 1.170227813720703125e+02
1.291265411376953125e+02 1.343924102783203125e+02 1.172029647827148438e+02
1.292461700439453125e+02 1.344048156738281250e+02 1.173690414428710938e+02
1.293514251708984375e+02 1.344739532470703125e+02 1.175173187255859375e+02
1.294281616210937500e+02 1.346047668457031250e+02 1.176481323242187500e+02
1.294760894775390625e+02 1.347670898437500000e+02 1.177679214477539062e+02
1.295012359619140625e+02 1.349317016601562500e+02 1.178827743530273438e+02
1.295373992919921875e+02 1.350913848876953125e+02 1.179940567016601562e+02
1.295941314697265625e+02 1.352507629394531250e+02 1.181014480590820312e+02
1.296321105957031250e+02 1.354177703857421875e+02 1.182071228027343750e+02
1.296199188232421875e+02 1.355690155029296875e+02 1.183393707275390625e+02
1.295944976806640625e+02 1.357185516357421875e+02 1.184784851074218750e+02
1.295632781982421875e+02 1.358666534423828125e+02 1.186218872070312500e+02
1.295312805175781250e+02 1.360117645263671875e+02 1.187691345214843750e+02
1.295035400390625000e+02 1.361523284912109375e+02 1.189197616577148438e+02
1.294850769042968750e+02 1.362867584228515625e+02 1.190733337402343750e+02
1.294809112548828125e+02 1.364134826660156250e+02 1.192294006347656250e+02
1.294960937500000000e+02 1.365309448242187500e+02 1.193875045776367188e+02
1.295356445312500000e+02 1.366375732421875000e+02 1.195472030639648438e+02
1.296023712158203125e+02 1.367309417724609375e+02 1.197091674804687500e+02
1.296523284912109375e+02 1.367872467041015625e+02 1.198955612182617188e+02
1.297095642089843750e+02 1.368030853271484375e+02 1.200876007080078125e+02
1.297776794433593750e+02 1.368220062255859375e+02 1.202732467651367188e+02
1.298436889648437500e+02 1.368600616455078125e+02 1.204565963745117188e+02
1.299081878662109375e+02 1.369114685058593750e+02 1.206385421752929688e+02
1.299717712402343750e+02 1.369704132080078125e+02 1.208199844360351562e+02
1.300350646972656250e+02 1.370311126708984375e+02 1.210018157958984375e+02
1.300986328125000000e+02 1.370877380371093750e+02 1.211849212646484375e+02
1.301631011962890625e+02 1.371345062255859375e+02 1.213702011108398438e+02
1.302290649414062500e+02 1.371656341552734375e+02 1.215585403442382812e+02
1.302984924316406250e+02 1.371738586425781250e+02 1.217489089965820312e+02
1.303831787109375000e+02 1.371419372558593750e+02 1.219266052246093750e+02
1.304773559570312500e+02 1.370874633789062500e+02 1.220944747924804688e+02
1.305612335205078125e+02 1.370489044189453125e+02 1.222723922729492188e+02
1.306366882324218750e+02 1.370225524902343750e+02 1.224581298828125000e+02
1.307058868408203125e+02 1.370041351318359375e+02 1.226491394042968750e+02
1.307709960937500000e+02 1.369893951416015625e+02 1.228428878784179688e+02
1.308341979980468750e+02 1.369740905761718750e+02 1.230368347167968750e+02
1.308976745605468750e+02 1.369539184570312500e+02 1.232284469604492188e+02
1.309635772705078125e+02 1.369246368408203125e+02 1.234151687622070312e+02
1.310340881347656250e+02 1.368819885253906250e+02 1.235944747924804688e+02
1.311113739013671875e+02 1.368217010498046875e+02 1.237638244628906250e+02
1.311969757080078125e+02 1.367411193847656250e+02 1.239216156005859375e+02
1.312890930175781250e+02 1.366458129882812500e+02 1.240710449218750000e+02
1.313848876953125000e+02 1.365439605712890625e+02 1.242168426513671875e+02
1.314815216064453125e+02 1.364437255859375000e+02 1.243637313842773438e+02
1.315761566162109375e+02 1.363533172607421875e+02 1.245164413452148438e+02
1.316660308837890625e+02 1.362803649902343750e+02 1.246794128417968750e+02
1.317492828369140625e+02 1.362257690429687500e+02 1.248533554077148438e+02
1.318246917724609375e+02 1.361857452392578125e+02 1.250364608764648438e+02
1.318909912109375000e+02 1.361564941406250000e+02 1.252268676757812500e+02
1.319470062255859375e+02 1.361341705322265625e+02 1.254227142333984375e+02
1.319914703369140625e+02 1.361149444580078125e+02 1.256221389770507812e+02
1.320231933593750000e+02 1.360949859619140625e+02 1.258232727050781250e+02
1.320409393310546875e+02 1.360704345703125000e+02 1.260242614746093750e+02
1.320434722900390625e+02 1.360374908447265625e+02 1.262232360839843750e+02
1.320300292968750000e+02 1.359952087402343750e+02 1.264189910888671875e+02
1.320013732910156250e+02 1.359526214599609375e+02 1.266125411987304688e+02
1.319587707519531250e+02 1.359190521240234375e+02 1.268051223754882812e+02
1.319052276611328125e+02 1.358880157470703125e+02 1.269958038330078125e+02
1.318441925048828125e+02 1.358495788574218750e+02 1.271832656860351562e+02
1.317785644531250000e+02 1.358024749755859375e+02 1.273675384521484375e+02
1.317111053466796875e+02 1.357464599609375000e+02 1.275488357543945312e+02
1.316445922851562500e+02 1.356813049316406250e+02 1.277273483276367188e+02
1.315818176269531250e+02 1.356067657470703125e+02 1.279032745361328125e+02
1.315255737304687500e+02 1.355226135253906250e+02 1.280768280029296875e+02
1.314794006347656250e+02 1.354304504394531250e+02 1.282489013671875000e+02
1.314539947509765625e+02 1.353504943847656250e+02 1.284275054931640625e+02
1.314513854980468750e+02 1.352893218994140625e+02 1.286146240234375000e+02
1.314683990478515625e+02 1.352434082031250000e+02 1.288081359863281250e+02
1.315018920898437500e+02 1.352092437744140625e+02 1.290059509277343750e+02
1.315487060546875000e+02 1.351833343505859375e+02 1.292059326171875000e+02
1.316056518554687500e+02 1.351621704101562500e+02 1.294059753417968750e+02
1.316696014404296875e+02 1.351422271728515625e+02 1.296039581298828125e+02
1.317374267578125000e+02 1.351201629638671875e+02 1.297978515625000000e+02
1.318072204589843750e+02 1.350957641601562500e+02 1.299873657226562500e+02
1.318781280517578125e+02 1.350717163085937500e+02 1.301738128662109375e+02
1.319493560791015625e+02 1.350508117675781250e+02 1.303585662841796875e+02
1.320201263427734375e+02 1.350358276367187500e+02 1.305429992675781250e+02
1.320895996093750000e+02 1.350295410156250000e+02 1.307285003662109375e+02
1.321576080322265625e+02 1.350346069335937500e+02 1.309161071777343750e+02
1.322334442138671875e+02 1.350507659912109375e+02 1.311013946533203125e+02
1.323219451904296875e+02 1.350758666992187500e+02 1.312815704345703125e+02
1.324201812744140625e+02 1.351080474853515625e+02 1.314576263427734375e+02
1.325251312255859375e+02 1.351454620361328125e+02 1.316305999755859375e+02
1.326337585449218750e+02 1.351862487792968750e+02 1.318015441894531250e+02
1.327430419921875000e+02 1.352285614013671875e+02 1.319714965820312500e+02
1.328499755859375000e+02 1.352705535888671875e+02 1.321415100097656250e+02
1.329515228271484375e+02 1.353103485107421875e+02 1.323126373291015625e+02
1.330446472167968750e+02 1.353460998535156250e+02 1.324859008789062500e+02
1.331263427734375000e+02 1.353759460449218750e+02 1.326623687744140625e+02
1.331935882568359375e+02 1.353980560302734375e+02 1.328430633544921875e+02
1.332433471679687500e+02 1.354105529785156250e+02 1.330290374755859375e+02
1.332740783691406250e+02 1.354121704101562500e+02 1.332211608886718750e+02
1.332945709228515625e+02 1.354055328369140625e+02 1.334188995361328125e+02
1.333180694580078125e+02 1.353950347900390625e+02 1.336211700439453125e+02
1.333568267822265625e+02 1.353847045898437500e+02 1.338268585205078125e+02
1.334120483398437500e+02 1.353754119873046875e+02 1.340347747802734375e+02
1.334780578613281250e+02 1.353659057617187500e+02 1.342436676025390625e+02
1.335491027832031250e+02 1.353549804687500000e+02 1.344523010253906250e+02
1.336194152832031250e+02 1.353414001464843750e+02 1.346594085693359375e+02
1.336832427978515625e+02 1.353239440917968750e+02 1.348637542724609375e+02
1.337348022460937500e+02 1.353013610839843750e+02 1.350640716552734375e+02
1.337683410644531250e+02 1.352724304199218750e+02 1.352591247558593750e+02
1.337781066894531250e+02 1.352359161376953125e+02 1.354476623535156250e+02
1.337583160400390625e+02 1.351905822753906250e+02 1.356284179687500000e+02
1.337032165527343750e+02 1.351352081298828125e+02 1.358001556396484375e+02
1.336139984130859375e+02 1.350698547363281250e+02 1.359637451171875000e+02
1.335699768066406250e+02 1.350101013183593750e+02 1.361431884765625000e+02
1.335806427001953125e+02 1.349615936279296875e+02 1.363396301269531250e+02
1.336237335205078125e+02 1.349245300292968750e+02 1.365442504882812500e+02
1.336770172119140625e+02 1.348991241455078125e+02 1.367482757568359375e+02
1.337206878662109375e+02 1.348843383789062500e+02 1.369453887939453125e+02
1.337568359375000000e+02 1.348754577636718750e+02 1.371438903808593750e+02
1.337897644042968750e+02 1.348784637451171875e+02 1.373427886962890625e+02
1.338222961425781250e+02 1.349009704589843750e+02 1.375387573242187500e+02
1.338570556640625000e+02 1.349496765136718750e+02 1.377287902832031250e+02
1.338940582275390625e+02 1.350201416015625000e+02 1.379134521484375000e+02
1.339316711425781250e+02 1.351007690429687500e+02 1.380956726074218750e+02
1.339682006835937500e+02 1.351797943115234375e+02 1.382783660888671875e+02
1.340019531250000000e+02 1.352454528808593750e+02 1.384645233154296875e+02
1.340312805175781250e+02 1.352859954833984375e+02 1.386570739746093750e+02
1.340543365478515625e+02 1.352990722656250000e+02 1.388566741943359375e+02
1.340684814453125000e+02 1.353348236083984375e+02 1.390510253906250000e+02
1.340714569091796875e+02 1.354147491455078125e+02 1.392352294921875000e+02
1.340628204345703125e+02 1.354831695556640625e+02 1.394237213134765625e+02
1.340749359130859375e+02 1.355315704345703125e+02 1.396138916015625000e+02
1.341221771240234375e+02 1.355781707763671875e+02 1.397989349365234375e+02
1.341952819824218750e+02 1.356234130859375000e+02 1.399802398681640625e+02
1.342849273681640625e+02 1.356676788330078125e+02 1.401591644287109375e+02
1.343818664550781250e+02 1.357114257812500000e+02 1.403370666503906250e+02
1.344768066406250000e+02 1.357550354003906250e+02 1.405153198242187500e+02
1.345604553222656250e+02 1.357989501953125000e+02 1.406952819824218750e+02
1.346095886230468750e+02 1.358798522949218750e+02 1.408707122802734375e+02
1.346401824951171875e+02 1.359348144531250000e+02 1.410583343505859375e+02
1.346759185791015625e+02 1.359421997070312500e+02 1.412584228515625000e+02
1.347272796630859375e+02 1.359302520751953125e+02 1.414583435058593750e+02
1.348025512695312500e+02 1.359241027832031250e+02 1.416473083496093750e+02
1.348958282470703125e+02 1.359286346435546875e+02 1.418262329101562500e+02
1.349955749511718750e+02 1.359408264160156250e+02 1.420006103515625000e+02
1.350903015136718750e+02 1.359575805664062500e+02 1.421759643554687500e+02
1.351684875488281250e+02 1.359758453369140625e+02 1.423578033447265625e+02
1.352171020507812500e+02 1.359927215576171875e+02 1.425508880615234375e+02
1.352063293457031250e+02 1.360083923339843750e+02 1.427476959228515625e+02
1.351420593261718750e+02 1.360231628417968750e+02 1.429403686523437500e+02
1.350483551025390625e+02 1.360365295410156250e+02 1.431245727539062500e+02
1.349556579589843750e+02 1.360464782714843750e+02 1.433025817871093750e+02
1.349046783447265625e+02 1.360414123535156250e+02 1.434954986572265625e+02
1.348483581542968750e+02 1.360010681152343750e+02 1.436826782226562500e+02
1.347642364501953125e+02 1.359341278076171875e+02 1.438510894775390625e+02
1.346681213378906250e+02 1.358553314208984375e+02 1.440110626220703125e+02
1.345809631347656250e+02 1.357910614013671875e+02 1.441793975830078125e+02
1.345078887939453125e+02 1.357794342041015625e+02 1.443711395263671875e+02
1.344479217529296875e+02 1.357996215820312500e+02 1.445771484375000000e+02
1.344006195068359375e+02 1.358222656250000000e+02 1.447852325439453125e+02
1.343655395507812500e+02 1.358180084228515625e+02 1.449832763671875000e+02
1.343422546386718750e+02 1.357574920654296875e+02 1.451590881347656250e+02
1.343300476074218750e+02 1.356285247802734375e+02 1.453086242675781250e+02
1.343281097412109375e+02 1.355057220458984375e+02 1.454679870605468750e+02
1.343477783203125000e+02 1.353961181640625000e+02 1.456342315673828125e+02
1.343885040283203125e+02 1.352810211181640625e+02 1.457951660156250000e+02
1.344361724853515625e+02 1.351683349609375000e+02 1.459561614990234375e+02
1.344764404296875000e+02 1.350664520263671875e+02 1.461229553222656250e+02
1.344955291748046875e+02 1.349833984375000000e+02 1.463010101318359375e+02
1.344928588867187500e+02 1.349178619384765625e+02 1.464898529052734375e+02
1.344818115234375000e+02 1.348588256835937500e+02 1.466827850341796875e+02
1.344764099121093750e+02 1.347947998046875000e+02 1.468728179931640625e+02
1.344865112304687500e+02 1.347178955078125000e+02 1.470552673339843750e+02
1.345112762451171875e+02 1.346296539306640625e+02 1.472314453125000000e+02
1.345482330322265625e+02 1.345330200195312500e+02 1.474035644531250000e+02
1.345948486328125000e+02 1.344309844970703125e+02 1.475738830566406250e+02
1.346487426757812500e+02 1.343264923095703125e+02 1.477444610595703125e+02
1.347126312255859375e+02 1.342219390869140625e+02 1.479115447998046875e+02
1.347961883544921875e+02 1.341188812255859375e+02 1.480633087158203125e+02
1.349095153808593750e+02 1.340188446044921875e+02 1.481874542236328125e+02
1.350576934814453125e+02 1.339234619140625000e+02 1.482776641845703125e+02
1.352246704101562500e+02 1.338350372314453125e+02 1.483527832031250000e+02
1.353889923095703125e+02 1.337559967041015625e+02 1.484380950927734375e+02
1.355324249267578125e+02 1.336884155273437500e+02 1.485552673339843750e+02
1.356634521484375000e+02 1.336312866210937500e+02 1.486957550048828125e+02
1.358038330078125000e+02 1.335821228027343750e+02 1.488360290527343750e+02
1.359663543701171875e+02 1.335381011962890625e+02 1.489608306884765625e+02
1.361447448730468750e+02 1.334958343505859375e+02 1.490724792480468750e+02
1.363302917480468750e+02 1.334518585205078125e+02 1.491755523681640625e+02
1.365143432617187500e+02 1.334026947021484375e+02 1.492745971679687500e+02
1.366882019042968750e+02 1.333448944091796875e+02 1.493741912841796875e+02
1.368431854248046875e+02 1.332749633789062500e+02 1.494788665771484375e+02
1.369705963134765625e+02 1.331894378662109375e+02 1.495932159423828125e+02
1.370617523193359375e+02 1.330848541259765625e+02 1.497217864990234375e+02
1.371133728027343750e+02 1.329628448486328125e+02 1.498684997558593750e+02
1.371679229736328125e+02 1.328657379150390625e+02 1.500301361083984375e+02
1.372351684570312500e+02 1.327985229492187500e+02 1.502028045654296875e+02
1.373116607666015625e+02 1.327527923583984375e+02 1.503835601806640625e+02
1.373939514160156250e+02 1.327200927734375000e+02 1.505693969726562500e+02
1.374786071777343750e+02 1.326920471191406250e+02 1.507573547363281250e+02
1.375621643066406250e+02 1.326601867675781250e+02 1.509444274902343750e+02
1.376418762207031250e+02 1.326183166503906250e+02 1.511284179687500000e+02
1.377174835205078125e+02 1.325682067871093750e+02 1.513097839355468750e+02
1.377893371582031250e+02 1.325134277343750000e+02 1.514896697998046875e+02
1.378577423095703125e+02 1.324575653076171875e+02 1.516691589355468750e+02
1.379230194091796875e+02 1.324042358398437500e+02 1.518493804931640625e+02
1.379854888916015625e+02 1.323570098876953125e+02 1.520314483642578125e+02
1.380454711914062500e+02 1.323194885253906250e+02 1.522164459228515625e+02
1.381033020019531250e+02 1.322951202392578125e+02 1.524054260253906250e+02
1.381591796875000000e+02 1.322852020263671875e+02 1.525977172851562500e+02
1.382132110595703125e+02 1.322890930175781250e+02 1.527912292480468750e+02
1.382654571533203125e+02 1.323062286376953125e+02 1.529842224121093750e+02
1.383157806396484375e+02 1.323364257812500000e+02 1.531760406494140625e+02
1.383640594482421875e+02 1.323795166015625000e+02 1.533661804199218750e+02
1.384101409912109375e+02 1.324353790283203125e+02 1.535541534423828125e+02
1.384538879394531250e+02 1.325038604736328125e+02 1.537394256591796875e+02
1.384952239990234375e+02 1.325843505859375000e+02 1.539216766357421875e+02
1.385344696044921875e+02 1.326732330322265625e+02 1.541015472412109375e+02
1.385720977783203125e+02 1.327657623291015625e+02 1.542800445556640625e+02
1.386085510253906250e+02 1.328572082519531250e+02 1.544582061767578125e+02
1.386443176269531250e+02 1.329428253173828125e+02 1.546370239257812500e+02
1.386798553466796875e+02 1.330178985595703125e+02 1.548175201416015625e+02
1.387156372070312500e+02 1.330776519775390625e+02 1.550007324218750000e+02
1.387521209716796875e+02 1.331173706054687500e+02 1.551876525878906250e+02
1.387900695800781250e+02 1.331347503662109375e+02 1.553787231445312500e+02
1.388310089111328125e+02 1.331342315673828125e+02 1.555727386474609375e+02
1.388766174316406250e+02 1.331213684082031250e+02 1.557682495117187500e+02
1.389285736083984375e+02 1.331017761230468750e+02 1.559637756347656250e+02
1.389885406494140625e+02 1.330810241699218750e+02 1.561578521728515625e+02
1.390581970214843750e+02 1.330646972656250000e+02 1.563490142822265625e+02
1.391378326416015625e+02 1.330580596923828125e+02 1.565362091064453125e+02
1.392173309326171875e+02 1.330637664794921875e+02 1.567217102050781250e+02
1.392817382812500000e+02 1.330833282470703125e+02 1.569093017578125000e+02
1.393167266845703125e+02 1.331181030273437500e+02 1.571025695800781250e+02
1.393213043212890625e+02 1.331660919189453125e+02 1.573016204833984375e+02
1.393074951171875000e+02 1.332220001220703125e+02 1.575030822753906250e+02
1.392878723144531250e+02 1.332804412841796875e+02 1.577034149169921875e+02
1.392749938964843750e+02 1.333359680175781250e+02 1.578990936279296875e+02
1.392814636230468750e+02 1.333832092285156250e+02 1.580866088867187500e+02
1.393198089599609375e+02 1.334167327880859375e+02 1.582624511718750000e+02
1.393977661132812500e+02 1.334336395263671875e+02 1.584245147705078125e+02
1.395107574462890625e+02 1.334373321533203125e+02 1.585742950439453125e+02
1.396523742675781250e+02 1.334321899414062500e+02 1.587138671875000000e+02
1.398161773681640625e+02 1.334225769042968750e+02 1.588452606201171875e+02
1.399957275390625000e+02 1.334128723144531250e+02 1.589705505371093750e+02
1.401845703125000000e+02 1.334074707031250000e+02 1.590917968750000000e+02
1.403764190673828125e+02 1.334105834960937500e+02 1.592110290527343750e+02
1.405675811767578125e+02 1.334238128662109375e+02 1.593295135498046875e+02
1.407568206787109375e+02 1.334462738037109375e+02 1.594479370117187500e+02
1.409430084228515625e+02 1.334770050048828125e+02 1.595668640136718750e+02
1.411249847412109375e+02 1.335149993896484375e+02 1.596869506835937500e+02
1.413016204833984375e+02 1.335592956542968750e+02 1.598087768554687500e+02
1.414717864990234375e+02 1.336088867187500000e+02 1.599329681396484375e+02
1.416343231201171875e+02 1.336628112792968750e+02 1.600601348876953125e+02
1.417880859375000000e+02 1.337200927734375000e+02 1.601908721923828125e+02
1.419319610595703125e+02 1.337797393798828125e+02 1.603258209228515625e+02
1.420647888183593750e+02 1.338407592773437500e+02 1.604655914306640625e+02
1.421854400634765625e+02 1.339021911621093750e+02 1.606107635498046875e+02
1.422927551269531250e+02 1.339630584716796875e+02 1.607619781494140625e+02
1.423856048583984375e+02 1.340223541259765625e+02 1.609198303222656250e+02
1.424628601074218750e+02 1.340791168212890625e+02 1.610849456787109375e+02
1.425233612060546875e+02 1.341323547363281250e+02 1.612579345703125000e+02
1.425659942626953125e+02 1.341810913085937500e+02 1.614393920898437500e+02
1.425897369384765625e+02 1.342242736816406250e+02 1.616298675537109375e+02
1.425976104736328125e+02 1.342583770751953125e+02 1.618277435302734375e+02
1.425971221923828125e+02 1.342772216796875000e+02 1.620289916992187500e+02
1.425959625244140625e+02 1.342744903564453125e+02 1.622294921875000000e+02
1.425991363525390625e+02 1.342478790283203125e+02 1.624266815185546875e+02
1.426062011718750000e+02 1.342031707763671875e+02 1.626212463378906250e+02
1.426160736083984375e+02 1.341470489501953125e+02 1.628141937255859375e+02
1.426276550292968750e+02 1.340862579345703125e+02 1.630065765380859375e+02
1.426398773193359375e+02 1.340274963378906250e+02 1.631994323730468750e+02
1.426516265869140625e+02 1.339775085449218750e+02 1.633937988281250000e+02
1.426618347167968750e+02 1.339429931640625000e+02 1.635906982421875000e+02
1.426710815429687500e+02 1.339111328125000000e+02 1.637880249023437500e+02
1.426769104003906250e+02 1.338515625000000000e+02 1.639805450439453125e+02
1.426661682128906250e+02 1.337916412353515625e+02 1.641717834472656250e+02
1.426338195800781250e+02 1.337558898925781250e+02 1.643663330078125000e+02
1.426109619140625000e+02 1.337298736572265625e+02 1.645669860839843750e+02
1.425927276611328125e+02 1.337129974365234375e+02 1.647700042724609375e+02
1.425680999755859375e+02 1.337085876464843750e+02 1.649710540771484375e+02
1.425260772705078125e+02 1.337199859619140625e+02 1.651658020019531250e+02
1.424557037353515625e+02 1.337504425048828125e+02 1.653499450683593750e+02
1.423555297851562500e+02 1.337869415283203125e+02 1.655214233398437500e+02
1.422458343505859375e+02 1.337806701660156250e+02 1.656835784912109375e+02
1.421373748779296875e+02 1.337219696044921875e+02 1.658400878906250000e+02
1.420296020507812500e+02 1.336409301757812500e+02 1.659943695068359375e+02
1.419230346679687500e+02 1.335690917968750000e+02 1.661495819091796875e+02
1.418567810058593750e+02 1.335024566650390625e+02 1.663204040527343750e+02
1.417986297607421875e+02 1.333987884521484375e+02 1.664902038574218750e+02
