1.263560256958007812e+02 1.316982574462890625e+02 1.083815002441406250e+02
1.264171066284179688e+02 1.316845245361328125e+02 1.084225387573242188e+02
1.265735015869140625e+02 1.316537628173828125e+02 1.085270385742187500e+02
1.267849731445312500e+02 1.316216430664062500e+02 1.086670989990234375e+02
1.270112609863281250e+02 1.316038665771484375e+02 1.088148193359375000e+02
1.272167739868164062e+02 1.316136932373046875e+02 1.089454269409179688e+02
1.273972778320312500e+02 1.316482696533203125e+02 1.090554809570312500e+02
1.275615463256835938e+02 1.316980438232421875e+02 1.091502990722656250e+02
1.277183532714843750e+02 1.317534332275390625e+02 1.092352600097656250e+02
1.278765106201171875e+02 1.318049011230468750e+02 1.093157119750976562e+02
1.280447998046875000e+02 1.318428649902343750e+02 1.093970260620117188e+02
1.282239074707031250e+02 1.318692626953125000e+02 1.094838180541992188e+02
1.283975982666015625e+02 1.319086456298828125e+02 1.095767669677734375e+02
1.285687103271484375e+02 1.319540252685546875e+02 1.096700820922851562e+02
1.287449798583984375e+02 1.319904022216796875e+02 1.097567062377929688e+02
1.289290924072265625e+02 1.320104980468750000e+02 1.098352813720703125e+02
1.291139221191406250e+02 1.320218963623046875e+02 1.099154357910156250e+02
1.292912597656250000e+02 1.320339050292968750e+02 1.100080261230468750e+02
1.294529876708984375e+02 1.320557556152343750e+02 1.101237030029296875e+02
1.296037139892578125e+02 1.320912017822265625e+02 1.102534179687500000e+02
1.297699127197265625e+02 1.321346282958984375e+02 1.103539657592773438e+02
1.299267272949218750e+02 1.321994781494140625e+02 1.104448547363281250e+02
1.300509948730468750e+02 1.322935333251953125e+02 1.105550613403320312e+02
1.301499481201171875e+02 1.324112854003906250e+02 1.106802368164062500e+02
1.302308959960937500e+02 1.325472564697265625e+02 1.108160018920898438e+02
1.303010711669921875e+02 1.326959381103515625e+02 1.109579849243164062e+02
1.303677520751953125e+02 1.328518371582031250e+02 1.111018371582031250e+02
1.304379272460937500e+02 1.330095672607421875e+02 1.112433853149414062e+02
1.305141296386718750e+02 1.331652679443359375e+02 1.113815841674804688e+02
1.305954284667968750e+02 1.333162841796875000e+02 1.115178604125976562e+02
1.306808166503906250e+02 1.334600219726562500e+02 1.116536865234375000e+02
1.307692718505859375e+02 1.335938415527343750e+02 1.117905349731445312e+02
1.308597717285156250e+02 1.337151336669921875e+02 1.119298934936523438e+02
1.309512939453125000e+02 1.338213043212890625e+02 1.120732345581054688e+02
1.310428314208984375e+02 1.339097137451171875e+02 1.122220306396484375e+02
1.311333465576171875e+02 1.339777679443359375e+02 1.123777694702148438e+02
1.312218322753906250e+02 1.340228424072265625e+02 1.125419158935546875e+02
1.313072509765625000e+02 1.340423126220703125e+02 1.127159576416015625e+02
1.313796234130859375e+02 1.340364532470703125e+02 1.129018859863281250e+02
1.314104309082031250e+02 1.340207977294921875e+02 1.130999221801757812e+02
1.314093933105468750e+02 1.340129089355468750e+02 1.133037948608398438e+02
1.313908386230468750e+02 1.340299987792968750e+02 1.135066223144531250e+02
1.313683624267578125e+02 1.340877075195312500e+02 1.137019805908203125e+02
1.313474578857421875e+02 1.341824188232421875e+02 1.138888778686523438e+02
1.313280792236328125e+02 1.342975921630859375e+02 1.140699844360351562e+02
1.313101348876953125e+02 1.344164733886718750e+02 1.142480163574218750e+02
1.312934875488281250e+02 1.345222625732421875e+02 1.144257278442382812e+02
1.312779998779296875e+02 1.345982055664062500e+02 1.146058273315429688e+02
1.312635955810546875e+02 1.346275024414062500e+02 1.147910537719726562e+02
1.312516174316406250e+02 1.345983276367187500e+02 1.149839324951171875e+02
1.312510833740234375e+02 1.345685119628906250e+02 1.151819610595703125e+02
1.312363586425781250e+02 1.345501098632812500e+02 1.153808059692382812e+02
1.312096557617187500e+02 1.345347137451171875e+02 1.155792922973632812e+02
1.311815338134765625e+02 1.345148315429687500e+02 1.157768630981445312e+02
1.311624298095703125e+02 1.344831085205078125e+02 1.159729461669921875e+02
1.311575469970703125e+02 1.344371337890625000e+02 1.161673507690429688e+02
1.311649017333984375e+02 1.343813476562500000e+02 1.163604202270507812e+02
1.311818847656250000e+02 1.343207397460937500e+02 1.165525360107421875e+02
1.312059783935546875e+02 1.342602539062500000e+02 1.167440719604492188e+02
1.312345733642578125e+02 1.342048797607421875e+02 1.169354095458984375e+02
1.312651367187500000e+02 1.341595611572265625e+02 1.171269302368164062e+02
1.312962646484375000e+02 1.341291198730468750e+02 1.173196411132812500e+02
1.313305816650390625e+02 1.341177673339843750e+02 1.175167007446289062e+02
1.313715667724609375e+02 1.341294708251953125e+02 1.177216720581054688e+02
1.314203491210937500e+02 1.341618499755859375e+02 1.179345855712890625e+02
1.314748535156250000e+02 1.342037658691406250e+02 1.181505889892578125e+02
1.315327758789062500e+02 1.342434234619140625e+02 1.183644790649414062e+02
1.315917816162109375e+02 1.342690429687500000e+02 1.185710525512695312e+02
1.316495513916015625e+02 1.342688293457031250e+02 1.187651062011718750e+02
1.317037963867187500e+02 1.342310028076171875e+02 1.189414291381835938e+02
1.317521820068359375e+02 1.341437988281250000e+02 1.190948257446289062e+02
1.317935791015625000e+02 1.340007629394531250e+02 1.192225952148437500e+02
1.318460388183593750e+02 1.338832244873046875e+02 1.193631362915039062e+02
1.319170379638671875e+02 1.338277435302734375e+02 1.195341186523437500e+02
1.319997100830078125e+02 1.338072662353515625e+02 1.197235260009765625e+02
1.320870971679687500e+02 1.337942657470703125e+02 1.199191436767578125e+02
1.321722717285156250e+02 1.337612457275390625e+02 1.201087722778320312e+02
1.322508239746093750e+02 1.336888275146484375e+02 1.202828903198242188e+02
1.323295440673828125e+02 1.335925445556640625e+02 1.204436798095703125e+02
1.324181518554687500e+02 1.334973297119140625e+02 1.205964202880859375e+02
1.325263824462890625e+02 1.334281005859375000e+02 1.207464218139648438e+02
1.326452941894531250e+02 1.333916015625000000e+02 1.209016494750976562e+02
1.327476043701171875e+02 1.333650360107421875e+02 1.210680236816406250e+02
1.328363952636718750e+02 1.333460083007812500e+02 1.212435302734375000e+02
1.329154357910156250e+02 1.333326416015625000e+02 1.214260025024414062e+02
1.329884643554687500e+02 1.333231048583984375e+02 1.216132965087890625e+02
1.330592346191406250e+02 1.333155212402343750e+02 1.218032608032226562e+02
1.331315155029296875e+02 1.333080596923828125e+02 1.219937210083007812e+02
1.332090759277343750e+02 1.332988586425781250e+02 1.221825408935546875e+02
1.332956542968750000e+02 1.332860870361328125e+02 1.223675613403320312e+02
1.333941650390625000e+02 1.332684936523437500e+02 1.225469818115234375e+02
1.335028228759765625e+02 1.332485198974609375e+02 1.227210464477539062e+02
1.336180725097656250e+02 1.332298431396484375e+02 1.228907394409179688e+02
1.337364196777343750e+02 1.332161865234375000e+02 1.230570297241210938e+02
1.338543701171875000e+02 1.332112274169921875e+02 1.232208938598632812e+02
1.339683837890625000e+02 1.332186889648437500e+02 1.233833084106445312e+02
1.340749816894531250e+02 1.332422485351562500e+02 1.235452423095703125e+02
1.341706237792968750e+02 1.332856292724609375e+02 1.237076721191406250e+02
1.342528839111328125e+02 1.333504028320312500e+02 1.238714370727539062e+02
1.343222198486328125e+02 1.334326019287109375e+02 1.240370254516601562e+02
1.343795471191406250e+02 1.335272979736328125e+02 1.242048492431640625e+02
1.344258117675781250e+02 1.336295776367187500e+02 1.243753433227539062e+02
1.344619293212890625e+02 1.337345275878906250e+02 1.245489273071289062e+02
1.344888305664062500e+02 1.338372039794921875e+02 1.247260284423828125e+02
1.345074310302734375e+02 1.339327087402343750e+02 1.249070587158203125e+02
1.345187072753906250e+02 1.340161437988281250e+02 1.250924453735351562e+02
1.345253753662109375e+02 1.340874328613281250e+02 1.252810058593750000e+02
1.345339965820312500e+02 1.341564483642578125e+02 1.254683151245117188e+02
1.345514831542968750e+02 1.342342376708984375e+02 1.256495742797851562e+02
1.345814361572265625e+02 1.343265380859375000e+02 1.258224105834960938e+02
1.346220245361328125e+02 1.344307098388671875e+02 1.259883804321289062e+02
1.346709594726562500e+02 1.345433044433593750e+02 1.261493988037109375e+02
1.347259216308593750e+02 1.346609039306640625e+02 1.263073654174804688e+02
1.347846221923828125e+02 1.347800598144531250e+02 1.264641952514648438e+02
1.348447418212890625e+02 1.348973693847656250e+02 1.266217880249023438e+02
1.349039764404296875e+02 1.350093688964843750e+02 1.267820663452148438e+02
1.349600219726562500e+02 1.351126403808593750e+02 1.269469223022460938e+02
1.350105743408203125e+02 1.352037658691406250e+02 1.271182785034179688e+02
1.350533294677734375e+02 1.352792816162109375e+02 1.272980422973632812e+02
1.350859832763671875e+02 1.353357849121093750e+02 1.274881134033203125e+02
1.351050109863281250e+02 1.353701171875000000e+02 1.276896896362304688e+02
1.350732879638671875e+02 1.353869628906250000e+02 1.278844833374023438e+02
1.349656372070312500e+02 1.353979492187500000e+02 1.280536651611328125e+02
1.348765411376953125e+02 1.354084320068359375e+02 1.282311553955078125e+02
1.348157501220703125e+02 1.354190216064453125e+02 1.284204864501953125e+02
1.347708587646484375e+02 1.354296722412109375e+02 1.286168060302734375e+02
1.347295074462890625e+02 1.354403228759765625e+02 1.288153076171875000e+02
1.346792755126953125e+02 1.354509124755859375e+02 1.290111236572265625e+02
1.346078033447265625e+02 1.354613800048828125e+02 1.291994323730468750e+02
1.345045013427734375e+02 1.354719238281250000e+02 1.293759002685546875e+02
1.343784484863281250e+02 1.354854736328125000e+02 1.295418548583984375e+02
1.342507781982421875e+02 1.355066680908203125e+02 1.297020416259765625e+02
1.341427612304687500e+02 1.355401611328125000e+02 1.298612670898437500e+02
1.340753631591796875e+02 1.355904998779296875e+02 1.300242919921875000e+02
1.340560150146484375e+02 1.356581420898437500e+02 1.301935577392578125e+02
1.340746002197265625e+02 1.357382812500000000e+02 1.303684844970703125e+02
1.341198577880859375e+02 1.358257598876953125e+02 1.305483245849609375e+02
1.341804962158203125e+02 1.359153900146484375e+02 1.307323150634765625e+02
1.342452392578125000e+02 1.360020141601562500e+02 1.309196929931640625e+02
1.343027954101562500e+02 1.360804595947265625e+02 1.311096954345703125e+02
1.343420410156250000e+02 1.361456146240234375e+02 1.313015441894531250e+02
1.343641662597656250e+02 1.361964263916015625e+02 1.314943389892578125e+02
1.343915710449218750e+02 1.362388153076171875e+02 1.316868591308593750e+02
1.344340209960937500e+02 1.362784423828125000e+02 1.318786010742187500e+02
1.344877166748046875e+02 1.363047485351562500e+02 1.320697631835937500e+02
1.345557556152343750e+02 1.363199615478515625e+02 1.322588806152343750e+02
1.346314544677734375e+02 1.363388519287109375e+02 1.324445037841796875e+02
1.347081146240234375e+02 1.363761749267578125e+02 1.326251678466796875e+02
1.347797698974609375e+02 1.364415893554687500e+02 1.328004150390625000e+02
1.348433685302734375e+02 1.365239410400390625e+02 1.329737396240234375e+02
1.348965606689453125e+02 1.366068420410156250e+02 1.331497039794921875e+02
1.349370574951171875e+02 1.366739044189453125e+02 1.333328247070312500e+02
1.349633789062500000e+02 1.367141418457031250e+02 1.335260162353515625e+02
1.349778137207031250e+02 1.367397460937500000e+02 1.337251129150390625e+02
1.349836425781250000e+02 1.367690582275390625e+02 1.339241027832031250e+02
1.349769744873046875e+02 1.368175659179687500e+02 1.341183166503906250e+02
1.349498596191406250e+02 1.368742370605468750e+02 1.343093261718750000e+02
1.349071807861328125e+02 1.369132385253906250e+02 1.345010528564453125e+02
1.348709259033203125e+02 1.369341888427734375e+02 1.346977233886718750e+02
1.348585205078125000e+02 1.369303741455078125e+02 1.348982849121093750e+02
1.348948516845703125e+02 1.369151000976562500e+02 1.350932769775390625e+02
1.349704589843750000e+02 1.368849029541015625e+02 1.352787780761718750e+02
1.350604858398437500e+02 1.368283691406250000e+02 1.354533538818359375e+02
1.351403503417968750e+02 1.367345123291015625e+02 1.356148376464843750e+02
1.351886749267578125e+02 1.365978698730468750e+02 1.357532958984375000e+02
1.351987609863281250e+02 1.364465942382812500e+02 1.358826446533203125e+02
1.351888580322265625e+02 1.363445434570312500e+02 1.360556945800781250e+02
1.351502990722656250e+02 1.362351531982421875e+02 1.362219085693359375e+02
1.350926818847656250e+02 1.361201934814453125e+02 1.363785705566406250e+02
1.350319061279296875e+02 1.360226745605468750e+02 1.365408172607421875e+02
1.349821014404296875e+02 1.359615783691406250e+02 1.367218627929687500e+02
1.349371185302734375e+02 1.359087524414062500e+02 1.369134521484375000e+02
1.348897094726562500e+02 1.358364257812500000e+02 1.371034088134765625e+02
1.348473358154296875e+02 1.357546539306640625e+02 1.372919921875000000e+02
1.348184204101562500e+02 1.356757965087890625e+02 1.374801635742187500e+02
1.348113098144531250e+02 1.356122131347656250e+02 1.376688842773437500e+02
1.348344116210937500e+02 1.355762939453125000e+02 1.378591613769531250e+02
1.348867492675781250e+02 1.355579376220703125e+02 1.380462951660156250e+02
1.349311523437500000e+02 1.354718017578125000e+02 1.382091217041015625e+02
1.349656219482421875e+02 1.353329772949218750e+02 1.383551483154296875e+02
1.349935455322265625e+02 1.351705169677734375e+02 1.384955749511718750e+02
1.350182952880859375e+02 1.350134429931640625e+02 1.386415863037109375e+02
1.350458068847656250e+02 1.348875885009765625e+02 1.388018341064453125e+02
1.351025390625000000e+02 1.347919158935546875e+02 1.389641571044921875e+02
1.352044067382812500e+02 1.347157287597656250e+02 1.391166839599609375e+02
1.353234558105468750e+02 1.346554565429687500e+02 1.392701110839843750e+02
1.354262847900390625e+02 1.346084442138671875e+02 1.394378662109375000e+02
1.355323944091796875e+02 1.345565948486328125e+02 1.395936737060546875e+02
1.356815032958984375e+02 1.344839782714843750e+02 1.397071685791015625e+02
1.358385314941406250e+02 1.344032287597656250e+02 1.398132934570312500e+02
1.359673614501953125e+02 1.343278503417968750e+02 1.399476776123046875e+02
1.360586090087890625e+02 1.342738647460937500e+02 1.401184844970703125e+02
1.361287689208984375e+02 1.342436065673828125e+02 1.403086090087890625e+02
1.361929168701171875e+02 1.342230529785156250e+02 1.405036163330078125e+02
1.362660522460937500e+02 1.341975708007812500e+02 1.406892700195312500e+02
1.363631286621093750e+02 1.341524963378906250e+02 1.408513031005859375e+02
1.364933776855468750e+02 1.340785064697265625e+02 1.409810791015625000e+02
1.366333465576171875e+02 1.340004272460937500e+02 1.411020812988281250e+02
1.367936859130859375e+02 1.339592437744140625e+02 1.412098388671875000e+02
1.369753265380859375e+02 1.339341888427734375e+02 1.413018188476562500e+02
1.371680450439453125e+02 1.338944244384765625e+02 1.413840026855468750e+02
1.373659057617187500e+02 1.338361511230468750e+02 1.414606781005859375e+02
1.375646972656250000e+02 1.337664337158203125e+02 1.415355072021484375e+02
1.377602081298828125e+02 1.336923828125000000e+02 1.416121063232421875e+02
1.379482421875000000e+02 1.336210784912109375e+02 1.416940917968750000e+02
1.381246032714843750e+02 1.335596313476562500e+02 1.417851104736328125e+02
1.382850646972656250e+02 1.335151367187500000e+02 1.418887939453125000e+02
1.384254455566406250e+02 1.334947052001953125e+02 1.420087585449218750e+02
1.385415191650390625e+02 1.335054168701171875e+02 1.421486358642578125e+02
1.386295166015625000e+02 1.335532989501953125e+02 1.423117523193359375e+02
1.386960754394531250e+02 1.336172790527343750e+02 1.424938049316406250e+02
1.387587280273437500e+02 1.336479034423828125e+02 1.426825256347656250e+02
1.388251495361328125e+02 1.336279449462890625e+02 1.428709411621093750e+02
1.388750915527343750e+02 1.336061096191406250e+02 1.430646209716796875e+02
1.389001770019531250e+02 1.335759429931640625e+02 1.432610015869140625e+02
1.389048309326171875e+02 1.335371246337890625e+02 1.434579315185546875e+02
1.388943939208984375e+02 1.335111694335937500e+02 1.436564636230468750e+02
1.388943634033203125e+02 1.335216827392578125e+02 1.438564910888671875e+02
1.389081115722656250e+02 1.335273895263671875e+02 1.440547332763671875e+02
1.389332733154296875e+02 1.335123291015625000e+02 1.442502593994140625e+02
1.389674530029296875e+02 1.334793090820312500e+02 1.444435424804687500e+02
1.390082244873046875e+02 1.334311981201171875e+02 1.446350860595703125e+02
1.390531921386718750e+02 1.333709106445312500e+02 1.448253784179687500e+02
1.390999755859375000e+02 1.333013000488281250e+02 1.450149078369140625e+02
1.391461791992187500e+02 1.332252807617187500e+02 1.452041473388671875e+02
1.391906738281250000e+02 1.331463928222656250e+02 1.453934173583984375e+02
1.392336883544921875e+02 1.330688781738281250e+02 1.455827789306640625e+02
1.392755279541015625e+02 1.329970245361328125e+02 1.457723388671875000e+02
1.393165130615234375e+02 1.329351348876953125e+02 1.459621429443359375e+02
1.393569488525390625e+02 1.328874969482421875e+02 1.461522979736328125e+02
1.393971405029296875e+02 1.328583984375000000e+02 1.463428497314453125e+02
1.394373931884765625e+02 1.328521423339843750e+02 1.465339050292968750e+02
1.394780426025390625e+02 1.328730010986328125e+02 1.467255096435546875e+02
1.395137481689453125e+02 1.329218902587890625e+02 1.469167022705078125e+02
1.395314025878906250e+02 1.329855346679687500e+02 1.471059112548828125e+02
1.395563507080078125e+02 1.330265350341796875e+02 1.473002471923828125e+02
1.396004028320312500e+02 1.330610809326171875e+02 1.474915618896484375e+02
1.396615905761718750e+02 1.330957336425781250e+02 1.476778411865234375e+02
1.397371673583984375e+02 1.331308288574218750e+02 1.478596496582031250e+02
1.398243713378906250e+02 1.331667480468750000e+02 1.480375671386718750e+02
1.399204406738281250e+02 1.332038269042968750e+02 1.482121429443359375e+02
1.400226440429687500e+02 1.332424316406250000e+02 1.483839569091796875e+02
1.401282196044921875e+02 1.332829132080078125e+02 1.485535583496093750e+02
1.402344055175781250e+02 1.333256378173828125e+02 1.487215118408203125e+02
1.403350067138671875e+02 1.333788757324218750e+02 1.488869018554687500e+02
1.404132080078125000e+02 1.334678344726562500e+02 1.490480041503906250e+02
1.404657287597656250e+02 1.335611419677734375e+02 1.492220916748046875e+02
1.405085906982421875e+02 1.336440582275390625e+02 1.494056549072265625e+02
1.405600891113281250e+02 1.337107238769531250e+02 1.495893707275390625e+02
1.406384887695312500e+02 1.337552337646484375e+02 1.497639312744140625e+02
1.407551574707031250e+02 1.337751617431640625e+02 1.499240875244140625e+02
1.408809814453125000e+02 1.337886962890625000e+02 1.500872192382812500e+02
1.410057983398437500e+02 1.338075256347656250e+02 1.502532348632812500e+02
1.411313629150390625e+02 1.338382568359375000e+02 1.504131469726562500e+02
1.412594757080078125e+02 1.338875579833984375e+02 1.505579528808593750e+02
1.413918762207031250e+02 1.339620208740234375e+02 1.506786041259765625e+02
1.415298767089843750e+02 1.340661926269531250e+02 1.507687072753906250e+02
1.416715240478515625e+02 1.341902465820312500e+02 1.508393707275390625e+02
1.418135528564453125e+02 1.343184204101562500e+02 1.509089660644531250e+02
1.419530792236328125e+02 1.344359588623046875e+02 1.509942779541015625e+02
1.420926666259765625e+02 1.345415039062500000e+02 1.510914306640625000e+02
1.422382202148437500e+02 1.346426696777343750e+02 1.511831970214843750e+02
1.423907623291015625e+02 1.347428131103515625e+02 1.512645568847656250e+02
1.425480346679687500e+02 1.348424530029296875e+02 1.513387451171875000e+02
1.427077484130859375e+02 1.349420318603515625e+02 1.514090728759765625e+02
1.428675842285156250e+02 1.350420227050781250e+02 1.514788818359375000e+02
1.430252685546875000e+02 1.351428527832031250e+02 1.515515136718750000e+02
1.431784820556640625e+02 1.352449951171875000e+02 1.516302947998046875e+02
1.433249664306640625e+02 1.353488922119140625e+02 1.517185058593750000e+02
1.434636688232421875e+02 1.354548339843750000e+02 1.518170318603515625e+02
1.435949401855468750e+02 1.355629272460937500e+02 1.519240417480468750e+02
1.437192077636718750e+02 1.356732635498046875e+02 1.520375671386718750e+02
1.438369140625000000e+02 1.357859497070312500e+02 1.521556091308593750e+02
1.439484558105468750e+02 1.359010772705078125e+02 1.522761840820312500e+02
1.440545501708984375e+02 1.360185089111328125e+02 1.523976440429687500e+02
1.441572265625000000e+02 1.361369323730468750e+02 1.525201110839843750e+02
1.442589416503906250e+02 1.362546081542968750e+02 1.526442565917968750e+02
1.443621368408203125e+02 1.363698730468750000e+02 1.527707366943359375e+02
1.444692687988281250e+02 1.364809875488281250e+02 1.529002075195312500e+02
1.445827789306640625e+02 1.365862731933593750e+02 1.530333251953125000e+02
1.447055358886718750e+02 1.366891632080078125e+02 1.531586761474609375e+02
1.448412933349609375e+02 1.368065948486328125e+02 1.532332305908203125e+02
1.449897613525390625e+02 1.369402313232421875e+02 1.532527465820312500e+02
1.451457366943359375e+02 1.370711059570312500e+02 1.532647705078125000e+02
1.453042449951171875e+02 1.371842041015625000e+02 1.533088531494140625e+02
1.454625854492187500e+02 1.372853546142578125e+02 1.533793182373046875e+02
1.456186218261718750e+02 1.373858184814453125e+02 1.534588470458984375e+02
1.457701873779296875e+02 1.374964599609375000e+02 1.535306243896484375e+02
1.459127349853515625e+02 1.376019592285156250e+02 1.536193237304687500e+02
1.460446777343750000e+02 1.376920928955078125e+02 1.537411804199218750e+02
1.461673889160156250e+02 1.377764434814453125e+02 1.538809356689453125e+02
1.462822570800781250e+02 1.378644256591796875e+02 1.540236511230468750e+02
1.463905944824218750e+02 1.379606628417968750e+02 1.541621398925781250e+02
1.464935760498046875e+02 1.380649108886718750e+02 1.542972412109375000e+02
1.465924530029296875e+02 1.381766662597656250e+02 1.544301605224609375e+02
1.466884002685546875e+02 1.382954254150390625e+02 1.545620880126953125e+02
1.467823181152343750e+02 1.384204254150390625e+02 1.546942443847656250e+02
1.468736267089843750e+02 1.385494842529296875e+02 1.548277282714843750e+02
1.469612426757812500e+02 1.386799926757812500e+02 1.549636383056640625e+02
1.470441131591796875e+02 1.388093566894531250e+02 1.551030883789062500e+02
1.471211700439453125e+02 1.389349670410156250e+02 1.552471771240234375e+02
1.471913604736328125e+02 1.390542297363281250e+02 1.553970031738281250e+02
1.472536010742187500e+02 1.391645355224609375e+02 1.555536651611328125e+02
1.473068542480468750e+02 1.392632751464843750e+02 1.557182617187500000e+02
1.473500518798828125e+02 1.393478698730468750e+02 1.558918914794921875e+02
1.473821258544921875e+02 1.394156951904296875e+02 1.560756683349609375e+02
1.474013977050781250e+02 1.394816436767578125e+02 1.562626342773437500e+02
1.474533081054687500e+02 1.395606689453125000e+02 1.564398803710937500e+02
1.475312805175781250e+02 1.396394348144531250e+02 1.566118621826171875e+02
1.476199798583984375e+02 1.397057647705078125e+02 1.567834167480468750e+02
1.477039642333984375e+02 1.397475128173828125e+02 1.569597930908203125e+02
1.477737274169921875e+02 1.397536773681640625e+02 1.571473388671875000e+02
1.478909149169921875e+02 1.397661437988281250e+02 1.573094329833984375e+02
