1.265071716308593750e+02 1.323291625976562500e+02 1.106388702392578125e+02
1.265054779052734375e+02 1.322528686523437500e+02 1.106940460205078125e+02
1.265106506347656250e+02 1.320727539062500000e+02 1.108299865722656250e+02
1.265380630493164062e+02 1.318619384765625000e+02 1.110023117065429688e+02
1.266004028320312500e+02 1.316849975585937500e+02 1.111718597412109375e+02
1.266941833496093750e+02 1.315551757812500000e+02 1.113308944702148438e+02
1.268098907470703125e+02 1.314666137695312500e+02 1.114833984375000000e+02
1.269380035400390625e+02 1.314134063720703125e+02 1.116333541870117188e+02
1.270690155029296875e+02 1.313896636962890625e+02 1.117847518920898438e+02
1.271934051513671875e+02 1.313894805908203125e+02 1.119415817260742188e+02
1.273016510009765625e+02 1.314069366455078125e+02 1.121078262329101562e+02
1.273856582641601562e+02 1.314353790283203125e+02 1.122868728637695312e+02
1.274689254760742188e+02 1.314518280029296875e+02 1.124684829711914062e+02
1.275580291748046875e+02 1.314508819580078125e+02 1.126484298706054688e+02
1.276419143676757812e+02 1.314400329589843750e+02 1.128301239013671875e+02
1.277201156616210938e+02 1.314205169677734375e+02 1.130135498046875000e+02
1.277931594848632812e+02 1.313929290771484375e+02 1.131983261108398438e+02
1.278615951538085938e+02 1.313578796386718750e+02 1.133841171264648438e+02
1.279259490966796875e+02 1.313160095214843750e+02 1.135705413818359375e+02
1.279867706298828125e+02 1.312678985595703125e+02 1.137572479248046875e+02
1.280445861816406250e+02 1.312141876220703125e+02 1.139438781738281250e+02
1.280999450683593750e+02 1.311554565429687500e+02 1.141300735473632812e+02
1.281533660888671875e+02 1.310923461914062500e+02 1.143154678344726562e+02
1.282051544189453125e+02 1.310260620117187500e+02 1.144999542236328125e+02
1.282546081542968750e+02 1.309602355957031250e+02 1.146844100952148438e+02
1.283007965087890625e+02 1.308990478515625000e+02 1.148699645996093750e+02
1.283427734375000000e+02 1.308467254638671875e+02 1.150577392578125000e+02
1.283796234130859375e+02 1.308074188232421875e+02 1.152488479614257812e+02
1.284116363525390625e+02 1.307815551757812500e+02 1.154437408447265625e+02
1.284415588378906250e+02 1.307619934082031250e+02 1.156415023803710938e+02
1.284723968505859375e+02 1.307407226562500000e+02 1.158410720825195312e+02
1.285063171386718750e+02 1.307144927978515625e+02 1.160413894653320312e+02
1.285438995361328125e+02 1.306883697509765625e+02 1.162414321899414062e+02
1.285855712890625000e+02 1.306682128906250000e+02 1.164401931762695312e+02
1.286317901611328125e+02 1.306598968505859375e+02 1.166366424560546875e+02
1.286829681396484375e+02 1.306692657470703125e+02 1.168297576904296875e+02
1.287395629882812500e+02 1.307021942138671875e+02 1.170185241699218750e+02
1.288019256591796875e+02 1.307643890380859375e+02 1.172019500732421875e+02
1.288663024902343750e+02 1.308530426025390625e+02 1.173803787231445312e+02
1.289227752685546875e+02 1.309526214599609375e+02 1.175561599731445312e+02
1.289609680175781250e+02 1.310465240478515625e+02 1.177318038940429688e+02
1.289704589843750000e+02 1.311182098388671875e+02 1.179098358154296875e+02
1.289421234130859375e+02 1.311527099609375000e+02 1.180925674438476562e+02
1.288820495605468750e+02 1.311546783447265625e+02 1.182801666259765625e+02
1.288064727783203125e+02 1.311417694091796875e+02 1.184713363647460938e+02
1.287317962646484375e+02 1.311318359375000000e+02 1.186647415161132812e+02
1.286743774414062500e+02 1.311426696777343750e+02 1.188590774536132812e+02
1.286432647705078125e+02 1.311778259277343750e+02 1.190541763305664062e+02
1.286321563720703125e+02 1.312110443115234375e+02 1.192522354125976562e+02
1.286341705322265625e+02 1.312229003906250000e+02 1.194544067382812500e+02
1.286458587646484375e+02 1.312217559814453125e+02 1.196582489013671875e+02
1.286643371582031250e+02 1.312204742431640625e+02 1.198607254028320312e+02
1.286866912841796875e+02 1.312318725585937500e+02 1.200588073730468750e+02
1.287100372314453125e+02 1.312688293457031250e+02 1.202494659423828125e+02
1.287323150634765625e+02 1.313391418457031250e+02 1.204309844970703125e+02
1.287539825439453125e+02 1.314348144531250000e+02 1.206057205200195312e+02
1.287760467529296875e+02 1.315446929931640625e+02 1.207768478393554688e+02
1.287994537353515625e+02 1.316576995849609375e+02 1.209475479125976562e+02
1.288252105712890625e+02 1.317626953125000000e+02 1.211209793090820312e+02
1.288542938232421875e+02 1.318485565185546875e+02 1.213003234863281250e+02
1.288877105712890625e+02 1.319042205810546875e+02 1.214887313842773438e+02
1.289447021484375000e+02 1.319418029785156250e+02 1.216768035888671875e+02
1.290311431884765625e+02 1.319770965576171875e+02 1.218560714721679688e+02
1.291224365234375000e+02 1.319992523193359375e+02 1.220342483520507812e+02
1.291963806152343750e+02 1.319990539550781250e+02 1.222183227539062500e+02
1.292506408691406250e+02 1.319813842773437500e+02 1.224092712402343750e+02
1.292921752929687500e+02 1.319576568603515625e+02 1.226052246093750000e+02
1.293279266357421875e+02 1.319393005371093750e+02 1.228043136596679688e+02
1.293648834228515625e+02 1.319376525878906250e+02 1.230046386718750000e+02
1.294114227294921875e+02 1.319540710449218750e+02 1.232021331787109375e+02
1.294783020019531250e+02 1.319723510742187500e+02 1.233888931274414062e+02
1.295750122070312500e+02 1.319759826660156250e+02 1.235576553344726562e+02
1.296984100341796875e+02 1.319615020751953125e+02 1.237098999023437500e+02
1.298389282226562500e+02 1.319319458007812500e+02 1.238515014648437500e+02
1.299869689941406250e+02 1.318904266357421875e+02 1.239883804321289062e+02
1.301329345703125000e+02 1.318400573730468750e+02 1.241264419555664062e+02
1.302672424316406250e+02 1.317839355468750000e+02 1.242716140747070312e+02
1.303796844482421875e+02 1.317247009277343750e+02 1.244294357299804688e+02
1.304565429687500000e+02 1.316621856689453125e+02 1.246031341552734375e+02
1.305352325439453125e+02 1.316036376953125000e+02 1.247776260375976562e+02
1.306268463134765625e+02 1.315441436767578125e+02 1.249461135864257812e+02
1.307016754150390625e+02 1.314730377197265625e+02 1.251166076660156250e+02
1.307601013183593750e+02 1.313911743164062500e+02 1.252890090942382812e+02
1.308045959472656250e+02 1.313002166748046875e+02 1.254626617431640625e+02
1.308376770019531250e+02 1.312018280029296875e+02 1.256369171142578125e+02
1.308618316650390625e+02 1.310976715087890625e+02 1.258111114501953125e+02
1.308795471191406250e+02 1.309894104003906250e+02 1.259845809936523438e+02
1.308933410644531250e+02 1.308787384033203125e+02 1.261566696166992188e+02
1.309056854248046875e+02 1.307673034667968750e+02 1.263267211914062500e+02
1.309189605712890625e+02 1.306565399169921875e+02 1.264941787719726562e+02
1.309439239501953125e+02 1.305581665039062500e+02 1.266616821289062500e+02
1.309873962402343750e+02 1.304811706542968750e+02 1.268313217163085938e+02
1.310460815429687500e+02 1.304223022460937500e+02 1.270033264160156250e+02
1.311166839599609375e+02 1.303783569335937500e+02 1.271779708862304688e+02
1.311959228515625000e+02 1.303460845947265625e+02 1.273554763793945312e+02
1.312805023193359375e+02 1.303222656250000000e+02 1.275361099243164062e+02
1.313671264648437500e+02 1.303036651611328125e+02 1.277201156616210938e+02
1.314525146484375000e+02 1.302870483398437500e+02 1.279077453613281250e+02
1.315333709716796875e+02 1.302691955566406250e+02 1.280992431640625000e+02
1.316063995361328125e+02 1.302468872070312500e+02 1.282948455810546875e+02
1.316683197021484375e+02 1.302168579101562500e+02 1.284948272705078125e+02
1.317158508300781250e+02 1.301759033203125000e+02 1.286994018554687500e+02
1.317456817626953125e+02 1.301207885742187500e+02 1.289088592529296875e+02
1.317638549804687500e+02 1.300575714111328125e+02 1.291185455322265625e+02
1.318120422363281250e+02 1.300278320312500000e+02 1.293052520751953125e+02
1.319312896728515625e+02 1.300731506347656250e+02 1.294471740722656250e+02
1.320655975341796875e+02 1.301445312500000000e+02 1.295846557617187500e+02
1.321723175048828125e+02 1.301989135742187500e+02 1.297458801269531250e+02
1.322622985839843750e+02 1.302382659912109375e+02 1.299222412109375000e+02
1.323474731445312500e+02 1.302655029296875000e+02 1.301043853759765625e+02
1.324389953613281250e+02 1.302834930419921875e+02 1.302835083007812500e+02
1.325373077392578125e+02 1.302940521240234375e+02 1.304583282470703125e+02
1.326350097656250000e+02 1.302983245849609375e+02 1.306331481933593750e+02
1.327244415283203125e+02 1.302974090576171875e+02 1.308123931884765625e+02
1.327990875244140625e+02 1.302918243408203125e+02 1.309995880126953125e+02
1.328591003417968750e+02 1.302786865234375000e+02 1.311928253173828125e+02
1.329070281982421875e+02 1.302538452148437500e+02 1.313882141113281250e+02
1.329454498291015625e+02 1.302131042480468750e+02 1.315818328857421875e+02
1.329769744873046875e+02 1.301523742675781250e+02 1.317697906494140625e+02
1.330045166015625000e+02 1.300710144042968750e+02 1.319501190185546875e+02
1.330317535400390625e+02 1.299754486083984375e+02 1.321246490478515625e+02
1.330624389648437500e+02 1.298729248046875000e+02 1.322956390380859375e+02
1.331003417968750000e+02 1.297707061767578125e+02 1.324653930664062500e+02
1.331491851806640625e+02 1.296760101318359375e+02 1.326361694335937500e+02
1.332055816650390625e+02 1.295980072021484375e+02 1.328115386962890625e+02
1.332288665771484375e+02 1.295506744384765625e+02 1.330000915527343750e+02
1.332206726074218750e+02 1.295249938964843750e+02 1.331989593505859375e+02
1.331939392089843750e+02 1.295073394775390625e+02 1.334026641845703125e+02
1.331616210937500000e+02 1.294840698242187500e+02 1.336057739257812500e+02
1.331366424560546875e+02 1.294415435791015625e+02 1.338028411865234375e+02
1.331283721923828125e+02 1.293709411621093750e+02 1.339901733398437500e+02
1.331278228759765625e+02 1.292880096435546875e+02 1.341731719970703125e+02
1.331313171386718750e+02 1.292152862548828125e+02 1.343597259521484375e+02
1.331486206054687500e+02 1.291549530029296875e+02 1.345506896972656250e+02
1.331979827880859375e+02 1.291250000000000000e+02 1.347415313720703125e+02
1.332288513183593750e+02 1.291083526611328125e+02 1.349389801025390625e+02
1.332392272949218750e+02 1.291019287109375000e+02 1.351398925781250000e+02
1.332660827636718750e+02 1.291217956542968750e+02 1.353377227783203125e+02
1.333078613281250000e+02 1.291411895751953125e+02 1.355329132080078125e+02
1.333575134277343750e+02 1.291390075683593750e+02 1.357266845703125000e+02
1.334138641357421875e+02 1.291236267089843750e+02 1.359190216064453125e+02
1.334764099121093750e+02 1.291068420410156250e+02 1.361097717285156250e+02
1.335446472167968750e+02 1.291004791259765625e+02 1.362987670898437500e+02
1.336239624023437500e+02 1.291165313720703125e+02 1.364815521240234375e+02
1.337250061035156250e+02 1.291581878662109375e+02 1.366495971679687500e+02
1.338371582031250000e+02 1.292152709960937500e+02 1.368093872070312500e+02
1.339478912353515625e+02 1.292766265869140625e+02 1.369687652587890625e+02
1.340446777343750000e+02 1.293311462402343750e+02 1.371355895996093750e+02
1.341152038574218750e+02 1.293679351806640625e+02 1.373175506591796875e+02
1.341576232910156250e+02 1.293915557861328125e+02 1.375135192871093750e+02
1.341862335205078125e+02 1.294302673339843750e+02 1.377089080810546875e+02
1.342160949707031250e+02 1.295086517333984375e+02 1.378901214599609375e+02
1.342575378417968750e+02 1.296076812744140625e+02 1.380605468750000000e+02
1.343158111572265625e+02 1.296980743408203125e+02 1.382288055419921875e+02
1.343883514404296875e+02 1.297778930664062500e+02 1.383964538574218750e+02
1.344713134765625000e+02 1.298497467041015625e+02 1.385638580322265625e+02
1.345608062744140625e+02 1.299162902832031250e+02 1.387314147949218750e+02
1.346530151367187500e+02 1.299801177978515625e+02 1.388994750976562500e+02
1.347440643310546875e+02 1.300438690185546875e+02 1.390684356689453125e+02
1.348301086425781250e+02 1.301101837158203125e+02 1.392386779785156250e+02
1.349072723388671875e+02 1.301816711425781250e+02 1.394105529785156250e+02
1.349717102050781250e+02 1.302609558105468750e+02 1.395844726562500000e+02
1.350183868408203125e+02 1.303493347167968750e+02 1.397609405517578125e+02
1.350270996093750000e+02 1.304311370849609375e+02 1.399427490234375000e+02
1.349948883056640625e+02 1.304950866699218750e+02 1.401302795410156250e+02
1.349657592773437500e+02 1.305491485595703125e+02 1.403200988769531250e+02
1.349382934570312500e+02 1.305862121582031250e+02 1.405139465332031250e+02
1.349114379882812500e+02 1.306108398437500000e+02 1.407107696533203125e+02
1.348840942382812500e+02 1.306275177001953125e+02 1.409095611572265625e+02
1.348551788330078125e+02 1.306408081054687500e+02 1.411092529296875000e+02
1.348236236572265625e+02 1.306552124023437500e+02 1.413088378906250000e+02
1.347883453369140625e+02 1.306752777099609375e+02 1.415072631835937500e+02
1.347486877441406250e+02 1.307041320800781250e+02 1.417037963867187500e+02
1.347054290771484375e+02 1.307401885986328125e+02 1.418986053466796875e+02
1.346596679687500000e+02 1.307809143066406250e+02 1.420921020507812500e+02
1.346124725341796875e+02 1.308237304687500000e+02 1.422846679687500000e+02
1.345649261474609375e+02 1.308661041259765625e+02 1.424767150878906250e+02
1.345181274414062500e+02 1.309054718017578125e+02 1.426686096191406250e+02
1.344731445312500000e+02 1.309392700195312500e+02 1.428607788085937500e+02
1.344310607910156250e+02 1.309649658203125000e+02 1.430535736083984375e+02
1.343929748535156250e+02 1.309799804687500000e+02 1.432474212646484375e+02
1.343599548339843750e+02 1.309817657470703125e+02 1.434426879882812500e+02
1.343315124511718750e+02 1.309701080322265625e+02 1.436397705078125000e+02
1.342989807128906250e+02 1.309569244384765625e+02 1.438388519287109375e+02
1.342599792480468750e+02 1.309528045654296875e+02 1.440392608642578125e+02
1.342295227050781250e+02 1.309580078125000000e+02 1.442387390136718750e+02
1.342246093750000000e+02 1.309716491699218750e+02 1.444348144531250000e+02
1.342573852539062500e+02 1.309930419921875000e+02 1.446256713867187500e+02
1.343222656250000000e+02 1.310224151611328125e+02 1.448118591308593750e+02
1.344097290039062500e+02 1.310602264404296875e+02 1.449944458007812500e+02
1.345102691650390625e+02 1.311068878173828125e+02 1.451745147705078125e+02
1.346164093017578125e+02 1.311615295410156250e+02 1.453528900146484375e+02
1.347255249023437500e+02 1.312201690673828125e+02 1.455298309326171875e+02
1.348356933593750000e+02 1.312784576416015625e+02 1.457055358886718750e+02
1.349449768066406250e+02 1.313319549560546875e+02 1.458801879882812500e+02
1.350514526367187500e+02 1.313762969970703125e+02 1.460539703369140625e+02
1.351531829833984375e+02 1.314070739746093750e+02 1.462270812988281250e+02
1.352482299804687500e+02 1.314199066162109375e+02 1.463996887207031250e+02
1.353346862792968750e+02 1.314103851318359375e+02 1.465719909667968750e+02
1.354105834960937500e+02 1.313741302490234375e+02 1.467441711425781250e+02
1.354740295410156250e+02 1.313067626953125000e+02 1.469164276123046875e+02
1.355185852050781250e+02 1.312308349609375000e+02 1.470963287353515625e+02
1.355410766601562500e+02 1.311963500976562500e+02 1.472924804687500000e+02
1.355540466308593750e+02 1.311803588867187500e+02 1.474920501708984375e+02
1.355602874755859375e+02 1.311716766357421875e+02 1.476930084228515625e+02
1.355624237060546875e+02 1.311595306396484375e+02 1.478935852050781250e+02
1.355628967285156250e+02 1.311335601806640625e+02 1.480920867919921875e+02
1.355621490478515625e+02 1.310906677246093750e+02 1.482877960205078125e+02
1.355589447021484375e+02 1.310336456298828125e+02 1.484808197021484375e+02
1.355520172119140625e+02 1.309654083251953125e+02 1.486712799072265625e+02
1.355401000976562500e+02 1.308889312744140625e+02 1.488592987060546875e+02
1.355218811035156250e+02 1.308071289062500000e+02 1.490449829101562500e+02
1.354961395263671875e+02 1.307229614257812500e+02 1.492284545898437500e+02
1.354615478515625000e+02 1.306393737792968750e+02 1.494098510742187500e+02
1.354168701171875000e+02 1.305593109130859375e+02 1.495892791748046875e+02
1.353608398437500000e+02 1.304857025146484375e+02 1.497668762207031250e+02
1.352939605712890625e+02 1.304200286865234375e+02 1.499431304931640625e+02
1.352198791503906250e+02 1.303612518310546875e+02 1.501192321777343750e+02
1.351425933837890625e+02 1.303080139160156250e+02 1.502964324951171875e+02
1.350660552978515625e+02 1.302590332031250000e+02 1.504759674072265625e+02
1.349942779541015625e+02 1.302129364013671875e+02 1.506591033935546875e+02
1.349309692382812500e+02 1.301685028076171875e+02 1.508469696044921875e+02
1.348756256103515625e+02 1.301257934570312500e+02 1.510390472412109375e+02
1.348242034912109375e+02 1.300859832763671875e+02 1.512333984375000000e+02
1.347725219726562500e+02 1.300502624511718750e+02 1.514280395507812500e+02
1.347164001464843750e+02 1.300198516845703125e+02 1.516209869384765625e+02
1.346516723632812500e+02 1.299959411621093750e+02 1.518102569580078125e+02
1.345741729736328125e+02 1.299797515869140625e+02 1.519938659667968750e+02
1.344797210693359375e+02 1.299724731445312500e+02 1.521698303222656250e+02
1.343641662597656250e+02 1.299753265380859375e+02 1.523361816406250000e+02
1.342247467041015625e+02 1.299892120361328125e+02 1.524915008544921875e+02
1.340704956054687500e+02 1.300127868652343750e+02 1.526391754150390625e+02
1.339162139892578125e+02 1.300435638427734375e+02 1.527849121093750000e+02
1.337767181396484375e+02 1.300790252685546875e+02 1.529344787597656250e+02
1.336668243408203125e+02 1.301166839599609375e+02 1.530935668945312500e+02
1.336013793945312500e+02 1.301540527343750000e+02 1.532679443359375000e+02
1.335896606445312500e+02 1.301889953613281250e+02 1.534617462158203125e+02
1.335819549560546875e+02 1.302231292724609375e+02 1.536617279052734375e+02
1.335608062744140625e+02 1.302561035156250000e+02 1.538615112304687500e+02
1.335327453613281250e+02 1.302859497070312500e+02 1.540609436035156250e+02
1.335042877197265625e+02 1.303107757568359375e+02 1.542598724365234375e+02
1.334819335937500000e+02 1.303286132812500000e+02 1.544581604003906250e+02
1.334722290039062500e+02 1.303375701904296875e+02 1.546556549072265625e+02
1.334816436767578125e+02 1.303357238769531250e+02 1.548522186279296875e+02
1.335131072998046875e+02 1.303239746093750000e+02 1.550477600097656250e+02
1.335609436035156250e+02 1.303100738525390625e+02 1.552425079345703125e+02
1.336182403564453125e+02 1.303027038574218750e+02 1.554366302490234375e+02
1.336780700683593750e+02 1.303105468750000000e+02 1.556303710937500000e+02
1.337340393066406250e+02 1.303409118652343750e+02 1.558238830566406250e+02
1.337847442626953125e+02 1.303871917724609375e+02 1.560169372558593750e+02
1.338315887451171875e+02 1.304349670410156250e+02 1.562090759277343750e+02
1.338760375976562500e+02 1.304696960449218750e+02 1.563998260498046875e+02
1.339195251464843750e+02 1.304768676757812500e+02 1.565887451171875000e+02
1.339632873535156250e+02 1.304477233886718750e+02 1.567756500244140625e+02
1.340078582763671875e+02 1.303911437988281250e+02 1.569612579345703125e+02
1.340536651611328125e+02 1.303193817138671875e+02 1.571464691162109375e+02
1.341011199951171875e+02 1.302446441650390625e+02 1.573321838378906250e+02
1.341506195068359375e+02 1.301791992187500000e+02 1.575192871093750000e+02
1.342025909423828125e+02 1.301352691650390625e+02 1.577086639404296875e+02
1.342578125000000000e+02 1.301188659667968750e+02 1.579004974365234375e+02
1.343188934326171875e+02 1.301052398681640625e+02 1.580914001464843750e+02
1.343852844238281250e+02 1.300740966796875000e+02 1.582786560058593750e+02
1.344507751464843750e+02 1.300267944335937500e+02 1.584623413085937500e+02
1.345095825195312500e+02 1.299680175781250000e+02 1.586432800292968750e+02
1.345609588623046875e+02 1.299115600585937500e+02 1.588254089355468750e+02
1.346061096191406250e+02 1.298744659423828125e+02 1.590138092041015625e+02
1.346461791992187500e+02 1.298738250732421875e+02 1.592135925292968750e+02
1.346823425292968750e+02 1.299267272949218750e+02 1.594298248291015625e+02
1.347152709960937500e+02 1.300424957275390625e+02 1.596622009277343750e+02
1.347427673339843750e+02 1.301867523193359375e+02 1.598797607421875000e+02
1.347616119384765625e+02 1.303097686767578125e+02 1.600408477783203125e+02
1.347686004638671875e+02 1.303618316650390625e+02 1.601038055419921875e+02
