1.443611297607421875e+02 1.304235382080078125e+02 1.619348602294921875e+02
1.443307647705078125e+02 1.303349914550781250e+02 1.617599334716796875e+02
1.442666931152343750e+02 1.302716522216796875e+02 1.615806274414062500e+02
1.441861724853515625e+02 1.302298278808593750e+02 1.613968353271484375e+02
1.441072235107421875e+02 1.302055816650390625e+02 1.612086181640625000e+02
1.440454406738281250e+02 1.301950683593750000e+02 1.610161437988281250e+02
1.440015106201171875e+02 1.301950836181640625e+02 1.608201904296875000e+02
1.439703521728515625e+02 1.302026977539062500e+02 1.606218261718750000e+02
1.439468841552734375e+02 1.302149505615234375e+02 1.604220733642578125e+02
1.439260101318359375e+02 1.302288818359375000e+02 1.602219848632812500e+02
1.439026489257812500e+02 1.302415771484375000e+02 1.600225982666015625e+02
1.438717041015625000e+02 1.302500610351562500e+02 1.598249664306640625e+02
1.438280792236328125e+02 1.302513885498046875e+02 1.596301422119140625e+02
1.437697296142578125e+02 1.302465057373046875e+02 1.594387664794921875e+02
1.436973114013671875e+02 1.302313842773437500e+02 1.592524261474609375e+02
1.436148529052734375e+02 1.302084350585937500e+02 1.590699005126953125e+02
1.435279693603515625e+02 1.301834564208984375e+02 1.588892974853515625e+02
1.434423217773437500e+02 1.301622772216796875e+02 1.587087554931640625e+02
1.433634948730468750e+02 1.301507110595703125e+02 1.585263671875000000e+02
1.432960510253906250e+02 1.301533203125000000e+02 1.583405456542968750e+02
1.432386627197265625e+02 1.301680145263671875e+02 1.581511840820312500e+02
1.431882171630859375e+02 1.301905822753906250e+02 1.579587249755859375e+02
1.431415100097656250e+02 1.302167968750000000e+02 1.577635803222656250e+02
1.430954132080078125e+02 1.302424468994140625e+02 1.575661468505859375e+02
1.430620117187500000e+02 1.302705230712890625e+02 1.573691864013671875e+02
1.431064910888671875e+02 1.303305969238281250e+02 1.571845550537109375e+02
1.431831665039062500e+02 1.304070587158203125e+02 1.570115966796875000e+02
1.432682189941406250e+02 1.304912414550781250e+02 1.568476562500000000e+02
1.433587799072265625e+02 1.305825653076171875e+02 1.566912078857421875e+02
1.434520111083984375e+02 1.306804809570312500e+02 1.565407409667968750e+02
1.435450286865234375e+02 1.307844238281250000e+02 1.563947601318359375e+02
1.436349639892578125e+02 1.308938446044921875e+02 1.562517242431640625e+02
1.437189331054687500e+02 1.310081787109375000e+02 1.561101226806640625e+02
1.437940826416015625e+02 1.311268768310546875e+02 1.559684600830078125e+02
1.438575592041015625e+02 1.312493591308593750e+02 1.558252105712890625e+02
1.439067993164062500e+02 1.313750457763671875e+02 1.556790313720703125e+02
1.439416351318359375e+02 1.315030670166015625e+02 1.555297546386718750e+02
1.439628448486328125e+02 1.316324768066406250e+02 1.553777160644531250e+02
1.439712371826171875e+02 1.317622985839843750e+02 1.552232360839843750e+02
1.439676055908203125e+02 1.318915863037109375e+02 1.550666351318359375e+02
1.439527587890625000e+02 1.320193634033203125e+02 1.549082489013671875e+02
1.439274749755859375e+02 1.321446838378906250e+02 1.547484130859375000e+02
1.438925781250000000e+02 1.322665557861328125e+02 1.545874328613281250e+02
1.438488311767578125e+02 1.323840484619140625e+02 1.544256591796875000e+02
1.437964935302734375e+02 1.324946136474609375e+02 1.542633209228515625e+02
1.437337036132812500e+02 1.325899658203125000e+02 1.541002655029296875e+02
1.436584625244140625e+02 1.326614379882812500e+02 1.539362640380859375e+02
1.435716400146484375e+02 1.327079772949218750e+02 1.537711791992187500e+02
1.434754180908203125e+02 1.327320556640625000e+02 1.536048431396484375e+02
1.433719329833984375e+02 1.327361297607421875e+02 1.534371490478515625e+02
1.432633666992187500e+02 1.327226867675781250e+02 1.532679290771484375e+02
1.431519012451171875e+02 1.326941680908203125e+02 1.530970458984375000e+02
1.430396881103515625e+02 1.326530914306640625e+02 1.529243927001953125e+02
1.429288940429687500e+02 1.326018829345703125e+02 1.527498016357421875e+02
1.428217010498046875e+02 1.325430450439453125e+02 1.525731353759765625e+02
1.427202758789062500e+02 1.324790496826171875e+02 1.523942718505859375e+02
1.426267852783203125e+02 1.324123382568359375e+02 1.522130584716796875e+02
1.425433959960937500e+02 1.323454132080078125e+02 1.520293579101562500e+02
1.424722747802734375e+02 1.322807464599609375e+02 1.518430480957031250e+02
1.424155883789062500e+02 1.322207794189453125e+02 1.516539611816406250e+02
1.423755035400390625e+02 1.321680297851562500e+02 1.514619903564453125e+02
1.423458862304687500e+02 1.321278839111328125e+02 1.512679290771484375e+02
1.423024902343750000e+02 1.321104583740234375e+02 1.510747833251953125e+02
1.422422485351562500e+02 1.321090393066406250e+02 1.508836517333984375e+02
1.421700134277343750e+02 1.321112213134765625e+02 1.506949157714843750e+02
1.420906372070312500e+02 1.321045532226562500e+02 1.505089569091796875e+02
1.420090179443359375e+02 1.320766143798828125e+02 1.503261108398437500e+02
1.419290008544921875e+02 1.320244293212890625e+02 1.501464080810546875e+02
1.418509521484375000e+02 1.319782104492187500e+02 1.499686126708984375e+02
1.417743682861328125e+02 1.319727325439453125e+02 1.497912902832031250e+02
1.416977539062500000e+02 1.320106658935546875e+02 1.496140441894531250e+02
1.416189422607421875e+02 1.320739135742187500e+02 1.494371948242187500e+02
1.415357208251953125e+02 1.321440429687500000e+02 1.492610473632812500e+02
1.414459533691406250e+02 1.322026977539062500e+02 1.490859375000000000e+02
1.413488769531250000e+02 1.322403564453125000e+02 1.489122467041015625e+02
1.412465515136718750e+02 1.322654876708984375e+02 1.487405242919921875e+02
1.411414031982421875e+02 1.322886199951171875e+02 1.485713958740234375e+02
1.410358734130859375e+02 1.323203735351562500e+02 1.484054260253906250e+02
1.409323883056640625e+02 1.323713226318359375e+02 1.482432098388671875e+02
1.408367614746093750e+02 1.324395294189453125e+02 1.480807189941406250e+02
1.407629089355468750e+02 1.324905700683593750e+02 1.479026947021484375e+02
1.407107391357421875e+02 1.325249328613281250e+02 1.477110137939453125e+02
1.406751251220703125e+02 1.325567321777343750e+02 1.475139160156250000e+02
1.406505126953125000e+02 1.325979309082031250e+02 1.473188476562500000e+02
1.406257324218750000e+02 1.326277008056640625e+02 1.471206970214843750e+02
1.405929260253906250e+02 1.326361846923828125e+02 1.469175109863281250e+02
1.405488739013671875e+02 1.326354827880859375e+02 1.467150573730468750e+02
1.404904022216796875e+02 1.326378784179687500e+02 1.465191192626953125e+02
1.404143218994140625e+02 1.326556701660156250e+02 1.463355712890625000e+02
1.403174743652343750e+02 1.327011413574218750e+02 1.461701965332031250e+02
1.402037048339843750e+02 1.327728576660156250e+02 1.460208892822265625e+02
1.400886840820312500e+02 1.328444519042968750e+02 1.458715515136718750e+02
1.399747619628906250e+02 1.329129028320312500e+02 1.457200622558593750e+02
1.398628387451171875e+02 1.329776916503906250e+02 1.455658416748046875e+02
1.397537841796875000e+02 1.330383605957031250e+02 1.454083099365234375e+02
1.396485443115234375e+02 1.330944366455078125e+02 1.452469024658203125e+02
1.395479736328125000e+02 1.331454315185546875e+02 1.450810546875000000e+02
1.394530029296875000e+02 1.331908721923828125e+02 1.449101715087890625e+02
1.393645172119140625e+02 1.332302703857421875e+02 1.447336883544921875e+02
1.392821044921875000e+02 1.332593383789062500e+02 1.445520019531250000e+02
1.391997070312500000e+02 1.332576446533203125e+02 1.443696289062500000e+02
1.391019287109375000e+02 1.332342987060546875e+02 1.441966857910156250e+02
1.389781951904296875e+02 1.332512359619140625e+02 1.440395355224609375e+02
1.388851623535156250e+02 1.332507171630859375e+02 1.438636322021484375e+02
1.388104553222656250e+02 1.332352142333984375e+02 1.436764373779296875e+02
1.387584075927734375e+02 1.332390747070312500e+02 1.434842834472656250e+02
1.387206573486328125e+02 1.332514953613281250e+02 1.432873687744140625e+02
1.386429595947265625e+02 1.332665405273437500e+02 1.431024322509765625e+02
1.385406036376953125e+02 1.332823791503906250e+02 1.429283752441406250e+02
1.384330444335937500e+02 1.333068847656250000e+02 1.427617187500000000e+02
1.383359069824218750e+02 1.333613128662109375e+02 1.425944061279296875e+02
1.382497253417968750e+02 1.334247894287109375e+02 1.424228973388671875e+02
1.381740112304687500e+02 1.334732055664062500e+02 1.422440490722656250e+02
1.381082458496093750e+02 1.334920959472656250e+02 1.420562744140625000e+02
1.380516815185546875e+02 1.335000305175781250e+02 1.418632812500000000e+02
1.380041198730468750e+02 1.335225372314453125e+02 1.416699981689453125e+02
1.379698486328125000e+02 1.335743560791015625e+02 1.414803009033203125e+02
1.379469146728515625e+02 1.336505126953125000e+02 1.412950897216796875e+02
1.379315795898437500e+02 1.337439270019531250e+02 1.411148071289062500e+02
1.379201202392578125e+02 1.338475952148437500e+02 1.409399414062500000e+02
1.379110412597656250e+02 1.339650726318359375e+02 1.407777252197265625e+02
1.379059295654296875e+02 1.341138153076171875e+02 1.406432342529296875e+02
1.378976440429687500e+02 1.342606964111328125e+02 1.405106048583984375e+02
1.378789825439453125e+02 1.343711090087890625e+02 1.403522186279296875e+02
1.378505706787109375e+02 1.344526519775390625e+02 1.401732330322265625e+02
1.378137207031250000e+02 1.345170135498046875e+02 1.399820098876953125e+02
1.377697753906250000e+02 1.345758514404296875e+02 1.397868499755859375e+02
1.377200927734375000e+02 1.346408386230468750e+02 1.395961151123046875e+02
1.376660156250000000e+02 1.347236633300781250e+02 1.394181213378906250e+02
1.376091918945312500e+02 1.348350830078125000e+02 1.392605285644531250e+02
1.375585021972656250e+02 1.349645080566406250e+02 1.391148986816406250e+02
1.375296936035156250e+02 1.350802459716796875e+02 1.389569244384765625e+02
1.375234832763671875e+02 1.351688995361328125e+02 1.387774658203125000e+02
1.375227050781250000e+02 1.352393951416015625e+02 1.385859527587890625e+02
1.375092010498046875e+02 1.353019714355468750e+02 1.383928070068359375e+02
1.374648284912109375e+02 1.353667907714843750e+02 1.382084503173828125e+02
1.373975524902343750e+02 1.354126129150390625e+02 1.380267944335937500e+02
1.373301239013671875e+02 1.354225921630859375e+02 1.378365325927734375e+02
1.372574768066406250e+02 1.354251556396484375e+02 1.376462402343750000e+02
1.371798248291015625e+02 1.354231567382812500e+02 1.374588928222656250e+02
1.370995330810546875e+02 1.354092559814453125e+02 1.372752227783203125e+02
1.370189971923828125e+02 1.353760681152343750e+02 1.370959320068359375e+02
1.369400939941406250e+02 1.353199310302734375e+02 1.369212646484375000e+02
1.368579101562500000e+02 1.352848663330078125e+02 1.367452697753906250e+02
1.367713165283203125e+02 1.352787322998046875e+02 1.365666046142578125e+02
1.366814727783203125e+02 1.352916870117187500e+02 1.363861999511718750e+02
1.365894622802734375e+02 1.353138427734375000e+02 1.362049560546875000e+02
1.364964294433593750e+02 1.353353576660156250e+02 1.360238037109375000e+02
1.364034881591796875e+02 1.353463745117187500e+02 1.358436431884765625e+02
1.363117218017578125e+02 1.353374023437500000e+02 1.356653900146484375e+02
1.362212829589843750e+02 1.353071899414062500e+02 1.354893341064453125e+02
1.361314392089843750e+02 1.352622528076171875e+02 1.353152160644531250e+02
1.360414276123046875e+02 1.352094116210937500e+02 1.351427917480468750e+02
1.359505004882812500e+02 1.351554870605468750e+02 1.349717559814453125e+02
1.358570556640625000e+02 1.351070861816406250e+02 1.348019561767578125e+02
1.357484588623046875e+02 1.350675811767578125e+02 1.346343383789062500e+02
1.356177520751953125e+02 1.350371093750000000e+02 1.344694061279296875e+02
1.354718780517578125e+02 1.350148162841796875e+02 1.343061981201171875e+02
1.353183898925781250e+02 1.349998321533203125e+02 1.341437377929687500e+02
1.351648559570312500e+02 1.349912872314453125e+02 1.339810180664062500e+02
1.350187988281250000e+02 1.349883117675781250e+02 1.338170776367187500e+02
1.348877868652343750e+02 1.349900207519531250e+02 1.336508941650390625e+02
1.347793426513671875e+02 1.349955596923828125e+02 1.334814910888671875e+02
1.347010345458984375e+02 1.350040435791015625e+02 1.333078765869140625e+02
1.346604156494140625e+02 1.350146026611328125e+02 1.331290588378906250e+02
1.346650085449218750e+02 1.350263519287109375e+02 1.329440612792968750e+02
1.347150878906250000e+02 1.350368804931640625e+02 1.327523803710937500e+02
1.347721252441406250e+02 1.350354003906250000e+02 1.325563201904296875e+02
1.347873687744140625e+02 1.350094299316406250e+02 1.323589477539062500e+02
1.347916107177734375e+02 1.349756622314453125e+02 1.321609039306640625e+02
1.348113708496093750e+02 1.349440917968750000e+02 1.319631805419921875e+02
1.348471374511718750e+02 1.349136657714843750e+02 1.317677459716796875e+02
1.348990325927734375e+02 1.348832855224609375e+02 1.315763854980468750e+02
1.349636230468750000e+02 1.348518218994140625e+02 1.313889770507812500e+02
1.350349273681640625e+02 1.348180236816406250e+02 1.312040710449218750e+02
1.351070098876953125e+02 1.347806549072265625e+02 1.310202636718750000e+02
1.351738586425781250e+02 1.347384948730468750e+02 1.308360900878906250e+02
1.352295227050781250e+02 1.346902923583984375e+02 1.306501159667968750e+02
1.352711791992187500e+02 1.346385650634765625e+02 1.304610290527343750e+02
1.353078002929687500e+02 1.345979003906250000e+02 1.302684478759765625e+02
1.353439941406250000e+02 1.345678253173828125e+02 1.300736236572265625e+02
1.353816986083984375e+02 1.345415191650390625e+02 1.298782958984375000e+02
1.354228973388671875e+02 1.345121459960937500e+02 1.296842193603515625e+02
1.354530029296875000e+02 1.344917907714843750e+02 1.294910736083984375e+02
1.354408721923828125e+02 1.345135498046875000e+02 1.292958526611328125e+02
1.353977661132812500e+02 1.345639801025390625e+02 1.291002502441406250e+02
1.353367156982421875e+02 1.346276855468750000e+02 1.289061584472656250e+02
1.352706451416015625e+02 1.346893768310546875e+02 1.287154235839843750e+02
1.352084960937500000e+02 1.347397918701171875e+02 1.285280456542968750e+02
1.351529693603515625e+02 1.347790374755859375e+02 1.283410797119140625e+02
1.351062774658203125e+02 1.348079528808593750e+02 1.281513519287109375e+02
1.350697326660156250e+02 1.348276824951171875e+02 1.279562606811523438e+02
1.350385131835937500e+02 1.348410949707031250e+02 1.277574310302734375e+02
1.350051422119140625e+02 1.348518066406250000e+02 1.275583267211914062e+02
1.349621124267578125e+02 1.348634490966796875e+02 1.273624038696289062e+02
1.349019317626953125e+02 1.348796691894531250e+02 1.271731185913085938e+02
1.348201446533203125e+02 1.349033966064453125e+02 1.269926605224609375e+02
1.347281951904296875e+02 1.349339447021484375e+02 1.268165817260742188e+02
1.346426696777343750e+02 1.349694976806640625e+02 1.266382827758789062e+02
1.345781555175781250e+02 1.350083007812500000e+02 1.264520187377929688e+02
1.345269012451171875e+02 1.350499572753906250e+02 1.262614669799804688e+02
1.344673156738281250e+02 1.350948791503906250e+02 1.260762023925781250e+02
1.343805999755859375e+02 1.351431274414062500e+02 1.259043121337890625e+02
1.342774810791015625e+02 1.351912689208984375e+02 1.257385177612304688e+02
1.341839141845703125e+02 1.352341308593750000e+02 1.255638046264648438e+02
1.341050720214843750e+02 1.352699737548828125e+02 1.253780441284179688e+02
1.340324707031250000e+02 1.352992248535156250e+02 1.251875839233398438e+02
1.339574127197265625e+02 1.353223876953125000e+02 1.249988784790039062e+02
1.338712005615234375e+02 1.353399658203125000e+02 1.248184127807617188e+02
1.337651214599609375e+02 1.353524169921875000e+02 1.246526565551757812e+02
1.336306915283203125e+02 1.353603210449218750e+02 1.245078811645507812e+02
1.334853057861328125e+02 1.353709869384765625e+02 1.243656158447265625e+02
1.333490905761718750e+02 1.353871002197265625e+02 1.242096633911132812e+02
1.332255249023437500e+02 1.354046630859375000e+02 1.240419082641601562e+02
1.331180877685546875e+02 1.354196777343750000e+02 1.238642349243164062e+02
1.330302581787109375e+02 1.354281311035156250e+02 1.236785278320312500e+02
1.329654846191406250e+02 1.354260253906250000e+02 1.234866714477539062e+02
1.329272613525390625e+02 1.354093627929687500e+02 1.232905426025390625e+02
1.329178161621093750e+02 1.353751373291015625e+02 1.230919876098632812e+02
1.329293670654296875e+02 1.353285369873046875e+02 1.228924865722656250e+02
1.329491119384765625e+02 1.352788543701171875e+02 1.226933441162109375e+02
1.329642028808593750e+02 1.352353820800781250e+02 1.224958572387695312e+02
1.329618530273437500e+02 1.352074127197265625e+02 1.223013229370117188e+02
1.329293518066406250e+02 1.352041473388671875e+02 1.221110305786132812e+02
1.328645019531250000e+02 1.352259979248046875e+02 1.219244995117187500e+02
1.327829742431640625e+02 1.352584228515625000e+02 1.217383041381835938e+02
1.326981658935546875e+02 1.352867279052734375e+02 1.215505523681640625e+02
1.326117706298828125e+02 1.352999572753906250e+02 1.213647842407226562e+02
1.325233306884765625e+02 1.352877960205078125e+02 1.211855087280273438e+02
1.324324340820312500e+02 1.352399902343750000e+02 1.210172348022460938e+02
1.323387603759765625e+02 1.351519317626953125e+02 1.208625411987304688e+02
1.322428894042968750e+02 1.350461883544921875e+02 1.207147674560546875e+02
1.321455688476562500e+02 1.349533233642578125e+02 1.205645217895507812e+02
1.320475921630859375e+02 1.349038391113281250e+02 1.204024276733398438e+02
1.319466705322265625e+02 1.349004516601562500e+02 1.202287521362304688e+02
1.318342590332031250e+02 1.348829040527343750e+02 1.200652847290039062e+02
1.317108612060546875e+02 1.348357391357421875e+02 1.199161071777343750e+02
1.315811157226562500e+02 1.347661743164062500e+02 1.197765655517578125e+02
1.314497070312500000e+02 1.346814880371093750e+02 1.196419754028320312e+02
1.313212890625000000e+02 1.345889587402343750e+02 1.195076599121093750e+02
1.312005615234375000e+02 1.344958648681640625e+02 1.193689422607421875e+02
1.310921630859375000e+02 1.344095001220703125e+02 1.192211456298828125e+02
1.310007629394531250e+02 1.343371124267578125e+02 1.190595932006835938e+02
1.309299468994140625e+02 1.342853393554687500e+02 1.188808059692382812e+02
1.309062194824218750e+02 1.343239440917968750e+02 1.186853637695312500e+02
1.308795471191406250e+02 1.343734893798828125e+02 1.184897537231445312e+02
1.308204956054687500e+02 1.343820953369140625e+02 1.183025360107421875e+02
1.307357177734375000e+02 1.343623352050781250e+02 1.181222305297851562e+02
1.306320800781250000e+02 1.343271331787109375e+02 1.179472656250000000e+02
1.305164642333984375e+02 1.342893981933593750e+02 1.177760925292968750e+02
1.303957214355468750e+02 1.342620544433593750e+02 1.176071472167968750e+02
1.302767486572265625e+02 1.342580413818359375e+02 1.174388656616210938e+02
1.301670989990234375e+02 1.342638549804687500e+02 1.172757415771484375e+02
1.300731658935546875e+02 1.341785125732421875e+02 1.171397171020507812e+02
1.299916534423828125e+02 1.340279998779296875e+02 1.170190429687500000e+02
1.299180755615234375e+02 1.338598175048828125e+02 1.168966598510742188e+02
1.298479614257812500e+02 1.337214508056640625e+02 1.167554855346679688e+02
1.297791137695312500e+02 1.336423034667968750e+02 1.165852279663085938e+02
1.297177429199218750e+02 1.335831298828125000e+02 1.164014358520507812e+02
1.296667480468750000e+02 1.335209197998046875e+02 1.162150421142578125e+02
1.296234741210937500e+02 1.334667358398437500e+02 1.160257568359375000e+02
1.295849609375000000e+02 1.334331665039062500e+02 1.158327713012695312e+02
1.295461730957031250e+02 1.334314117431640625e+02 1.156361846923828125e+02
1.294739074707031250e+02 1.334356536865234375e+02 1.154509124755859375e+02
1.294375915527343750e+02 1.334359741210937500e+02 1.152544326782226562e+02
1.294124908447265625e+02 1.334403991699218750e+02 1.150502929687500000e+02
1.293746795654296875e+02 1.334528656005859375e+02 1.148450622558593750e+02
1.293326263427734375e+02 1.334720153808593750e+02 1.146408081054687500e+02
1.292984466552734375e+02 1.334959259033203125e+02 1.144390792846679688e+02
1.292842102050781250e+02 1.335226593017578125e+02 1.142414474487304688e+02
1.293020172119140625e+02 1.335502929687500000e+02 1.140494613647460938e+02
1.293635253906250000e+02 1.335770568847656250e+02 1.138646545410156250e+02
1.294512481689453125e+02 1.336134185791015625e+02 1.136860961914062500e+02
1.295043487548828125e+02 1.336872100830078125e+02 1.135091857910156250e+02
1.295538635253906250e+02 1.337728118896484375e+02 1.133350677490234375e+02
1.296383972167968750e+02 1.338363189697265625e+02 1.131636734008789062e+02
1.297567138671875000e+02 1.338649902343750000e+02 1.129939651489257812e+02
1.298518829345703125e+02 1.338992004394531250e+02 1.128273162841796875e+02
