1.271689758300781250e+02 1.315152740478515625e+02 1.130313644409179688e+02
1.272616882324218750e+02 1.315482025146484375e+02 1.131705780029296875e+02
1.272420272827148438e+02 1.316291198730468750e+02 1.133766098022460938e+02
1.272115936279296875e+02 1.317239227294921875e+02 1.135945129394531250e+02
1.272440872192382812e+02 1.318079833984375000e+02 1.137837448120117188e+02
1.273333892822265625e+02 1.318821868896484375e+02 1.139458312988281250e+02
1.274594192504882812e+02 1.319518127441406250e+02 1.140896682739257812e+02
1.276021041870117188e+02 1.320222167968750000e+02 1.142241439819335938e+02
1.277413558959960938e+02 1.320986938476562500e+02 1.143581542968750000e+02
1.278587341308593750e+02 1.321860504150390625e+02 1.144998626708984375e+02
1.279542617797851562e+02 1.322831726074218750e+02 1.146492385864257812e+02
1.280395355224609375e+02 1.323852691650390625e+02 1.148011322021484375e+02
1.281263275146484375e+02 1.324874877929687500e+02 1.149503021240234375e+02
1.282264099121093750e+02 1.325849456787109375e+02 1.150915298461914062e+02
1.283510742187500000e+02 1.326727447509765625e+02 1.152199020385742188e+02
1.284849243164062500e+02 1.327425994873046875e+02 1.153492431640625000e+02
1.285988616943359375e+02 1.327901458740234375e+02 1.155008773803710938e+02
1.286965026855468750e+02 1.328228302001953125e+02 1.156702728271484375e+02
1.287838745117187500e+02 1.328488922119140625e+02 1.158510513305664062e+02
1.288669738769531250e+02 1.328765563964843750e+02 1.160368270874023438e+02
1.289518127441406250e+02 1.329140777587890625e+02 1.162212066650390625e+02
1.290390319824218750e+02 1.329608612060546875e+02 1.164002532958984375e+02
1.290775299072265625e+02 1.329402160644531250e+02 1.165950851440429688e+02
1.290975952148437500e+02 1.329244689941406250e+02 1.167944869995117188e+02
1.291048889160156250e+02 1.329219665527343750e+02 1.169953613281250000e+02
1.290997161865234375e+02 1.329305572509765625e+02 1.171967163085937500e+02
1.290824584960937500e+02 1.329481048583984375e+02 1.173975296020507812e+02
1.290567321777343750e+02 1.329703216552734375e+02 1.175972824096679688e+02
1.290314178466796875e+02 1.329894561767578125e+02 1.177961807250976562e+02
1.290158996582031250e+02 1.329974212646484375e+02 1.179945144653320312e+02
1.290191650390625000e+02 1.329865570068359375e+02 1.181925811767578125e+02
1.290391387939453125e+02 1.329620056152343750e+02 1.183908309936523438e+02
1.290608978271484375e+02 1.329434814453125000e+02 1.185899200439453125e+02
1.290693664550781250e+02 1.329510192871093750e+02 1.187904357910156250e+02
1.290614624023437500e+02 1.329895172119140625e+02 1.189916839599609375e+02
1.290469512939453125e+02 1.330479125976562500e+02 1.191915664672851562e+02
1.290362243652343750e+02 1.331143493652343750e+02 1.193879165649414062e+02
1.290396728515625000e+02 1.331769561767578125e+02 1.195785827636718750e+02
1.290676879882812500e+02 1.332238769531250000e+02 1.197613983154296875e+02
1.291294860839843750e+02 1.332445068359375000e+02 1.199345016479492188e+02
1.292232971191406250e+02 1.332400665283203125e+02 1.200987701416015625e+02
1.293413543701171875e+02 1.332182006835937500e+02 1.202566146850585938e+02
1.294758300781250000e+02 1.331866455078125000e+02 1.204104614257812500e+02
1.296188659667968750e+02 1.331531219482421875e+02 1.205627059936523438e+02
1.297626342773437500e+02 1.331253662109375000e+02 1.207157821655273438e+02
1.298993225097656250e+02 1.331110839843750000e+02 1.208721008300781250e+02
1.300207519531250000e+02 1.331176147460937500e+02 1.210343399047851562e+02
1.301147613525390625e+02 1.331448211669921875e+02 1.212087554931640625e+02
1.302079315185546875e+02 1.331467742919921875e+02 1.213858795166015625e+02
1.303103027343750000e+02 1.331434936523437500e+02 1.215579147338867188e+02
1.304195251464843750e+02 1.331397399902343750e+02 1.217261428833007812e+02
1.305334320068359375e+02 1.331397247314453125e+02 1.218918228149414062e+02
1.306500854492187500e+02 1.331470184326171875e+02 1.220560073852539062e+02
1.307696228027343750e+02 1.331593017578125000e+02 1.222180709838867188e+02
1.308932495117187500e+02 1.331713409423828125e+02 1.223765335083007812e+02
1.310221862792968750e+02 1.331778564453125000e+02 1.225298995971679688e+02
1.311576232910156250e+02 1.331735687255859375e+02 1.226767044067382812e+02
1.313001708984375000e+02 1.331542358398437500e+02 1.228160781860351562e+02
1.314336090087890625e+02 1.331438598632812500e+02 1.229645156860351562e+02
1.315412445068359375e+02 1.331670074462890625e+02 1.231326675415039062e+02
1.316274871826171875e+02 1.332138366699218750e+02 1.233073425292968750e+02
1.316978302001953125e+02 1.332754364013671875e+02 1.234860000610351562e+02
1.317577362060546875e+02 1.333433227539062500e+02 1.236678085327148438e+02
1.318127136230468750e+02 1.334089508056640625e+02 1.238519515991210938e+02
1.318682098388671875e+02 1.334638519287109375e+02 1.240376052856445312e+02
1.319297180175781250e+02 1.334995117187500000e+02 1.242239532470703125e+02
1.320021667480468750e+02 1.335080108642578125e+02 1.244102325439453125e+02
1.320763397216796875e+02 1.334969177246093750e+02 1.245970230102539062e+02
1.321288757324218750e+02 1.334894104003906250e+02 1.247863006591796875e+02
1.321509246826171875e+02 1.334952545166015625e+02 1.249788055419921875e+02
1.321473999023437500e+02 1.335115203857421875e+02 1.251740493774414062e+02
1.321236724853515625e+02 1.335347747802734375e+02 1.253715438842773438e+02
1.320851135253906250e+02 1.335616149902343750e+02 1.255707702636718750e+02
1.320371398925781250e+02 1.335886230468750000e+02 1.257712402343750000e+02
1.319850921630859375e+02 1.336123962402343750e+02 1.259724273681640625e+02
1.319343719482421875e+02 1.336295318603515625e+02 1.261738433837890625e+02
1.318903503417968750e+02 1.336366119384765625e+02 1.263749694824218750e+02
1.318584136962890625e+02 1.336302185058593750e+02 1.265753097534179688e+02
1.318435516357421875e+02 1.336104431152343750e+02 1.267742080688476562e+02
1.318433990478515625e+02 1.336199340820312500e+02 1.269696044921875000e+02
1.318536682128906250e+02 1.336643981933593750e+02 1.271618652343750000e+02
1.318710784912109375e+02 1.337324523925781250e+02 1.273521804809570312e+02
1.318923797607421875e+02 1.338127441406250000e+02 1.275417633056640625e+02
1.319142761230468750e+02 1.338939056396484375e+02 1.277318115234375000e+02
1.319335327148437500e+02 1.339646148681640625e+02 1.279235305786132812e+02
1.319485168457031250e+02 1.340185852050781250e+02 1.281175384521484375e+02
1.319608459472656250e+02 1.340595397949218750e+02 1.283132934570312500e+02
1.319724884033203125e+02 1.340923767089843750e+02 1.285101776123046875e+02
1.319854583740234375e+02 1.341219940185546875e+02 1.287074890136718750e+02
1.320017547607421875e+02 1.341533355712890625e+02 1.289045715332031250e+02
1.320234985351562500e+02 1.341900787353515625e+02 1.291008300781250000e+02
1.320540771484375000e+02 1.342262573242187500e+02 1.292959442138671875e+02
1.320974426269531250e+02 1.342511291503906250e+02 1.294897308349609375e+02
1.321543273925781250e+02 1.342577209472656250e+02 1.296823577880859375e+02
1.322148742675781250e+02 1.342515563964843750e+02 1.298749542236328125e+02
1.322669525146484375e+02 1.342407226562500000e+02 1.300688476562500000e+02
1.322985229492187500e+02 1.342333374023437500e+02 1.302653808593750000e+02
1.323009033203125000e+02 1.342338409423828125e+02 1.304651031494140625e+02
1.322788238525390625e+02 1.342324066162109375e+02 1.306654663085937500e+02
1.322402954101562500e+02 1.342163085937500000e+02 1.308633117675781250e+02
1.321948852539062500e+02 1.341875762939453125e+02 1.310581512451171875e+02
1.321538543701171875e+02 1.341648559570312500e+02 1.312524566650390625e+02
1.321282653808593750e+02 1.341670379638671875e+02 1.314488525390625000e+02
1.321191406250000000e+02 1.341912231445312500e+02 1.316480560302734375e+02
1.321146850585937500e+02 1.342067871093750000e+02 1.318484039306640625e+02
1.321061706542968750e+02 1.342182159423828125e+02 1.320477142333984375e+02
1.321064453125000000e+02 1.342698822021484375e+02 1.322430114746093750e+02
1.321219177246093750e+02 1.343234558105468750e+02 1.324355468750000000e+02
1.321441955566406250e+02 1.343728942871093750e+02 1.326284942626953125e+02
1.321726379394531250e+02 1.344224090576171875e+02 1.328208007812500000e+02
1.322044677734375000e+02 1.344740905761718750e+02 1.330120544433593750e+02
1.322368774414062500e+02 1.345300140380859375e+02 1.332018585205078125e+02
1.322670898437500000e+02 1.345922546386718750e+02 1.333898010253906250e+02
1.322935180664062500e+02 1.346614379882812500e+02 1.335758361816406250e+02
1.323173980712890625e+02 1.347348937988281250e+02 1.337607421875000000e+02
1.323403320312500000e+02 1.348094635009765625e+02 1.339454345703125000e+02
1.323639373779296875e+02 1.348820037841796875e+02 1.341307983398437500e+02
1.323639678955078125e+02 1.349607086181640625e+02 1.343142089843750000e+02
1.323398895263671875e+02 1.350213928222656250e+02 1.345054626464843750e+02
1.323146057128906250e+02 1.350735778808593750e+02 1.346997985839843750e+02
1.323105010986328125e+02 1.351273345947265625e+02 1.348922882080078125e+02
1.323465576171875000e+02 1.351899108886718750e+02 1.350787506103515625e+02
1.324151916503906250e+02 1.352470703125000000e+02 1.352608184814453125e+02
1.324966125488281250e+02 1.352747192382812500e+02 1.354427947998046875e+02
1.325699462890625000e+02 1.352661132812500000e+02 1.356289672851562500e+02
1.326182861328125000e+02 1.352609252929687500e+02 1.358220062255859375e+02
1.326469421386718750e+02 1.352642517089843750e+02 1.360202178955078125e+02
1.326655273437500000e+02 1.352721405029296875e+02 1.362211303710937500e+02
1.326836090087890625e+02 1.352806701660156250e+02 1.364222106933593750e+02
1.327038269042968750e+02 1.352792205810546875e+02 1.366210479736328125e+02
1.327024536132812500e+02 1.352292175292968750e+02 1.368159637451171875e+02
1.327500762939453125e+02 1.351938629150390625e+02 1.370068359375000000e+02
1.328172302246093750e+02 1.351661376953125000e+02 1.371963348388671875e+02
1.328709411621093750e+02 1.351380767822265625e+02 1.373872375488281250e+02
1.329185943603515625e+02 1.351277923583984375e+02 1.375807800292968750e+02
1.329585876464843750e+02 1.351286315917968750e+02 1.377773132324218750e+02
1.329870605468750000e+02 1.351310272216796875e+02 1.379772033691406250e+02
1.330003204345703125e+02 1.351255035400390625e+02 1.381808013916015625e+02
1.329997406005859375e+02 1.351064758300781250e+02 1.383867187500000000e+02
1.329930725097656250e+02 1.350731201171875000e+02 1.385915374755859375e+02
1.329885101318359375e+02 1.350249481201171875e+02 1.387916870117187500e+02
1.329942016601562500e+02 1.349615020751953125e+02 1.389835968017578125e+02
1.330183410644531250e+02 1.348822784423828125e+02 1.391637115478515625e+02
1.330690460205078125e+02 1.347868041992187500e+02 1.393284606933593750e+02
1.331471710205078125e+02 1.346803588867187500e+02 1.394793853759765625e+02
1.332387237548828125e+02 1.345793914794921875e+02 1.396281127929687500e+02
1.333339843750000000e+02 1.344913482666015625e+02 1.397814788818359375e+02
1.334273986816406250e+02 1.344165802001953125e+02 1.399421234130859375e+02
1.335102996826171875e+02 1.343533935546875000e+02 1.401123352050781250e+02
1.335623474121093750e+02 1.342899932861328125e+02 1.402912750244140625e+02
1.335884399414062500e+02 1.342234191894531250e+02 1.404763488769531250e+02
1.335977478027343750e+02 1.341527862548828125e+02 1.406650085449218750e+02
1.335994720458984375e+02 1.340771789550781250e+02 1.408546905517578125e+02
1.336027984619140625e+02 1.339956970214843750e+02 1.410428466796875000e+02
1.336168823242187500e+02 1.339074249267578125e+02 1.412269287109375000e+02
1.336504211425781250e+02 1.338117065429687500e+02 1.414044342041015625e+02
1.337063293457031250e+02 1.337106323242187500e+02 1.415735168457031250e+02
1.337837982177734375e+02 1.336080780029296875e+02 1.417327270507812500e+02
1.338819274902343750e+02 1.335079498291015625e+02 1.418806457519531250e+02
1.339998474121093750e+02 1.334141387939453125e+02 1.420158386230468750e+02
1.341366577148437500e+02 1.333305206298828125e+02 1.421369171142578125e+02
1.342893524169921875e+02 1.332588653564453125e+02 1.422454376220703125e+02
1.344513092041015625e+02 1.331972961425781250e+02 1.423479919433593750e+02
1.346156311035156250e+02 1.331435852050781250e+02 1.424516448974609375e+02
1.347753448486328125e+02 1.330955505371093750e+02 1.425634918212890625e+02
1.349235382080078125e+02 1.330509796142578125e+02 1.426905822753906250e+02
1.350570068359375000e+02 1.330090789794921875e+02 1.428358917236328125e+02
1.351819915771484375e+02 1.329726867675781250e+02 1.429920349121093750e+02
1.353061676025390625e+02 1.329452362060546875e+02 1.431499786376953125e+02
1.354372863769531250e+02 1.329301300048828125e+02 1.433007202148437500e+02
1.355830383300781250e+02 1.329307708740234375e+02 1.434352569580078125e+02
1.357462005615234375e+02 1.329478454589843750e+02 1.435501403808593750e+02
1.359102783203125000e+02 1.329712982177734375e+02 1.436638488769531250e+02
1.360553283691406250e+02 1.329893188476562500e+02 1.437985534667968750e+02
1.361763610839843750e+02 1.329994964599609375e+02 1.439580230712890625e+02
1.362780456542968750e+02 1.330054931640625000e+02 1.441341247558593750e+02
1.363651733398437500e+02 1.330110626220703125e+02 1.443185424804687500e+02
1.364424285888671875e+02 1.330175476074218750e+02 1.445045776367187500e+02
1.365142211914062500e+02 1.330188293457031250e+02 1.446904602050781250e+02
1.365844268798828125e+02 1.330084686279296875e+02 1.448754425048828125e+02
1.366543121337890625e+02 1.329860687255859375e+02 1.450593872070312500e+02
1.367241973876953125e+02 1.329534606933593750e+02 1.452424011230468750e+02
1.367943878173828125e+02 1.329124603271484375e+02 1.454245758056640625e+02
1.368652038574218750e+02 1.328649139404296875e+02 1.456060180664062500e+02
1.369369354248046875e+02 1.328126831054687500e+02 1.457868041992187500e+02
1.370099182128906250e+02 1.327575683593750000e+02 1.459670410156250000e+02
1.370844421386718750e+02 1.327014160156250000e+02 1.461468353271484375e+02
1.371608428955078125e+02 1.326460876464843750e+02 1.463262786865234375e+02
1.372393951416015625e+02 1.325933837890625000e+02 1.465054626464843750e+02
1.373204345703125000e+02 1.325451507568359375e+02 1.466844940185546875e+02
1.374041442871093750e+02 1.325033569335937500e+02 1.468634796142578125e+02
1.374872741699218750e+02 1.324734344482421875e+02 1.470432891845703125e+02
1.375630645751953125e+02 1.324640197753906250e+02 1.472255096435546875e+02
1.376299896240234375e+02 1.324754333496093750e+02 1.474104461669921875e+02
1.376892242431640625e+02 1.325037536621093750e+02 1.475977935791015625e+02
1.377419891357421875e+02 1.325449981689453125e+02 1.477872161865234375e+02
1.377895050048828125e+02 1.325951843261718750e+02 1.479784088134765625e+02
1.378329620361328125e+02 1.326503448486328125e+02 1.481710205078125000e+02
1.378735809326171875e+02 1.327065124511718750e+02 1.483647460937500000e+02
1.379125671386718750e+02 1.327597045898437500e+02 1.485592498779296875e+02
1.379511413574218750e+02 1.328059387207031250e+02 1.487542114257812500e+02
1.379905090332031250e+02 1.328412475585937500e+02 1.489492950439453125e+02
1.380318908691406250e+02 1.328616638183593750e+02 1.491441802978515625e+02
1.380764770507812500e+02 1.328631896972656250e+02 1.493385620117187500e+02
1.381248931884765625e+02 1.328482818603515625e+02 1.495323181152343750e+02
1.381755828857421875e+02 1.328416595458984375e+02 1.497262420654296875e+02
1.382273864746093750e+02 1.328578338623046875e+02 1.499199371337890625e+02
1.382799530029296875e+02 1.328952941894531250e+02 1.501116180419921875e+02
1.383330078125000000e+02 1.329517974853515625e+02 1.502994537353515625e+02
1.383862457275390625e+02 1.330250854492187500e+02 1.504816284179687500e+02
1.384393920898437500e+02 1.331128997802734375e+02 1.506562957763671875e+02
1.384925994873046875e+02 1.332124633789062500e+02 1.508229827880859375e+02
1.385467681884765625e+02 1.333199615478515625e+02 1.509836273193359375e+02
1.386029052734375000e+02 1.334315185546875000e+02 1.511404266357421875e+02
1.386620178222656250e+02 1.335432586669921875e+02 1.512955627441406250e+02
1.387251129150390625e+02 1.336512451171875000e+02 1.514512329101562500e+02
1.387928466796875000e+02 1.337522735595703125e+02 1.516093139648437500e+02
1.388642425537109375e+02 1.338463287353515625e+02 1.517702636718750000e+02
1.389377593994140625e+02 1.339344940185546875e+02 1.519340209960937500e+02
1.390118560791015625e+02 1.340178680419921875e+02 1.521005249023437500e+02
1.390850067138671875e+02 1.340975036621093750e+02 1.522697448730468750e+02
1.391556701660156250e+02 1.341744995117187500e+02 1.524415893554687500e+02
1.392223052978515625e+02 1.342499237060546875e+02 1.526160583496093750e+02
1.392833862304687500e+02 1.343248748779296875e+02 1.527930603027343750e+02
1.393373565673828125e+02 1.344004058837890625e+02 1.529725494384765625e+02
1.393862457275390625e+02 1.344790344238281250e+02 1.531513671875000000e+02
1.394529724121093750e+02 1.345714874267578125e+02 1.533079833984375000e+02
1.395449218750000000e+02 1.346793670654296875e+02 1.534369812011718750e+02
1.396581573486328125e+02 1.347985229492187500e+02 1.535438079833984375e+02
1.397887268066406250e+02 1.349247894287109375e+02 1.536340026855468750e+02
1.399326934814453125e+02 1.350540161132812500e+02 1.537130584716796875e+02
1.400860748291015625e+02 1.351820373535156250e+02 1.537865142822265625e+02
1.402449340820312500e+02 1.353046875000000000e+02 1.538598785400390625e+02
1.404053039550781250e+02 1.354178009033203125e+02 1.539386596679687500e+02
1.405632324218750000e+02 1.355172119140625000e+02 1.540283966064453125e+02
1.407148284912109375e+02 1.355988159179687500e+02 1.541344909667968750e+02
1.408633880615234375e+02 1.356660614013671875e+02 1.542506866455078125e+02
1.410206604003906250e+02 1.357318878173828125e+02 1.543569335937500000e+02
1.411845550537109375e+02 1.357965545654296875e+02 1.544555511474609375e+02
1.413503417968750000e+02 1.358578796386718750e+02 1.545531463623046875e+02
1.415133209228515625e+02 1.359136657714843750e+02 1.546563568115234375e+02
1.416687622070312500e+02 1.359617462158203125e+02 1.547717590332031250e+02
1.418119506835937500e+02 1.360000915527343750e+02 1.549057617187500000e+02
1.419388580322265625e+02 1.360315551757812500e+02 1.550587768554687500e+02
1.420462036132812500e+02 1.360644073486328125e+02 1.552244873046875000e+02
1.421325073242187500e+02 1.361041259765625000e+02 1.553980102539062500e+02
1.421997528076171875e+02 1.361502838134765625e+02 1.555780029296875000e+02
1.422503051757812500e+02 1.362017211914062500e+02 1.557634582519531250e+02
1.422865447998046875e+02 1.362572937011718750e+02 1.559534301757812500e+02
1.423108215332031250e+02 1.363158721923828125e+02 1.561469268798828125e+02
1.423255310058593750e+02 1.363763122558593750e+02 1.563429870605468750e+02
1.423330230712890625e+02 1.364374542236328125e+02 1.565406494140625000e+02
1.423356933593750000e+02 1.364981689453125000e+02 1.567389221191406250e+02
1.423358917236328125e+02 1.365573120117187500e+02 1.569368438720703125e+02
1.423359985351562500e+02 1.366137237548828125e+02 1.571334381103515625e+02
1.423390808105468750e+02 1.366678161621093750e+02 1.573276519775390625e+02
1.423511047363281250e+02 1.367263031005859375e+02 1.575181579589843750e+02
1.423754577636718750e+02 1.367960815429687500e+02 1.577041168212890625e+02
1.423922882080078125e+02 1.368714447021484375e+02 1.578893432617187500e+02
1.424031677246093750e+02 1.369465179443359375e+02 1.580751342773437500e+02
1.424206695556640625e+02 1.370175628662109375e+02 1.582612609863281250e+02
1.424540710449218750e+02 1.370814514160156250e+02 1.584477386474609375e+02
1.424921875000000000e+02 1.371389007568359375e+02 1.586364135742187500e+02
1.425219268798828125e+02 1.371872406005859375e+02 1.588289489746093750e+02
1.425433502197265625e+02 1.372137603759765625e+02 1.590252227783203125e+02
1.425570831298828125e+02 1.372175292968750000e+02 1.592244415283203125e+02
1.425627746582031250e+02 1.372079925537109375e+02 1.594254760742187500e+02
1.425600738525390625e+02 1.371948852539062500e+02 1.596272430419921875e+02
1.425486145019531250e+02 1.371878967285156250e+02 1.598286285400390625e+02
1.425275726318359375e+02 1.371958770751953125e+02 1.600284271240234375e+02
1.424808044433593750e+02 1.371986236572265625e+02 1.602223663330078125e+02
1.424051818847656250e+02 1.371870727539062500e+02 1.604084167480468750e+02
1.423204803466796875e+02 1.371822662353515625e+02 1.605899810791015625e+02
1.422328338623046875e+02 1.371796112060546875e+02 1.607697906494140625e+02
1.421118011474609375e+02 1.371841735839843750e+02 1.609289855957031250e+02
1.419659271240234375e+02 1.371950225830078125e+02 1.610702514648437500e+02
1.418186645507812500e+02 1.372067413330078125e+02 1.612062225341796875e+02
1.416722259521484375e+02 1.372208709716796875e+02 1.613422393798828125e+02
1.415300140380859375e+02 1.372667694091796875e+02 1.614853057861328125e+02
1.413966674804687500e+02 1.373311614990234375e+02 1.616297912597656250e+02
1.412756195068359375e+02 1.373856353759765625e+02 1.617664337158203125e+02
1.411657714843750000e+02 1.374067535400390625e+02 1.618923187255859375e+02
1.410427856445312500e+02 1.373966674804687500e+02 1.620369720458984375e+02
1.408890380859375000e+02 1.373683776855468750e+02 1.622229309082031250e+02
