1.258492279052734375e+02 1.313082122802734375e+02 1.085653762817382812e+02
1.260263214111328125e+02 1.313365936279296875e+02 1.086528167724609375e+02
1.262141418457031250e+02 1.313457794189453125e+02 1.087302780151367188e+02
1.263885192871093750e+02 1.313270721435546875e+02 1.088324279785156250e+02
1.265560302734375000e+02 1.312944488525390625e+02 1.089455795288085938e+02
1.267232666015625000e+02 1.312618560791015625e+02 1.090560379028320312e+02
1.268968200683593750e+02 1.312432556152343750e+02 1.091501159667968750e+02
1.270829467773437500e+02 1.312519836425781250e+02 1.092149124145507812e+02
1.272760696411132812e+02 1.312774658203125000e+02 1.092661361694335938e+02
1.274587936401367188e+02 1.312860260009765625e+02 1.093471832275390625e+02
1.276338729858398438e+02 1.312884674072265625e+02 1.094471206665039062e+02
1.278067703247070312e+02 1.312984924316406250e+02 1.095496826171875000e+02
1.279777755737304688e+02 1.313159179687500000e+02 1.096540908813476562e+02
1.281470336914062500e+02 1.313401336669921875e+02 1.097599792480468750e+02
1.283146667480468750e+02 1.313705902099609375e+02 1.098669891357421875e+02
1.284808349609375000e+02 1.314066619873046875e+02 1.099747543334960938e+02
1.286456604003906250e+02 1.314477996826171875e+02 1.100829315185546875e+02
1.288093109130859375e+02 1.314934082031250000e+02 1.101911544799804688e+02
1.289719085693359375e+02 1.315429077148437500e+02 1.102990570068359375e+02
1.291335906982421875e+02 1.315957183837890625e+02 1.104062881469726562e+02
1.292932434082031250e+02 1.316285095214843750e+02 1.105207366943359375e+02
1.294342193603515625e+02 1.316426544189453125e+02 1.106603851318359375e+02
1.295506286621093750e+02 1.317167053222656250e+02 1.108004226684570312e+02
1.296461181640625000e+02 1.318317718505859375e+02 1.109421997070312500e+02
1.297244720458984375e+02 1.319667358398437500e+02 1.110877532958984375e+02
1.297895202636718750e+02 1.321005096435546875e+02 1.112390899658203125e+02
1.298466186523437500e+02 1.322138366699218750e+02 1.113975982666015625e+02
1.299149627685546875e+02 1.323135375976562500e+02 1.115573425292968750e+02
1.299962310791015625e+02 1.324063568115234375e+02 1.117162551879882812e+02
1.300866546630859375e+02 1.324948730468750000e+02 1.118741378784179688e+02
1.301824493408203125e+02 1.325816955566406250e+02 1.120307769775390625e+02
1.302798004150390625e+02 1.326694030761718750e+02 1.121859970092773438e+02
1.303749542236328125e+02 1.327605895996093750e+02 1.123395843505859375e+02
1.304641113281250000e+02 1.328578338623046875e+02 1.124913482666015625e+02
1.305434875488281250e+02 1.329637451171875000e+02 1.126410903930664062e+02
1.306092987060546875e+02 1.330809020996093750e+02 1.127886199951171875e+02
1.306609344482421875e+02 1.332092742919921875e+02 1.129340591430664062e+02
1.307306976318359375e+02 1.333222961425781250e+02 1.130808944702148438e+02
1.308200836181640625e+02 1.334221954345703125e+02 1.132295761108398438e+02
1.309070739746093750e+02 1.335319519042968750e+02 1.133781967163085938e+02
1.309747772216796875e+02 1.336678771972656250e+02 1.135254974365234375e+02
1.310234069824218750e+02 1.338243255615234375e+02 1.136724166870117188e+02
1.310566406250000000e+02 1.339911651611328125e+02 1.138203353881835938e+02
1.310781860351562500e+02 1.341582641601562500e+02 1.139706344604492188e+02
1.310916900634765625e+02 1.343154907226562500e+02 1.141246948242187500e+02
1.311008758544921875e+02 1.344527130126953125e+02 1.142839050292968750e+02
1.311094055175781250e+02 1.345598144531250000e+02 1.144496383666992188e+02
1.311209716796875000e+02 1.346266632080078125e+02 1.146232833862304688e+02
1.311392669677734375e+02 1.346431121826171875e+02 1.148062133789062500e+02
1.311649932861328125e+02 1.346056213378906250e+02 1.149988098144531250e+02
1.311773376464843750e+02 1.345605621337890625e+02 1.151939010620117188e+02
1.311739349365234375e+02 1.345225524902343750e+02 1.153897857666015625e+02
1.311608428955078125e+02 1.344896087646484375e+02 1.155874404907226562e+02
1.311441345214843750e+02 1.344597778320312500e+02 1.157878265380859375e+02
1.311289367675781250e+02 1.344309997558593750e+02 1.159913330078125000e+02
1.311173553466796875e+02 1.344008331298828125e+02 1.161963348388671875e+02
1.311108398437500000e+02 1.343667602539062500e+02 1.164008178710937500e+02
1.311108551025390625e+02 1.343262634277343750e+02 1.166027526855468750e+02
1.311188659667968750e+02 1.342768249511718750e+02 1.168001174926757812e+02
1.311363372802734375e+02 1.342159423828125000e+02 1.169908905029296875e+02
1.311647186279296875e+02 1.341410827636718750e+02 1.171730422973632812e+02
1.312054901123046875e+02 1.340497589111328125e+02 1.173445587158203125e+02
1.312602844238281250e+02 1.339438323974609375e+02 1.175052490234375000e+02
1.313309783935546875e+02 1.338667144775390625e+02 1.176728210449218750e+02
1.314136657714843750e+02 1.338202667236328125e+02 1.178495635986328125e+02
1.315028686523437500e+02 1.337884979248046875e+02 1.180306854248046875e+02
1.315931549072265625e+02 1.337554473876953125e+02 1.182113876342773438e+02
1.316790924072265625e+02 1.337051391601562500e+02 1.183868713378906250e+02
1.317569427490234375e+02 1.336249694824218750e+02 1.185530624389648438e+02
1.318050842285156250e+02 1.335494689941406250e+02 1.187233657836914062e+02
1.317933349609375000e+02 1.334939575195312500e+02 1.189082031250000000e+02
1.317410430908203125e+02 1.334521026611328125e+02 1.191032409667968750e+02
1.316677551269531250e+02 1.334175262451171875e+02 1.193041076660156250e+02
1.315930175781250000e+02 1.333838806152343750e+02 1.195064239501953125e+02
1.315363922119140625e+02 1.333448028564453125e+02 1.197058029174804688e+02
1.315174407958984375e+02 1.332939453125000000e+02 1.198978881835937500e+02
1.315531311035156250e+02 1.332265777587890625e+02 1.200789413452148438e+02
1.316315460205078125e+02 1.331562805175781250e+02 1.202525100708007812e+02
1.317236328125000000e+02 1.331070709228515625e+02 1.204263763427734375e+02
1.318174285888671875e+02 1.330847473144531250e+02 1.206025238037109375e+02
1.319153289794921875e+02 1.330798187255859375e+02 1.207780685424804688e+02
1.320202026367187500e+02 1.330830230712890625e+02 1.209498672485351562e+02
1.321363372802734375e+02 1.330999145507812500e+02 1.211115417480468750e+02
1.322650604248046875e+02 1.331365356445312500e+02 1.212601165771484375e+02
1.324019622802734375e+02 1.331799011230468750e+02 1.214014205932617188e+02
1.325421905517578125e+02 1.332156982421875000e+02 1.215419082641601562e+02
1.326811218261718750e+02 1.332324371337890625e+02 1.216871719360351562e+02
1.328149871826171875e+02 1.332314147949218750e+02 1.218388671875000000e+02
1.329402313232421875e+02 1.332175598144531250e+02 1.219975585937500000e+02
1.330533599853515625e+02 1.331957855224609375e+02 1.221638031005859375e+02
1.331508178710937500e+02 1.331710205078125000e+02 1.223381500244140625e+02
1.332388153076171875e+02 1.331498107910156250e+02 1.225170898437500000e+02
1.333449554443359375e+02 1.331407318115234375e+02 1.226872787475585938e+02
1.334674377441406250e+02 1.331446380615234375e+02 1.228487548828125000e+02
1.336007080078125000e+02 1.331614837646484375e+02 1.230034561157226562e+02
1.337392272949218750e+02 1.331912078857421875e+02 1.231533432006835938e+02
1.338774261474609375e+02 1.332337493896484375e+02 1.233003845214843750e+02
1.340097961425781250e+02 1.332890319824218750e+02 1.234465255737304688e+02
1.341307678222656250e+02 1.333570404052734375e+02 1.235937271118164062e+02
1.342348327636718750e+02 1.334376678466796875e+02 1.237439422607421875e+02
1.343190460205078125e+02 1.335299530029296875e+02 1.238984680175781250e+02
1.343856964111328125e+02 1.336310882568359375e+02 1.240573272705078125e+02
1.344376373291015625e+02 1.337380523681640625e+02 1.242203674316406250e+02
1.344777526855468750e+02 1.338478088378906250e+02 1.243874588012695312e+02
1.345088806152343750e+02 1.339573669433593750e+02 1.245584564208984375e+02
1.345339050292968750e+02 1.340636749267578125e+02 1.247332229614257812e+02
1.345556793212890625e+02 1.341637268066406250e+02 1.249116134643554688e+02
1.345770874023437500e+02 1.342545013427734375e+02 1.250934906005859375e+02
1.346009979248046875e+02 1.343329772949218750e+02 1.252787246704101562e+02
1.346302642822265625e+02 1.343961334228515625e+02 1.254671630859375000e+02
1.346689147949218750e+02 1.344449615478515625e+02 1.256583251953125000e+02
1.347252349853515625e+02 1.345044555664062500e+02 1.258495712280273438e+02
1.347958374023437500e+02 1.345773162841796875e+02 1.260400695800781250e+02
1.348751678466796875e+02 1.346604766845703125e+02 1.262294921875000000e+02
1.349576721191406250e+02 1.347508392333984375e+02 1.264174957275390625e+02
1.350377655029296875e+02 1.348453521728515625e+02 1.266037368774414062e+02
1.351099090576171875e+02 1.349409332275390625e+02 1.267878799438476562e+02
1.351685333251953125e+02 1.350345001220703125e+02 1.269695892333984375e+02
1.352080688476562500e+02 1.351229858398437500e+02 1.271485137939453125e+02
1.352229614257812500e+02 1.352033233642578125e+02 1.273243255615234375e+02
1.352076568603515625e+02 1.352724304199218750e+02 1.274966812133789062e+02
1.351565704345703125e+02 1.353272094726562500e+02 1.276652374267578125e+02
1.350644226074218750e+02 1.353646087646484375e+02 1.278297195434570312e+02
1.349507141113281250e+02 1.353795013427734375e+02 1.279955825805664062e+02
1.348553771972656250e+02 1.353707885742187500e+02 1.281720123291015625e+02
1.347783508300781250e+02 1.353506469726562500e+02 1.283572845458984375e+02
1.347149963378906250e+02 1.353326110839843750e+02 1.285483856201171875e+02
1.346605072021484375e+02 1.353295440673828125e+02 1.287423248291015625e+02
1.346067199707031250e+02 1.353426055908203125e+02 1.289355621337890625e+02
1.345428314208984375e+02 1.353633728027343750e+02 1.291241302490234375e+02
1.344610137939453125e+02 1.353818511962890625e+02 1.293056488037109375e+02
1.343633270263671875e+02 1.353840179443359375e+02 1.294827575683593750e+02
1.342615509033203125e+02 1.353690490722656250e+02 1.296586761474609375e+02
1.341910705566406250e+02 1.353783416748046875e+02 1.298353424072265625e+02
1.341671295166015625e+02 1.354312133789062500e+02 1.300137786865234375e+02
1.341790924072265625e+02 1.355151672363281250e+02 1.301943054199218750e+02
1.342150573730468750e+02 1.356161499023437500e+02 1.303771972656250000e+02
1.342631530761718750e+02 1.357201538085937500e+02 1.305627441406250000e+02
1.343114776611328125e+02 1.358131713867187500e+02 1.307512054443359375e+02
1.343506622314453125e+02 1.358844909667968750e+02 1.309426422119140625e+02
1.343819122314453125e+02 1.359375610351562500e+02 1.311359710693359375e+02
1.344091796875000000e+02 1.359794616699218750e+02 1.313298950195312500e+02
1.344364776611328125e+02 1.360173339843750000e+02 1.315230407714843750e+02
1.344677581787109375e+02 1.360582733154296875e+02 1.317140960693359375e+02
1.345070190429687500e+02 1.361094207763671875e+02 1.319017333984375000e+02
1.345511169433593750e+02 1.361767120361328125e+02 1.320850524902343750e+02
1.345901947021484375e+02 1.362685241699218750e+02 1.322584838867187500e+02
1.346274108886718750e+02 1.363751678466796875e+02 1.324254150390625000e+02
1.346642761230468750e+02 1.364817657470703125e+02 1.325924835205078125e+02
1.347342224121093750e+02 1.365595550537109375e+02 1.327623748779296875e+02
1.348124542236328125e+02 1.366282653808593750e+02 1.329347991943359375e+02
1.348771820068359375e+02 1.366915435791015625e+02 1.331159057617187500e+02
1.349291687011718750e+02 1.367443542480468750e+02 1.333044128417968750e+02
1.349673767089843750e+02 1.367832183837890625e+02 1.334986572265625000e+02
1.349907989501953125e+02 1.368048858642578125e+02 1.336969299316406250e+02
1.349980316162109375e+02 1.368139801025390625e+02 1.338973999023437500e+02
1.349872131347656250e+02 1.368249206542968750e+02 1.340979919433593750e+02
1.349591217041015625e+02 1.368506317138671875e+02 1.342968139648437500e+02
1.349315338134765625e+02 1.368904724121093750e+02 1.344932403564453125e+02
1.349288482666015625e+02 1.369385986328125000e+02 1.346871032714843750e+02
1.349587249755859375e+02 1.369768371582031250e+02 1.348805389404296875e+02
1.349837646484375000e+02 1.369738616943359375e+02 1.350798645019531250e+02
1.350177307128906250e+02 1.369603118896484375e+02 1.352801818847656250e+02
1.350554504394531250e+02 1.369031982421875000e+02 1.354622192382812500e+02
1.350820770263671875e+02 1.367818145751953125e+02 1.356200103759765625e+02
1.350912780761718750e+02 1.366350708007812500e+02 1.357688446044921875e+02
1.350770111083984375e+02 1.365039978027343750e+02 1.359248504638671875e+02
1.350367279052734375e+02 1.364209899902343750e+02 1.361008300781250000e+02
1.349883575439453125e+02 1.363679656982421875e+02 1.362904357910156250e+02
1.349571533203125000e+02 1.363086090087890625e+02 1.364804687500000000e+02
1.349607849121093750e+02 1.362301940917968750e+02 1.366650848388671875e+02
1.349744262695312500e+02 1.361826477050781250e+02 1.368593139648437500e+02
1.349218902587890625e+02 1.361381835937500000e+02 1.370487976074218750e+02
1.348747253417968750e+02 1.360194244384765625e+02 1.371975097656250000e+02
1.348563995361328125e+02 1.358647766113281250e+02 1.373319702148437500e+02
1.348488159179687500e+02 1.357486724853515625e+02 1.374953765869140625e+02
1.348296203613281250e+02 1.356716766357421875e+02 1.376858520507812500e+02
1.348058013916015625e+02 1.355942840576171875e+02 1.378746032714843750e+02
1.347907409667968750e+02 1.354726562500000000e+02 1.380297088623046875e+02
1.348146820068359375e+02 1.353493499755859375e+02 1.381792907714843750e+02
1.348943939208984375e+02 1.352472686767578125e+02 1.383312072753906250e+02
1.349973144531250000e+02 1.351410217285156250e+02 1.384724731445312500e+02
1.350945892333984375e+02 1.350530090332031250e+02 1.386267547607421875e+02
1.351639556884765625e+02 1.349951019287109375e+02 1.388089904785156250e+02
1.352123107910156250e+02 1.349330444335937500e+02 1.389958190917968750e+02
1.352538452148437500e+02 1.348234252929687500e+02 1.391558685302734375e+02
1.352897338867187500e+02 1.347009582519531250e+02 1.393197784423828125e+02
1.353264160156250000e+02 1.345876922607421875e+02 1.394983978271484375e+02
1.353750305175781250e+02 1.344842224121093750e+02 1.396781005859375000e+02
1.354466094970703125e+02 1.343911743164062500e+02 1.398452911376953125e+02
1.355522766113281250e+02 1.343091735839843750e+02 1.399863891601562500e+02
1.357022857666015625e+02 1.342389068603515625e+02 1.400887298583984375e+02
1.358757171630859375e+02 1.341836700439453125e+02 1.401758422851562500e+02
1.360217590332031250e+02 1.341473846435546875e+02 1.403049621582031250e+02
1.361372375488281250e+02 1.341207427978515625e+02 1.404733734130859375e+02
1.362343597412109375e+02 1.340903320312500000e+02 1.406590881347656250e+02
1.363252716064453125e+02 1.340427703857421875e+02 1.408401489257812500e+02
1.364221649169921875e+02 1.339646606445312500e+02 1.409946136474609375e+02
1.365364837646484375e+02 1.338461151123046875e+02 1.411037750244140625e+02
1.366699523925781250e+02 1.337218780517578125e+02 1.411908874511718750e+02
1.368187866210937500e+02 1.336188049316406250e+02 1.412782287597656250e+02
1.369801025390625000e+02 1.335365600585937500e+02 1.413670806884765625e+02
1.371510620117187500e+02 1.334743041992187500e+02 1.414582977294921875e+02
1.373288421630859375e+02 1.334311828613281250e+02 1.415527496337890625e+02
1.375105590820312500e+02 1.334064025878906250e+02 1.416513061523437500e+02
1.376934051513671875e+02 1.333990936279296875e+02 1.417548522949218750e+02
1.378745117187500000e+02 1.334084472656250000e+02 1.418642578125000000e+02
1.380510406494140625e+02 1.334336090087890625e+02 1.419803771972656250e+02
1.382199859619140625e+02 1.334721679687500000e+02 1.421040496826171875e+02
1.383779754638671875e+02 1.335180816650390625e+02 1.422360229492187500e+02
1.385215606689453125e+02 1.335648345947265625e+02 1.423770141601562500e+02
1.386473541259765625e+02 1.336059112548828125e+02 1.425277862548828125e+02
1.387518768310546875e+02 1.336347808837890625e+02 1.426890563964843750e+02
1.388317718505859375e+02 1.336449737548828125e+02 1.428615417480468750e+02
1.388867950439453125e+02 1.336332397460937500e+02 1.430448455810546875e+02
1.389229431152343750e+02 1.336027984619140625e+02 1.432362823486328125e+02
1.389469757080078125e+02 1.335575866699218750e+02 1.434329376220703125e+02
1.389655761718750000e+02 1.335015716552734375e+02 1.436318817138671875e+02
1.389855194091796875e+02 1.334386901855468750e+02 1.438302154541015625e+02
1.390135192871093750e+02 1.333728942871093750e+02 1.440249938964843750e+02
1.390540618896484375e+02 1.333077545166015625e+02 1.442142486572265625e+02
1.391031188964843750e+02 1.332455444335937500e+02 1.443995513916015625e+02
1.391546020507812500e+02 1.331881408691406250e+02 1.445833587646484375e+02
1.392024230957031250e+02 1.331374511718750000e+02 1.447680816650390625e+02
1.392420349121093750e+02 1.330945434570312500e+02 1.449556121826171875e+02
1.392737731933593750e+02 1.330576629638671875e+02 1.451459655761718750e+02
1.392989349365234375e+02 1.330244750976562500e+02 1.453388061523437500e+02
1.393188629150390625e+02 1.329926910400390625e+02 1.455337829589843750e+02
1.393348693847656250e+02 1.329599609375000000e+02 1.457305603027343750e+02
1.393482971191406250e+02 1.329240112304687500e+02 1.459287719726562500e+02
1.393604431152343750e+02 1.328824920654296875e+02 1.461280822753906250e+02
1.393726348876953125e+02 1.328330993652343750e+02 1.463281555175781250e+02
1.393861999511718750e+02 1.327735443115234375e+02 1.465286407470703125e+02
1.394032897949218750e+02 1.327041168212890625e+02 1.467287292480468750e+02
1.394282531738281250e+02 1.326320953369140625e+02 1.469264373779296875e+02
1.394657897949218750e+02 1.325658416748046875e+02 1.471196289062500000e+02
1.395205841064453125e+02 1.325137176513671875e+02 1.473060913085937500e+02
1.395973358154296875e+02 1.324841003417968750e+02 1.474836883544921875e+02
1.397007141113281250e+02 1.324853668212890625e+02 1.476502227783203125e+02
1.398190765380859375e+02 1.325205230712890625e+02 1.478076171875000000e+02
1.399225921630859375e+02 1.325817413330078125e+02 1.479631805419921875e+02
1.400113677978515625e+02 1.326645050048828125e+02 1.481178131103515625e+02
1.400879364013671875e+02 1.327647094726562500e+02 1.482718811035156250e+02
1.401548614501953125e+02 1.328782196044921875e+02 1.484257965087890625e+02
1.402146759033203125e+02 1.330009002685546875e+02 1.485799255371093750e+02
1.402699127197265625e+02 1.331286621093750000e+02 1.487346343994140625e+02
1.403231201171875000e+02 1.332573394775390625e+02 1.488903045654296875e+02
1.403768463134765625e+02 1.333828430175781250e+02 1.490473327636718750e+02
1.404336242675781250e+02 1.335010223388671875e+02 1.492060852050781250e+02
1.404960021972656250e+02 1.336077728271484375e+02 1.493669586181640625e+02
1.405665283203125000e+02 1.336989593505859375e+02 1.495303039550781250e+02
1.406477203369140625e+02 1.337705078125000000e+02 1.496965026855468750e+02
1.407407531738281250e+02 1.338223114013671875e+02 1.498649749755859375e+02
1.408443298339843750e+02 1.338617553710937500e+02 1.500332946777343750e+02
1.409568023681640625e+02 1.338970336914062500e+02 1.501988525390625000e+02
1.410766754150390625e+02 1.339352416992187500e+02 1.503587341308593750e+02
1.412026824951171875e+02 1.339808044433593750e+02 1.505091552734375000e+02
1.413336486816406250e+02 1.340377197265625000e+02 1.506462554931640625e+02
1.414684600830078125e+02 1.341090698242187500e+02 1.507670898437500000e+02
1.416066894531250000e+02 1.341937866210937500e+02 1.508730010986328125e+02
1.417480621337890625e+02 1.342897338867187500e+02 1.509664459228515625e+02
1.418922882080078125e+02 1.343947448730468750e+02 1.510498504638671875e+02
1.420390930175781250e+02 1.345066528320312500e+02 1.511256866455078125e+02
1.421882019042968750e+02 1.346233062744140625e+02 1.511963958740234375e+02
1.423393402099609375e+02 1.347425537109375000e+02 1.512644500732421875e+02
1.424922332763671875e+02 1.348622283935546875e+02 1.513322906494140625e+02
1.426465911865234375e+02 1.349801940917968750e+02 1.514023742675781250e+02
1.428021240234375000e+02 1.350942535400390625e+02 1.514771575927734375e+02
1.429585876464843750e+02 1.352022857666015625e+02 1.515590972900390625e+02
1.431156921386718750e+02 1.353021240234375000e+02 1.516506347656250000e+02
1.432731018066406250e+02 1.353918609619140625e+02 1.517539672851562500e+02
1.434302368164062500e+02 1.354724426269531250e+02 1.518682708740234375e+02
1.435862274169921875e+02 1.355465545654296875e+02 1.519909057617187500e+02
1.437402801513671875e+02 1.356168975830078125e+02 1.521192016601562500e+02
1.438915557861328125e+02 1.356861877441406250e+02 1.522505187988281250e+02
1.440392303466796875e+02 1.357571258544921875e+02 1.523821563720703125e+02
1.441824645996093750e+02 1.358324127197265625e+02 1.525114746093750000e+02
1.443204498291015625e+02 1.359147644042968750e+02 1.526358184814453125e+02
1.444523620605468750e+02 1.360068664550781250e+02 1.527524871826171875e+02
1.445773620605468750e+02 1.361114501953125000e+02 1.528588409423828125e+02
1.446946105957031250e+02 1.362312011718750000e+02 1.529522094726562500e+02
1.448033142089843750e+02 1.363688354492187500e+02 1.530299224853515625e+02
1.449026947021484375e+02 1.365269470214843750e+02 1.530893859863281250e+02
1.449958648681640625e+02 1.367013702392578125e+02 1.531331024169921875e+02
1.450920562744140625e+02 1.368772583007812500e+02 1.531715087890625000e+02
1.452010650634765625e+02 1.370388488769531250e+02 1.532157592773437500e+02
1.453320159912109375e+02 1.371713104248046875e+02 1.532763977050781250e+02
1.454832611083984375e+02 1.372762756347656250e+02 1.533531951904296875e+02
1.456440734863281250e+02 1.373690490722656250e+02 1.534369506835937500e+02
1.458035430908203125e+02 1.374653778076171875e+02 1.535182189941406250e+02
1.459511566162109375e+02 1.375802764892578125e+02 1.535880737304687500e+02
1.460847320556640625e+02 1.377158203125000000e+02 1.536474304199218750e+02
1.462093811035156250e+02 1.378627929687500000e+02 1.537057647705078125e+02
1.463304290771484375e+02 1.380116119384765625e+02 1.537728118896484375e+02
1.464521789550781250e+02 1.381538696289062500e+02 1.538569183349609375e+02
1.465735321044921875e+02 1.382871246337890625e+02 1.539590911865234375e+02
1.466916046142578125e+02 1.384109954833984375e+02 1.540778503417968750e+02
1.468035125732421875e+02 1.385250244140625000e+02 1.542117767333984375e+02
1.469063568115234375e+02 1.386287994384765625e+02 1.543594207763671875e+02
1.469972686767578125e+02 1.387219238281250000e+02 1.545193176269531250e+02
1.470733489990234375e+02 1.388039703369140625e+02 1.546900177001953125e+02
1.471317443847656250e+02 1.388744964599609375e+02 1.548701019287109375e+02
1.471709747314453125e+02 1.389337158203125000e+02 1.550577545166015625e+02
1.471992340087890625e+02 1.389953613281250000e+02 1.552461242675781250e+02
1.472305297851562500e+02 1.390805816650390625e+02 1.554231414794921875e+02
1.472866210937500000e+02 1.391720886230468750e+02 1.555908355712890625e+02
1.473628082275390625e+02 1.392666931152343750e+02 1.557516174316406250e+02
1.474544067382812500e+02 1.393612670898437500e+02 1.559078369140625000e+02
1.475567626953125000e+02 1.394526062011718750e+02 1.560618743896484375e+02
1.476651763916015625e+02 1.395375671386718750e+02 1.562161254882812500e+02
1.477749633789062500e+02 1.396129913330078125e+02 1.563729400634765625e+02
1.478814697265625000e+02 1.396756744384765625e+02 1.565346984863281250e+02
1.479800567626953125e+02 1.397225646972656250e+02 1.567037506103515625e+02
1.480707702636718750e+02 1.397552642822265625e+02 1.568795776367187500e+02
1.481605224609375000e+02 1.397823638916015625e+02 1.570575408935546875e+02
1.482525634765625000e+02 1.398076477050781250e+02 1.572352752685546875e+02
1.483465728759765625e+02 1.398302917480468750e+02 1.574126892089843750e+02
1.484420623779296875e+02 1.398493499755859375e+02 1.575897674560546875e+02
1.485386047363281250e+02 1.398638916015625000e+02 1.577665100097656250e+02
1.486357116699218750e+02 1.398729553222656250e+02 1.579429016113281250e+02
1.487329559326171875e+02 1.398756103515625000e+02 1.581189270019531250e+02
1.488298645019531250e+02 1.398708801269531250e+02 1.582945709228515625e+02
1.489259948730468750e+02 1.398578338623046875e+02 1.584698181152343750e+02
1.490208587646484375e+02 1.398355255126953125e+02 1.586446838378906250e+02
1.491107025146484375e+02 1.397756652832031250e+02 1.588163299560546875e+02
1.491795959472656250e+02 1.396832427978515625e+02 1.589701232910156250e+02
1.492386932373046875e+02 1.396202087402343750e+02 1.591578216552734375e+02
