2.183506469726562500e+02 2.187719116210937500e+02 2.421745605468750000e+02
2.184679107666015625e+02 2.187512207031250000e+02 2.421293029785156250e+02
2.187117462158203125e+02 2.187049102783203125e+02 2.420248107910156250e+02
2.189439849853515625e+02 2.186533966064453125e+02 2.419014434814453125e+02
2.191371612548828125e+02 2.186017303466796875e+02 2.417687988281250000e+02
2.192960052490234375e+02 2.185505371093750000e+02 2.416275329589843750e+02
2.194252929687500000e+02 2.185004119873046875e+02 2.414782867431640625e+02
2.195297851562500000e+02 2.184519805908203125e+02 2.413217010498046875e+02
2.196142425537109375e+02 2.184058380126953125e+02 2.411584167480468750e+02
2.196834259033203125e+02 2.183626251220703125e+02 2.409890899658203125e+02
2.197420959472656250e+02 2.183229217529296875e+02 2.408143615722656250e+02
2.197950286865234375e+02 2.182873687744140625e+02 2.406348876953125000e+02
2.198465423583984375e+02 2.182565002441406250e+02 2.404512786865234375e+02
2.198979034423828125e+02 2.182304534912109375e+02 2.402640380859375000e+02
2.199488677978515625e+02 2.182091522216796875e+02 2.400735931396484375e+02
2.199992370605468750e+02 2.181925506591796875e+02 2.398803710937500000e+02
2.200487823486328125e+02 2.181805725097656250e+02 2.396848144531250000e+02
2.200973052978515625e+02 2.181731567382812500e+02 2.394873352050781250e+02
2.201445770263671875e+02 2.181702423095703125e+02 2.392883758544921875e+02
2.201903991699218750e+02 2.181717529296875000e+02 2.390883789062500000e+02
2.202345886230468750e+02 2.181775512695312500e+02 2.388877410888671875e+02
2.202772369384765625e+02 2.181867980957031250e+02 2.386867675781250000e+02
2.203186035156250000e+02 2.181983184814453125e+02 2.384856872558593750e+02
2.203589324951171875e+02 2.182109527587890625e+02 2.382847442626953125e+02
2.203984832763671875e+02 2.182235107421875000e+02 2.380841827392578125e+02
2.204374847412109375e+02 2.182348327636718750e+02 2.378842163085937500e+02
2.204761962890625000e+02 2.182437438964843750e+02 2.376851043701171875e+02
2.205148773193359375e+02 2.182490692138671875e+02 2.374870605468750000e+02
2.205537567138671875e+02 2.182496337890625000e+02 2.372903442382812500e+02
2.205930938720703125e+02 2.182442626953125000e+02 2.370951690673828125e+02
2.206331329345703125e+02 2.182317962646484375e+02 2.369017944335937500e+02
2.206741333007812500e+02 2.182110443115234375e+02 2.367104339599609375e+02
2.207163391113281250e+02 2.181808319091796875e+02 2.365213470458984375e+02
2.207599945068359375e+02 2.181399993896484375e+02 2.363347473144531250e+02
2.208053131103515625e+02 2.180874633789062500e+02 2.361508483886718750e+02
2.208517608642578125e+02 2.180242614746093750e+02 2.359691619873046875e+02
2.208979797363281250e+02 2.179537200927734375e+02 2.357884216308593750e+02
2.209425811767578125e+02 2.178792419433593750e+02 2.356073608398437500e+02
2.209841918945312500e+02 2.178042449951171875e+02 2.354246673583984375e+02
2.210213928222656250e+02 2.177321472167968750e+02 2.352390899658203125e+02
2.210528106689453125e+02 2.176663513183593750e+02 2.350493316650390625e+02
2.210772552490234375e+02 2.176089172363281250e+02 2.348548431396484375e+02
2.210939483642578125e+02 2.175587615966796875e+02 2.346567382812500000e+02
2.211021728515625000e+02 2.175143585205078125e+02 2.344564056396484375e+02
2.211012420654296875e+02 2.174741668701171875e+02 2.342551879882812500e+02
2.210904388427734375e+02 2.174366760253906250e+02 2.340544891357421875e+02
2.210690460205078125e+02 2.174003295898437500e+02 2.338556518554687500e+02
2.210363616943359375e+02 2.173636016845703125e+02 2.336600646972656250e+02
2.209916839599609375e+02 2.173249664306640625e+02 2.334690704345703125e+02
2.209342956542968750e+02 2.172828979492187500e+02 2.332840728759765625e+02
2.208635253906250000e+02 2.172358703613281250e+02 2.331063995361328125e+02
2.207796630859375000e+02 2.171831054687500000e+02 2.329365692138671875e+02
2.206840667724609375e+02 2.171246337890625000e+02 2.327742004394531250e+02
2.205781860351562500e+02 2.170605621337890625e+02 2.326188201904296875e+02
2.204634552001953125e+02 2.169909515380859375e+02 2.324699707031250000e+02
2.203413391113281250e+02 2.169159088134765625e+02 2.323271942138671875e+02
2.202132568359375000e+02 2.168355102539062500e+02 2.321900329589843750e+02
2.200806579589843750e+02 2.167498321533203125e+02 2.320580291748046875e+02
2.199449920654296875e+02 2.166589965820312500e+02 2.319307250976562500e+02
2.198076934814453125e+02 2.165630645751953125e+02 2.318076629638671875e+02
2.196702117919921875e+02 2.164621276855468750e+02 2.316883697509765625e+02
2.195339813232421875e+02 2.163562774658203125e+02 2.315723876953125000e+02
2.194004516601562500e+02 2.162455902099609375e+02 2.314592742919921875e+02
2.192710571289062500e+02 2.161301574707031250e+02 2.313485717773437500e+02
2.191472473144531250e+02 2.160100860595703125e+02 2.312398071289062500e+02
2.190304107666015625e+02 2.158853912353515625e+02 2.311326446533203125e+02
2.189103546142578125e+02 2.157531127929687500e+02 2.310416412353515625e+02
2.187673492431640625e+02 2.156269683837890625e+02 2.309571533203125000e+02
2.186115875244140625e+02 2.155160217285156250e+02 2.308655242919921875e+02
2.184593048095703125e+02 2.154253387451171875e+02 2.307584381103515625e+02
2.183267822265625000e+02 2.153600463867187500e+02 2.306275787353515625e+02
2.182299041748046875e+02 2.153248596191406250e+02 2.304649200439453125e+02
2.181707763671875000e+02 2.153105316162109375e+02 2.302740020751953125e+02
2.181332092285156250e+02 2.152891845703125000e+02 2.300736236572265625e+02
2.181017761230468750e+02 2.152371215820312500e+02 2.298807220458984375e+02
2.180701599121093750e+02 2.151550903320312500e+02 2.296990203857421875e+02
2.180346069335937500e+02 2.150508117675781250e+02 2.295284118652343750e+02
2.179913787841796875e+02 2.149320373535156250e+02 2.293688201904296875e+02
2.179370117187500000e+02 2.148063201904296875e+02 2.292201385498046875e+02
2.178755950927734375e+02 2.146762542724609375e+02 2.290805969238281250e+02
2.178198852539062500e+02 2.145387573242187500e+02 2.289465942382812500e+02
2.177728118896484375e+02 2.143951873779296875e+02 2.288147430419921875e+02
2.177240905761718750e+02 2.142568359375000000e+02 2.286785430908203125e+02
2.176684722900390625e+02 2.141374053955078125e+02 2.285269317626953125e+02
2.176095428466796875e+02 2.140116271972656250e+02 2.283827362060546875e+02
2.175489807128906250e+02 2.138741455078125000e+02 2.282503356933593750e+02
2.174871520996093750e+02 2.137326049804687500e+02 2.281221008300781250e+02
2.174244232177734375e+02 2.135947418212890625e+02 2.279902954101562500e+02
2.173610229492187500e+02 2.134683380126953125e+02 2.278474121093750000e+02
2.172945709228515625e+02 2.133618164062500000e+02 2.276909484863281250e+02
2.172214050292968750e+02 2.132823028564453125e+02 2.275231475830078125e+02
2.171458892822265625e+02 2.132240142822265625e+02 2.273464813232421875e+02
2.170758209228515625e+02 2.131757812500000000e+02 2.271634979248046875e+02
2.170189666748046875e+02 2.131264495849609375e+02 2.269766845703125000e+02
2.169780731201171875e+02 2.130688323974609375e+02 2.267884674072265625e+02
2.169416809082031250e+02 2.130070190429687500e+02 2.266009368896484375e+02
2.168958282470703125e+02 2.129470672607421875e+02 2.264161529541015625e+02
2.168302154541015625e+02 2.128936767578125000e+02 2.262355041503906250e+02
2.167511291503906250e+02 2.128455047607421875e+02 2.260573425292968750e+02
2.166694946289062500e+02 2.127994537353515625e+02 2.258791656494140625e+02
2.165962524414062500e+02 2.127524414062500000e+02 2.256984710693359375e+02
2.165407562255859375e+02 2.127020263671875000e+02 2.255131378173828125e+02
2.165029602050781250e+02 2.126493377685546875e+02 2.253231811523437500e+02
2.164792785644531250e+02 2.125969390869140625e+02 2.251294250488281250e+02
2.164661712646484375e+02 2.125473327636718750e+02 2.249327087402343750e+02
2.164600372314453125e+02 2.125030517578125000e+02 2.247338409423828125e+02
2.164573364257812500e+02 2.124666137695312500e+02 2.245336761474609375e+02
2.164544830322265625e+02 2.124405670166015625e+02 2.243330383300781250e+02
2.164479064941406250e+02 2.124274291992187500e+02 2.241327362060546875e+02
2.164340515136718750e+02 2.124297027587890625e+02 2.239336395263671875e+02
2.164104614257812500e+02 2.124482727050781250e+02 2.237364044189453125e+02
2.163768615722656250e+02 2.124806823730468750e+02 2.235415496826171875e+02
2.163332672119140625e+02 2.125241394042968750e+02 2.233494720458984375e+02
2.162796783447265625e+02 2.125758209228515625e+02 2.231606292724609375e+02
2.162160797119140625e+02 2.126329345703125000e+02 2.229754638671875000e+02
2.161424865722656250e+02 2.126926422119140625e+02 2.227944030761718750e+02
2.160588836669921875e+02 2.127521514892578125e+02 2.226178894042968750e+02
2.159654541015625000e+02 2.128085327148437500e+02 2.224462585449218750e+02
2.158722839355468750e+02 2.128529510498046875e+02 2.222736511230468750e+02
2.158032684326171875e+02 2.128683471679687500e+02 2.220856018066406250e+02
2.157205505371093750e+02 2.128804779052734375e+02 2.219076080322265625e+02
2.155696258544921875e+02 2.129274902343750000e+02 2.217783508300781250e+02
2.154082183837890625e+02 2.129731597900390625e+02 2.216633453369140625e+02
2.152495117187500000e+02 2.130148468017578125e+02 2.215491027832031250e+02
2.151008453369140625e+02 2.130542602539062500e+02 2.214250793457031250e+02
2.149681549072265625e+02 2.130930633544921875e+02 2.212826232910156250e+02
2.148462219238281250e+02 2.131331939697265625e+02 2.211275939941406250e+02
2.147245635986328125e+02 2.131766662597656250e+02 2.209727172851562500e+02
2.145926666259765625e+02 2.132254791259765625e+02 2.208307647705078125e+02
2.144446258544921875e+02 2.132803344726562500e+02 2.207088165283203125e+02
2.142860412597656250e+02 2.133385925292968750e+02 2.205996856689453125e+02
2.141243286132812500e+02 2.133971252441406250e+02 2.204939880371093750e+02
2.139668884277343750e+02 2.134527587890625000e+02 2.203823547363281250e+02
2.138209381103515625e+02 2.135027618408203125e+02 2.202557525634765625e+02
2.136883087158203125e+02 2.135550689697265625e+02 2.201153717041015625e+02
2.135647583007812500e+02 2.136296081542968750e+02 2.199737243652343750e+02
2.134472656250000000e+02 2.137402648925781250e+02 2.198407287597656250e+02
2.133399810791015625e+02 2.138688507080078125e+02 2.197107238769531250e+02
2.132491912841796875e+02 2.139875030517578125e+02 2.195733947753906250e+02
2.131812133789062500e+02 2.140683746337890625e+02 2.194183807373046875e+02
2.131393280029296875e+02 2.140903015136718750e+02 2.192380218505859375e+02
2.131105499267578125e+02 2.140684204101562500e+02 2.190392150878906250e+02
2.130763854980468750e+02 2.140300750732421875e+02 2.188336639404296875e+02
2.130200347900390625e+02 2.140008087158203125e+02 2.186323089599609375e+02
2.129406890869140625e+02 2.139883270263671875e+02 2.184381408691406250e+02
2.128467254638671875e+02 2.139902954101562500e+02 2.182496185302734375e+02
2.127465972900390625e+02 2.140041961669921875e+02 2.180651397705078125e+02
2.126487426757812500e+02 2.140275726318359375e+02 2.178831329345703125e+02
2.125616302490234375e+02 2.140579071044921875e+02 2.177020111083984375e+02
2.124937286376953125e+02 2.140927581787109375e+02 2.175201721191406250e+02
2.124534606933593750e+02 2.141296081542968750e+02 2.173360290527343750e+02
2.124492950439453125e+02 2.141659851074218750e+02 2.171479949951171875e+02
2.124825439453125000e+02 2.141994934082031250e+02 2.169553222656250000e+02
2.125294494628906250e+02 2.142281951904296875e+02 2.167600555419921875e+02
2.125643005371093750e+02 2.142504730224609375e+02 2.165644226074218750e+02
2.125839996337890625e+02 2.142668457031250000e+02 2.163670959472656250e+02
2.125944519042968750e+02 2.142786407470703125e+02 2.161654663085937500e+02
2.126004943847656250e+02 2.142868499755859375e+02 2.159575805664062500e+02
2.125988769531250000e+02 2.142900085449218750e+02 2.157467651367187500e+02
2.125826721191406250e+02 2.142854614257812500e+02 2.155388641357421875e+02
2.125448760986328125e+02 2.142706146240234375e+02 2.153396453857421875e+02
2.124785156250000000e+02 2.142428436279296875e+02 2.151549224853515625e+02
2.123772430419921875e+02 2.141996612548828125e+02 2.149901275634765625e+02
2.122706604003906250e+02 2.141490783691406250e+02 2.148267669677734375e+02
2.121785736083984375e+02 2.140966186523437500e+02 2.146532897949218750e+02
2.121008911132812500e+02 2.140421447753906250e+02 2.144714813232421875e+02
2.120375213623046875e+02 2.139855194091796875e+02 2.142831420898437500e+02
2.119883880615234375e+02 2.139266357421875000e+02 2.140900268554687500e+02
2.119533843994140625e+02 2.138653411865234375e+02 2.138939361572265625e+02
2.119324188232421875e+02 2.138015289306640625e+02 2.136966552734375000e+02
2.119254150390625000e+02 2.137350463867187500e+02 2.134999694824218750e+02
2.119322662353515625e+02 2.136657867431640625e+02 2.133056488037109375e+02
2.119528961181640625e+02 2.135936126708984375e+02 2.131155090332031250e+02
2.119871063232421875e+02 2.135183410644531250e+02 2.129313049316406250e+02
2.120159149169921875e+02 2.134289093017578125e+02 2.127546844482421875e+02
2.120190887451171875e+02 2.133184204101562500e+02 2.125842895507812500e+02
2.120021820068359375e+02 2.131985015869140625e+02 2.124167022705078125e+02
2.119713134765625000e+02 2.130811462402343750e+02 2.122485046386718750e+02
2.119325256347656250e+02 2.129783477783203125e+02 2.120762634277343750e+02
2.118919219970703125e+02 2.129021301269531250e+02 2.118965454101562500e+02
2.118555603027343750e+02 2.128641662597656250e+02 2.117060089111328125e+02
2.118274383544921875e+02 2.128526763916015625e+02 2.115073242187500000e+02
2.118077545166015625e+02 2.128316650390625000e+02 2.113095550537109375e+02
2.117958831787109375e+02 2.127981567382812500e+02 2.111136322021484375e+02
2.117910308837890625e+02 2.127545166015625000e+02 2.109190979003906250e+02
2.117924804687500000e+02 2.127030639648437500e+02 2.107255554199218750e+02
2.117994537353515625e+02 2.126461639404296875e+02 2.105325927734375000e+02
2.118112182617187500e+02 2.125861206054687500e+02 2.103397674560546875e+02
2.118270111083984375e+02 2.125253143310546875e+02 2.101466674804687500e+02
2.118460998535156250e+02 2.124660491943359375e+02 2.099528961181640625e+02
2.118677062988281250e+02 2.124106750488281250e+02 2.097580108642578125e+02
2.118909301757812500e+02 2.123602752685546875e+02 2.095620117187500000e+02
2.119143218994140625e+02 2.123112335205078125e+02 2.093663635253906250e+02
2.119362335205078125e+02 2.122588653564453125e+02 2.091728973388671875e+02
2.119550933837890625e+02 2.121984558105468750e+02 2.089834442138671875e+02
2.119692840576171875e+02 2.121253356933593750e+02 2.087998046875000000e+02
2.119772033691406250e+02 2.120349273681640625e+02 2.086237792968750000e+02
2.119779205322265625e+02 2.119273376464843750e+02 2.084552459716796875e+02
2.119712829589843750e+02 2.118081817626953125e+02 2.082919464111328125e+02
2.119571685791015625e+02 2.116834259033203125e+02 2.081314239501953125e+02
2.119354553222656250e+02 2.115590057373046875e+02 2.079712524414062500e+02
2.119060363769531250e+02 2.114409179687500000e+02 2.078089904785156250e+02
2.118687896728515625e+02 2.113350830078125000e+02 2.076422271728515625e+02
2.118235931396484375e+02 2.112474975585937500e+02 2.074685211181640625e+02
2.117715606689453125e+02 2.111829986572265625e+02 2.072863464355468750e+02
2.117179870605468750e+02 2.111381988525390625e+02 2.070987091064453125e+02
2.116641998291015625e+02 2.111068878173828125e+02 2.069076843261718750e+02
2.116108703613281250e+02 2.110829315185546875e+02 2.067149810791015625e+02
2.115587005615234375e+02 2.110601806640625000e+02 2.065223693847656250e+02
2.115083618164062500e+02 2.110335235595703125e+02 2.063312072753906250e+02
2.114604034423828125e+02 2.110027313232421875e+02 2.061410980224609375e+02
2.114153289794921875e+02 2.109691772460937500e+02 2.059510803222656250e+02
2.113736572265625000e+02 2.109341888427734375e+02 2.057601470947265625e+02
2.113358917236328125e+02 2.108991546630859375e+02 2.055673675537109375e+02
2.113025512695312500e+02 2.108653869628906250e+02 2.053717346191406250e+02
2.112741546630859375e+02 2.108342590332031250e+02 2.051723022460937500e+02
2.112513885498046875e+02 2.108080749511718750e+02 2.049683074951171875e+02
2.112772216796875000e+02 2.108601531982421875e+02 2.047783355712890625e+02
2.113209381103515625e+02 2.108921203613281250e+02 2.045856475830078125e+02
2.113557586669921875e+02 2.109045562744140625e+02 2.043895568847656250e+02
2.113813629150390625e+02 2.109040527343750000e+02 2.041906433105468750e+02
2.113974609375000000e+02 2.108972167968750000e+02 2.039894561767578125e+02
2.114037628173828125e+02 2.108906097412109375e+02 2.037865905761718750e+02
2.113999786376953125e+02 2.108908386230468750e+02 2.035826110839843750e+02
2.113866882324218750e+02 2.109029083251953125e+02 2.033781433105468750e+02
2.113702697753906250e+02 2.109213409423828125e+02 2.031742553710937500e+02
2.113594970703125000e+02 2.109364013671875000e+02 2.029721679687500000e+02
2.113630981445312500e+02 2.109383544921875000e+02 2.027731018066406250e+02
2.113898468017578125e+02 2.109174499511718750e+02 2.025782775878906250e+02
2.114378967285156250e+02 2.108740997314453125e+02 2.023875885009765625e+02
2.114405517578125000e+02 2.108693542480468750e+02 2.021928405761718750e+02
2.113935852050781250e+02 2.108943176269531250e+02 2.019947814941406250e+02
2.113349304199218750e+02 2.108961029052734375e+02 2.017998352050781250e+02
2.112848205566406250e+02 2.108805694580078125e+02 2.016082305908203125e+02
2.112407989501953125e+02 2.108849182128906250e+02 2.014160003662109375e+02
2.112014770507812500e+02 2.109050903320312500e+02 2.012227935791015625e+02
2.111655273437500000e+02 2.109356384277343750e+02 2.010284118652343750e+02
2.111316528320312500e+02 2.109711151123046875e+02 2.008326416015625000e+02
2.110985107421875000e+02 2.110060729980468750e+02 2.006352539062500000e+02
2.110648345947265625e+02 2.110350494384765625e+02 2.004360656738281250e+02
2.110290985107421875e+02 2.110528411865234375e+02 2.002349548339843750e+02
2.109691009521484375e+02 2.110825347900390625e+02 2.000481872558593750e+02
2.108645629882812500e+02 2.111591644287109375e+02 1.998930053710937500e+02
2.107660522460937500e+02 2.112397918701171875e+02 1.997341766357421875e+02
2.106772308349609375e+02 2.113175506591796875e+02 1.995686187744140625e+02
2.105957794189453125e+02 2.113907012939453125e+02 1.993974609375000000e+02
2.105193328857421875e+02 2.114574737548828125e+02 1.992218322753906250e+02
2.104455413818359375e+02 2.115161285400390625e+02 1.990428466796875000e+02
2.103720703125000000e+02 2.115648956298828125e+02 1.988616180419921875e+02
2.102965545654296875e+02 2.116020202636718750e+02 1.986792755126953125e+02
2.102166442871093750e+02 2.116257476806640625e+02 1.984969635009765625e+02
2.101300048828125000e+02 2.116343231201171875e+02 1.983157806396484375e+02
2.100357208251953125e+02 2.116276092529296875e+02 1.981363983154296875e+02
2.099373626708984375e+02 2.116105194091796875e+02 1.979580383300781250e+02
2.098393554687500000e+02 2.115889434814453125e+02 1.977796936035156250e+02
2.097461242675781250e+02 2.115687866210937500e+02 1.976002807617187500e+02
2.096621093750000000e+02 2.115559387207031250e+02 1.974187774658203125e+02
2.095917510986328125e+02 2.115563049316406250e+02 1.972341308593750000e+02
2.095394592285156250e+02 2.115757446289062500e+02 1.970453033447265625e+02
2.095043029785156250e+02 2.116143341064453125e+02 1.968522644042968750e+02
2.094671478271484375e+02 2.116523895263671875e+02 1.966584320068359375e+02
2.094173889160156250e+02 2.116780548095703125e+02 1.964659881591796875e+02
2.093530578613281250e+02 2.116944885253906250e+02 1.962781677246093750e+02
2.092573394775390625e+02 2.116875610351562500e+02 1.961003570556640625e+02
2.091521911621093750e+02 2.116630401611328125e+02 1.959263305664062500e+02
2.090603027343750000e+02 2.116271514892578125e+02 1.957497100830078125e+02
2.090030822753906250e+02 2.115861511230468750e+02 1.955644073486328125e+02
2.089810791015625000e+02 2.115465850830078125e+02 1.953696899414062500e+02
2.089779968261718750e+02 2.115152435302734375e+02 1.951691284179687500e+02
2.089770355224609375e+02 2.114989318847656250e+02 1.949664459228515625e+02
2.089645843505859375e+02 2.115007934570312500e+02 1.947648162841796875e+02
2.089398193359375000e+02 2.115092468261718750e+02 1.945653991699218750e+02
2.089051361083984375e+02 2.115090026855468750e+02 1.943688201904296875e+02
2.088633270263671875e+02 2.114864501953125000e+02 1.941754760742187500e+02
2.088208923339843750e+02 2.114443969726562500e+02 1.939837951660156250e+02
2.087863159179687500e+02 2.113946380615234375e+02 1.937910919189453125e+02
2.087631072998046875e+02 2.113429260253906250e+02 1.935968933105468750e+02
2.087468109130859375e+02 2.112852020263671875e+02 1.934041137695312500e+02
2.087322692871093750e+02 2.112165527343750000e+02 1.932160339355468750e+02
2.087143402099609375e+02 2.111320648193359375e+02 1.930359039306640625e+02
2.086918945312500000e+02 2.110321807861328125e+02 1.928640747070312500e+02
2.086880035400390625e+02 2.109511871337890625e+02 1.926825561523437500e+02
2.086977233886718750e+02 2.108889770507812500e+02 1.924914245605468750e+02
2.087085113525390625e+02 2.108356018066406250e+02 1.922959442138671875e+02
2.087078094482421875e+02 2.107811431884765625e+02 1.921014099121093750e+02
2.086946258544921875e+02 2.107162322998046875e+02 1.919121704101562500e+02
2.087010040283203125e+02 2.106350555419921875e+02 1.917290496826171875e+02
2.087260589599609375e+02 2.105435333251953125e+02 1.915499877929687500e+02
2.087532501220703125e+02 2.104517822265625000e+02 1.913720550537109375e+02
2.087659912109375000e+02 2.103699493408203125e+02 1.911923675537109375e+02
2.087507629394531250e+02 2.103062133789062500e+02 1.910085296630859375e+02
2.087104644775390625e+02 2.102581024169921875e+02 1.908209533691406250e+02
2.086535339355468750e+02 2.102195587158203125e+02 1.906309814453125000e+02
2.085883789062500000e+02 2.101845703125000000e+02 1.904399566650390625e+02
2.085234375000000000e+02 2.101470489501953125e+02 1.902492523193359375e+02
2.084671325683593750e+02 2.101009979248046875e+02 1.900601806640625000e+02
2.084272766113281250e+02 2.100408935546875000e+02 1.898739166259765625e+02
2.084011993408203125e+02 2.099705047607421875e+02 1.896881713867187500e+02
2.083778686523437500e+02 2.099010009765625000e+02 1.894980926513671875e+02
2.083500518798828125e+02 2.098388824462890625e+02 1.893035430908203125e+02
2.083135986328125000e+02 2.097870483398437500e+02 1.891079101562500000e+02
2.082643890380859375e+02 2.097483062744140625e+02 1.889146270751953125e+02
2.081983489990234375e+02 2.097254638671875000e+02 1.887271881103515625e+02
2.081113739013671875e+02 2.097213287353515625e+02 1.885490264892578125e+02
2.080034790039062500e+02 2.097348022460937500e+02 1.883812255859375000e+02
2.078904266357421875e+02 2.097497711181640625e+02 1.882157440185546875e+02
2.077859344482421875e+02 2.097524719238281250e+02 1.880453643798828125e+02
2.076895904541015625e+02 2.097434539794921875e+02 1.878704376220703125e+02
2.075988159179687500e+02 2.097255096435546875e+02 1.876923980712890625e+02
2.075110778808593750e+02 2.097014007568359375e+02 1.875126953125000000e+02
2.074238128662109375e+02 2.096738586425781250e+02 1.873327789306640625e+02
2.073344573974609375e+02 2.096456909179687500e+02 1.871540985107421875e+02
2.072404632568359375e+02 2.096196136474609375e+02 1.869781036376953125e+02
2.071392517089843750e+02 2.095984191894531250e+02 1.868062438964843750e+02
2.070283966064453125e+02 2.095847167968750000e+02 1.866399536132812500e+02
2.069091491699218750e+02 2.095753326416015625e+02 1.864789886474609375e+02
2.067875061035156250e+02 2.095600280761718750e+02 1.863211669921875000e+02
2.066657257080078125e+02 2.095355072021484375e+02 1.861654052734375000e+02
2.065434722900390625e+02 2.095032501220703125e+02 1.860114898681640625e+02
2.064204101562500000e+02 2.094648284912109375e+02 1.858592376708984375e+02
2.062961730957031250e+02 2.094217834472656250e+02 1.857084350585937500e+02
2.061704254150390625e+02 2.093756866455078125e+02 1.855588836669921875e+02
2.060427856445312500e+02 2.093280792236328125e+02 1.854104003906250000e+02
2.059129333496093750e+02 2.092805175781250000e+02 1.852627716064453125e+02
2.057804870605468750e+02 2.092345733642578125e+02 1.851157989501953125e+02
2.056460418701171875e+02 2.091906585693359375e+02 1.849692230224609375e+02
2.055187072753906250e+02 2.091391754150390625e+02 1.848223114013671875e+02
2.054119110107421875e+02 2.090653228759765625e+02 1.846740570068359375e+02
2.053305664062500000e+02 2.089635772705078125e+02 1.845243225097656250e+02
2.052651977539062500e+02 2.088440399169921875e+02 1.843743591308593750e+02
2.052050018310546875e+02 2.087182922363281250e+02 1.842255554199218750e+02
2.051391296386718750e+02 2.085979156494140625e+02 1.840792999267578125e+02
2.050553894042968750e+02 2.084930419921875000e+02 1.839263000488281250e+02
2.049657592773437500e+02 2.083894805908203125e+02 1.837596435546875000e+02
2.049392089843750000e+02 2.082356414794921875e+02 1.836515655517578125e+02
2.049703521728515625e+02 2.080275726318359375e+02 1.835914154052734375e+02
2.050166320800781250e+02 2.077951965332031250e+02 1.835327911376953125e+02
2.050742645263671875e+02 2.075477905273437500e+02 1.834765777587890625e+02
2.051394042968750000e+02 2.072946624755859375e+02 1.834236450195312500e+02
2.052082519531250000e+02 2.070451202392578125e+02 1.833748779296875000e+02
2.052769775390625000e+02 2.068084564208984375e+02 1.833311920166015625e+02
2.053417663574218750e+02 2.065939788818359375e+02 1.832934570312500000e+02
2.053987884521484375e+02 2.064109649658203125e+02 1.832625579833984375e+02
2.054442596435546875e+02 2.062687377929687500e+02 1.832393951416015625e+02
2.054743347167968750e+02 2.061765747070312500e+02 1.832248382568359375e+02
2.054852142333984375e+02 2.061437835693359375e+02 1.832197875976562500e+02
