1.424113616943359375e+02 1.366154937744140625e+02 1.624120788574218750e+02
1.424265289306640625e+02 1.366548461914062500e+02 1.623380584716796875e+02
1.424649353027343750e+02 1.367475738525390625e+02 1.621528472900390625e+02
1.425159606933593750e+02 1.368556823730468750e+02 1.619117431640625000e+02
1.425692596435546875e+02 1.369421691894531250e+02 1.616687469482421875e+02
1.426205749511718750e+02 1.369919281005859375e+02 1.614489898681640625e+02
1.426717681884765625e+02 1.370118713378906250e+02 1.612486724853515625e+02
1.427249603271484375e+02 1.370098724365234375e+02 1.610626983642578125e+02
1.427822723388671875e+02 1.369937438964843750e+02 1.608860168457031250e+02
1.428458099365234375e+02 1.369713745117187500e+02 1.607135467529296875e+02
1.429177246093750000e+02 1.369505920410156250e+02 1.605402221679687500e+02
1.429995727539062500e+02 1.369384918212890625e+02 1.603614044189453125e+02
1.430877075195312500e+02 1.369344635009765625e+02 1.601765136718750000e+02
1.431754760742187500e+02 1.369336853027343750e+02 1.599873046875000000e+02
1.432562866210937500e+02 1.369312591552734375e+02 1.597955322265625000e+02
1.433234710693359375e+02 1.369222869873046875e+02 1.596029357910156250e+02
1.433703918457031250e+02 1.369019012451171875e+02 1.594112854003906250e+02
1.433904113769531250e+02 1.368651885986328125e+02 1.592223205566406250e+02
1.433787994384765625e+02 1.368087158203125000e+02 1.590372924804687500e+02
1.433444519042968750e+02 1.367395324707031250e+02 1.588537292480468750e+02
1.433022918701171875e+02 1.366692810058593750e+02 1.586674957275390625e+02
1.432671661376953125e+02 1.366095275878906250e+02 1.584745178222656250e+02
1.432473449707031250e+02 1.365664062500000000e+02 1.582730102539062500e+02
1.432398071289062500e+02 1.365368041992187500e+02 1.580651245117187500e+02
1.432404937744140625e+02 1.365166778564453125e+02 1.578534240722656250e+02
1.432453155517578125e+02 1.365019989013671875e+02 1.576404266357421875e+02
1.432501983642578125e+02 1.364887542724609375e+02 1.574286651611328125e+02
1.432510528564453125e+02 1.364729003906250000e+02 1.572206878662109375e+02
1.432438201904296875e+02 1.364504089355468750e+02 1.570190429687500000e+02
1.432243957519531250e+02 1.364172668457031250e+02 1.568262481689453125e+02
1.431887207031250000e+02 1.363694152832031250e+02 1.566448516845703125e+02
1.431327056884765625e+02 1.363028564453125000e+02 1.564773864746093750e+02
1.430522918701171875e+02 1.362135772705078125e+02 1.563263854980468750e+02
1.429546661376953125e+02 1.361103363037109375e+02 1.561842498779296875e+02
1.428615264892578125e+02 1.360179443359375000e+02 1.560312194824218750e+02
1.427742919921875000e+02 1.359372100830078125e+02 1.558669891357421875e+02
1.426920776367187500e+02 1.358662414550781250e+02 1.556934967041015625e+02
1.426139984130859375e+02 1.358031158447265625e+02 1.555126953125000000e+02
1.425391387939453125e+02 1.357459564208984375e+02 1.553265380859375000e+02
1.424665985107421875e+02 1.356928253173828125e+02 1.551369628906250000e+02
1.423955078125000000e+02 1.356418457031250000e+02 1.549459075927734375e+02
1.423249359130859375e+02 1.355910949707031250e+02 1.547553100585937500e+02
1.422539978027343750e+02 1.355386657714843750e+02 1.545671386718750000e+02
1.421818084716796875e+02 1.354826507568359375e+02 1.543833007812500000e+02
1.421074523925781250e+02 1.354211578369140625e+02 1.542057800292968750e+02
1.420300292968750000e+02 1.353522796630859375e+02 1.540364990234375000e+02
1.419486541748046875e+02 1.352740936279296875e+02 1.538773956298828125e+02
1.418624420166015625e+02 1.351847076416015625e+02 1.537304382324218750e+02
1.417704620361328125e+02 1.350822296142578125e+02 1.535975494384765625e+02
1.416718444824218750e+02 1.349647216796875000e+02 1.534806671142578125e+02
1.415660400390625000e+02 1.348311157226562500e+02 1.533809204101562500e+02
1.414543762207031250e+02 1.346845397949218750e+02 1.532950439453125000e+02
1.413388061523437500e+02 1.345295104980468750e+02 1.532184600830078125e+02
1.412212677001953125e+02 1.343705291748046875e+02 1.531464996337890625e+02
1.411036682128906250e+02 1.342120819091796875e+02 1.530745544433593750e+02
1.409879608154296875e+02 1.340586700439453125e+02 1.529979858398437500e+02
1.408760681152343750e+02 1.339148101806640625e+02 1.529122009277343750e+02
1.407699584960937500e+02 1.337849884033203125e+02 1.528125305175781250e+02
1.406715240478515625e+02 1.336737060546875000e+02 1.526943817138671875e+02
1.405826416015625000e+02 1.335852661132812500e+02 1.525532989501953125e+02
1.405032501220703125e+02 1.335185394287109375e+02 1.523899383544921875e+02
1.404311981201171875e+02 1.334665527343750000e+02 1.522103729248046875e+02
1.403642272949218750e+02 1.334220581054687500e+02 1.520209655761718750e+02
1.403000640869140625e+02 1.333777923583984375e+02 1.518280792236328125e+02
1.402366180419921875e+02 1.333270874023437500e+02 1.516376342773437500e+02
1.401731719970703125e+02 1.332689208984375000e+02 1.514513244628906250e+02
1.401098480224609375e+02 1.332056884765625000e+02 1.512682495117187500e+02
1.400468139648437500e+02 1.331398162841796875e+02 1.510875244140625000e+02
1.399841766357421875e+02 1.330737152099609375e+02 1.509082641601562500e+02
1.399221038818359375e+02 1.330098114013671875e+02 1.507295379638671875e+02
1.398607177734375000e+02 1.329505462646484375e+02 1.505504760742187500e+02
1.398001556396484375e+02 1.328983154296875000e+02 1.503701782226562500e+02
1.397405700683593750e+02 1.328555603027343750e+02 1.501877288818359375e+02
1.396820831298828125e+02 1.328246917724609375e+02 1.500022277832031250e+02
1.396247406005859375e+02 1.328077239990234375e+02 1.498129425048828125e+02
1.395665740966796875e+02 1.327995300292968750e+02 1.496213989257812500e+02
1.395039672851562500e+02 1.327891387939453125e+02 1.494311218261718750e+02
1.394336547851562500e+02 1.327663269042968750e+02 1.492453460693359375e+02
1.393560180664062500e+02 1.327300415039062500e+02 1.490643005371093750e+02
1.392734985351562500e+02 1.326844024658203125e+02 1.488865203857421875e+02
1.391885833740234375e+02 1.326336212158203125e+02 1.487105255126953125e+02
1.391037292480468750e+02 1.325818786621093750e+02 1.485348358154296875e+02
1.390214233398437500e+02 1.325333404541015625e+02 1.483579559326171875e+02
1.389441223144531250e+02 1.324922180175781250e+02 1.481784210205078125e+02
1.388742980957031250e+02 1.324626770019531250e+02 1.479947509765625000e+02
1.388140411376953125e+02 1.324484863281250000e+02 1.478056030273437500e+02
1.387563629150390625e+02 1.324434204101562500e+02 1.476135101318359375e+02
1.386900482177734375e+02 1.324362030029296875e+02 1.474230957031250000e+02
1.386155395507812500e+02 1.324275054931640625e+02 1.472347412109375000e+02
1.385350952148437500e+02 1.324198455810546875e+02 1.470482330322265625e+02
1.384510192871093750e+02 1.324157562255859375e+02 1.468633270263671875e+02
1.383655853271484375e+02 1.324177856445312500e+02 1.466797485351562500e+02
1.382810363769531250e+02 1.324284515380859375e+02 1.464972839355468750e+02
1.381996765136718750e+02 1.324503021240234375e+02 1.463156738281250000e+02
1.381237640380859375e+02 1.324858551025390625e+02 1.461346893310546875e+02
1.380555877685546875e+02 1.325376586914062500e+02 1.459540557861328125e+02
1.379969635009765625e+02 1.326076507568359375e+02 1.457736511230468750e+02
1.379414215087890625e+02 1.326875152587890625e+02 1.455948486328125000e+02
1.378753967285156250e+02 1.327600250244140625e+02 1.454203491210937500e+02
1.377851409912109375e+02 1.328077545166015625e+02 1.452529296875000000e+02
1.376683654785156250e+02 1.328239440917968750e+02 1.450921020507812500e+02
1.375460815429687500e+02 1.328235931396484375e+02 1.449308471679687500e+02
1.374372558593750000e+02 1.328195953369140625e+02 1.447627716064453125e+02
1.373311767578125000e+02 1.328132934570312500e+02 1.445929260253906250e+02
1.372226104736328125e+02 1.328095855712890625e+02 1.444245300292968750e+02
1.371106414794921875e+02 1.328111724853515625e+02 1.442586517333984375e+02
1.369943389892578125e+02 1.328208160400390625e+02 1.440962982177734375e+02
1.368742523193359375e+02 1.328379058837890625e+02 1.439371490478515625e+02
1.367563629150390625e+02 1.328546905517578125e+02 1.437761230468750000e+02
1.366631317138671875e+02 1.328639526367187500e+02 1.435944671630859375e+02
1.365842437744140625e+02 1.328646087646484375e+02 1.434018402099609375e+02
1.365007019042968750e+02 1.328565521240234375e+02 1.432152709960937500e+02
1.363934936523437500e+02 1.328396148681640625e+02 1.430518035888671875e+02
1.362448730468750000e+02 1.328140258789062500e+02 1.429272918701171875e+02
1.360726470947265625e+02 1.327897338867187500e+02 1.428228912353515625e+02
1.359012145996093750e+02 1.327738494873046875e+02 1.427148742675781250e+02
1.357355346679687500e+02 1.327653808593750000e+02 1.425992584228515625e+02
1.355804443359375000e+02 1.327632598876953125e+02 1.424722290039062500e+02
1.354407043457031250e+02 1.327664184570312500e+02 1.423300018310546875e+02
1.353192749023437500e+02 1.327776184082031250e+02 1.421716003417968750e+02
1.352002868652343750e+02 1.328292541503906250e+02 1.420213165283203125e+02
1.350754089355468750e+02 1.329061126708984375e+02 1.418825073242187500e+02
1.349419708251953125e+02 1.329742126464843750e+02 1.417478790283203125e+02
1.348003692626953125e+02 1.330167999267578125e+02 1.416124877929687500e+02
1.346559753417968750e+02 1.330458068847656250e+02 1.414754638671875000e+02
1.345146636962890625e+02 1.330758819580078125e+02 1.413362579345703125e+02
1.343822937011718750e+02 1.331216888427734375e+02 1.411943969726562500e+02
1.342623596191406250e+02 1.332000885009765625e+02 1.410552215576171875e+02
1.341512603759765625e+02 1.333171081542968750e+02 1.409311523437500000e+02
1.340486907958984375e+02 1.334553527832031250e+02 1.408141784667968750e+02
1.339546813964843750e+02 1.335961914062500000e+02 1.406948394775390625e+02
1.338693084716796875e+02 1.337209930419921875e+02 1.405636444091796875e+02
1.337926177978515625e+02 1.338110961914062500e+02 1.404111175537109375e+02
1.337238159179687500e+02 1.338550720214843750e+02 1.402317962646484375e+02
1.336574859619140625e+02 1.338810729980468750e+02 1.400421295166015625e+02
1.335935058593750000e+02 1.339365997314453125e+02 1.398613128662109375e+02
1.335391235351562500e+02 1.340386505126953125e+02 1.396900634765625000e+02
1.334935150146484375e+02 1.341719055175781250e+02 1.395254516601562500e+02
1.334557342529296875e+02 1.343208618164062500e+02 1.393646240234375000e+02
1.334248504638671875e+02 1.344699554443359375e+02 1.392046661376953125e+02
1.333999023437500000e+02 1.346036682128906250e+02 1.390427246093750000e+02
1.333799896240234375e+02 1.347064514160156250e+02 1.388758850097656250e+02
1.333641510009765625e+02 1.347627868652343750e+02 1.387012786865234375e+02
1.333514099121093750e+02 1.347573699951171875e+02 1.385160522460937500e+02
1.333363342285156250e+02 1.347034912109375000e+02 1.383214111328125000e+02
1.333085784912109375e+02 1.346550140380859375e+02 1.381246337890625000e+02
1.332687377929687500e+02 1.346225585937500000e+02 1.379277954101562500e+02
1.332197875976562500e+02 1.346070098876953125e+02 1.377317199707031250e+02
1.331647338867187500e+02 1.346092224121093750e+02 1.375372619628906250e+02
1.331065368652343750e+02 1.346300659179687500e+02 1.373452911376953125e+02
1.330481872558593750e+02 1.346703948974609375e+02 1.371566314697265625e+02
1.329917907714843750e+02 1.347262878417968750e+02 1.369712066650390625e+02
1.329366760253906250e+02 1.347783203125000000e+02 1.367858581542968750e+02
1.328815765380859375e+02 1.348041687011718750e+02 1.365968627929687500e+02
1.328262329101562500e+02 1.348065948486328125e+02 1.364043121337890625e+02
1.327844696044921875e+02 1.348230590820312500e+02 1.362093658447265625e+02
1.327590484619140625e+02 1.348554840087890625e+02 1.360113677978515625e+02
1.327409362792968750e+02 1.348974456787109375e+02 1.358124389648437500e+02
1.327210845947265625e+02 1.349425048828125000e+02 1.356147155761718750e+02
1.326904602050781250e+02 1.349842529296875000e+02 1.354202880859375000e+02
1.326400299072265625e+02 1.350162200927734375e+02 1.352313079833984375e+02
1.325614929199218750e+02 1.350320281982421875e+02 1.350496673583984375e+02
1.324790344238281250e+02 1.350285797119140625e+02 1.348683929443359375e+02
1.324084930419921875e+02 1.350087127685546875e+02 1.346832885742187500e+02
1.323492126464843750e+02 1.349759063720703125e+02 1.344947814941406250e+02
1.323005523681640625e+02 1.349336090087890625e+02 1.343033599853515625e+02
1.322618713378906250e+02 1.348852996826171875e+02 1.341094512939453125e+02
1.322325134277343750e+02 1.348344268798828125e+02 1.339135284423828125e+02
1.322118530273437500e+02 1.347844696044921875e+02 1.337160339355468750e+02
1.321992340087890625e+02 1.347388916015625000e+02 1.335174255371093750e+02
1.321939086914062500e+02 1.347009277343750000e+02 1.333181610107421875e+02
1.321936340332031250e+02 1.346697692871093750e+02 1.331188507080078125e+02
1.321948089599609375e+02 1.346412353515625000e+02 1.329201507568359375e+02
1.321938171386718750e+02 1.346110076904296875e+02 1.327227630615234375e+02
1.321870269775390625e+02 1.345747985839843750e+02 1.325274047851562500e+02
1.321708221435546875e+02 1.345283050537109375e+02 1.323347473144531250e+02
1.321446533203125000e+02 1.344701232910156250e+02 1.321448364257812500e+02
1.321159210205078125e+02 1.344064941406250000e+02 1.319560394287109375e+02
1.320932922363281250e+02 1.343448638916015625e+02 1.317663879394531250e+02
1.320854797363281250e+02 1.342926940917968750e+02 1.315739898681640625e+02
1.320991210937500000e+02 1.342559509277343750e+02 1.313773193359375000e+02
1.321266326904296875e+02 1.342304687500000000e+02 1.311777496337890625e+02
1.321544342041015625e+02 1.342077636718750000e+02 1.309779205322265625e+02
1.321689147949218750e+02 1.341793518066406250e+02 1.307804260253906250e+02
1.321564788818359375e+02 1.341367187500000000e+02 1.305878753662109375e+02
1.321169891357421875e+02 1.340777893066406250e+02 1.304002838134765625e+02
1.321250457763671875e+02 1.340314025878906250e+02 1.302096405029296875e+02
1.322314453125000000e+02 1.339985961914062500e+02 1.300424804687500000e+02
1.322563476562500000e+02 1.339497528076171875e+02 1.298638916015625000e+02
1.322072143554687500e+02 1.338860015869140625e+02 1.296733093261718750e+02
1.321307220458984375e+02 1.338137512207031250e+02 1.294794158935546875e+02
1.320715332031250000e+02 1.337396850585937500e+02 1.292903747558593750e+02
1.320381011962890625e+02 1.336761169433593750e+02 1.291053771972656250e+02
1.320089874267578125e+02 1.336389465332031250e+02 1.289163970947265625e+02
1.319746856689453125e+02 1.336282806396484375e+02 1.287216186523437500e+02
1.319347991943359375e+02 1.336329803466796875e+02 1.285237121582031250e+02
1.318890838623046875e+02 1.336417388916015625e+02 1.283254852294921875e+02
1.318373260498046875e+02 1.336431884765625000e+02 1.281297302246093750e+02
1.317849731445312500e+02 1.336268157958984375e+02 1.279376220703125000e+02
1.317490386962890625e+02 1.335902404785156250e+02 1.277454910278320312e+02
1.317249145507812500e+02 1.335416717529296875e+02 1.275524444580078125e+02
1.317044219970703125e+02 1.334905090332031250e+02 1.273582000732421875e+02
1.316802825927734375e+02 1.334449157714843750e+02 1.271626205444335938e+02
1.316510467529296875e+02 1.334046020507812500e+02 1.269664382934570312e+02
1.316176910400390625e+02 1.333659057617187500e+02 1.267707824707031250e+02
1.315811462402343750e+02 1.333251037597656250e+02 1.265767669677734375e+02
1.315423889160156250e+02 1.332785491943359375e+02 1.263855209350585938e+02
1.315023498535156250e+02 1.332225036621093750e+02 1.261981506347656250e+02
1.314619903564453125e+02 1.331533050537109375e+02 1.260157928466796875e+02
1.314222869873046875e+02 1.330672607421875000e+02 1.258395538330078125e+02
1.313780517578125000e+02 1.329630126953125000e+02 1.256728134155273438e+02
1.312964324951171875e+02 1.328585357666015625e+02 1.255258407592773438e+02
1.312117767333984375e+02 1.327986602783203125e+02 1.253635864257812500e+02
1.311358184814453125e+02 1.327778625488281250e+02 1.251820068359375000e+02
1.310685577392578125e+02 1.327810821533203125e+02 1.249867782592773438e+02
1.310100250244140625e+02 1.327932891845703125e+02 1.247835769653320312e+02
1.309602203369140625e+02 1.327994232177734375e+02 1.245780868530273438e+02
1.309191894531250000e+02 1.327844390869140625e+02 1.243759765625000000e+02
1.308699798583984375e+02 1.327475280761718750e+02 1.241851272583007812e+02
1.307965698242187500e+02 1.327331542968750000e+02 1.240012054443359375e+02
1.307509765625000000e+02 1.327364959716796875e+02 1.238048400878906250e+02
1.307128906250000000e+02 1.327276153564453125e+02 1.236056671142578125e+02
1.306713867187500000e+02 1.326975250244140625e+02 1.234087219238281250e+02
1.306257019042968750e+02 1.326574249267578125e+02 1.232142257690429688e+02
1.305755004882812500e+02 1.326193389892578125e+02 1.230222244262695312e+02
1.305204315185546875e+02 1.325953063964843750e+02 1.228327407836914062e+02
1.304601440429687500e+02 1.325973205566406250e+02 1.226458053588867188e+02
1.303949584960937500e+02 1.326336059570312500e+02 1.224611587524414062e+02
1.303275146484375000e+02 1.326782073974609375e+02 1.222770233154296875e+02
1.302492675781250000e+02 1.326683349609375000e+02 1.220948638916015625e+02
1.301619262695312500e+02 1.326385498046875000e+02 1.219163284301757812e+02
1.300700988769531250e+02 1.326293334960937500e+02 1.217415542602539062e+02
1.299741973876953125e+02 1.326394348144531250e+02 1.215700149536132812e+02
1.298744354248046875e+02 1.326661071777343750e+02 1.214011383056640625e+02
1.297711029052734375e+02 1.327066192626953125e+02 1.212343597412109375e+02
1.296644287109375000e+02 1.327582092285156250e+02 1.210691146850585938e+02
1.295546569824218750e+02 1.328181457519531250e+02 1.209048461914062500e+02
1.294420471191406250e+02 1.328836975097656250e+02 1.207409820556640625e+02
1.293268737792968750e+02 1.329520721435546875e+02 1.205769577026367188e+02
1.292105560302734375e+02 1.330180816650390625e+02 1.204123611450195312e+02
1.290966491699218750e+02 1.330723266601562500e+02 1.202470016479492188e+02
1.289888916015625000e+02 1.331049194335937500e+02 1.200807113647460938e+02
1.288910217285156250e+02 1.331059875488281250e+02 1.199133529663085938e+02
1.288067016601562500e+02 1.330660705566406250e+02 1.197447280883789062e+02
1.287368927001953125e+02 1.329881134033203125e+02 1.195742492675781250e+02
1.286793060302734375e+02 1.328901824951171875e+02 1.194007568359375000e+02
1.286314544677734375e+02 1.327911529541015625e+02 1.192230911254882812e+02
1.285908355712890625e+02 1.327099914550781250e+02 1.190400772094726562e+02
1.285549621582031250e+02 1.326655883789062500e+02 1.188505401611328125e+02
1.285202178955078125e+02 1.326680450439453125e+02 1.186545867919921875e+02
1.284795227050781250e+02 1.326772155761718750e+02 1.184587707519531250e+02
1.284347686767578125e+02 1.326851196289062500e+02 1.182637100219726562e+02
1.283891754150390625e+02 1.326914672851562500e+02 1.180687942504882812e+02
1.283459320068359375e+02 1.326959838867187500e+02 1.178734283447265625e+02
1.283082733154296875e+02 1.326984252929687500e+02 1.176769943237304688e+02
1.282799530029296875e+02 1.326985931396484375e+02 1.174789505004882812e+02
1.282913970947265625e+02 1.327018432617187500e+02 1.172813415527343750e+02
1.283342285156250000e+02 1.327089691162109375e+02 1.170842590332031250e+02
1.283736419677734375e+02 1.327165374755859375e+02 1.168858566284179688e+02
1.283823852539062500e+02 1.327213439941406250e+02 1.166852035522460938e+02
1.283604431152343750e+02 1.327211608886718750e+02 1.164847335815429688e+02
1.283139648437500000e+02 1.327139282226562500e+02 1.162876434326171875e+02
1.282489471435546875e+02 1.326976776123046875e+02 1.160970382690429688e+02
1.281688995361328125e+02 1.326713714599609375e+02 1.159146804809570312e+02
1.280751800537109375e+02 1.326349029541015625e+02 1.157411575317382812e+02
1.279690399169921875e+02 1.325881347656250000e+02 1.155769958496093750e+02
1.278624191284179688e+02 1.325318908691406250e+02 1.154166412353515625e+02
1.277853927612304688e+02 1.324723510742187500e+02 1.152422256469726562e+02
1.276961135864257812e+02 1.324196777343750000e+02 1.150710678100585938e+02
1.275915908813476562e+02 1.323719482421875000e+02 1.149056625366210938e+02
1.274762420654296875e+02 1.323258972167968750e+02 1.147452316284179688e+02
1.273544692993164062e+02 1.322782745361328125e+02 1.145890045166015625e+02
1.272307052612304688e+02 1.322258453369140625e+02 1.144362106323242188e+02
1.271093597412109375e+02 1.321653289794921875e+02 1.142860717773437500e+02
1.269948425292968750e+02 1.320934906005859375e+02 1.141378326416015625e+02
1.268915863037109375e+02 1.320070953369140625e+02 1.139906997680664062e+02
1.268039779663085938e+02 1.319029235839843750e+02 1.138439025878906250e+02
1.267356796264648438e+02 1.317838745117187500e+02 1.136949691772460938e+02
1.266889114379882812e+02 1.316637878417968750e+02 1.135384216308593750e+02
1.266657714843750000e+02 1.315576629638671875e+02 1.133684768676757812e+02
1.266683578491210938e+02 1.314805145263671875e+02 1.131793212890625000e+02
1.266987609863281250e+02 1.314473419189453125e+02 1.129651641845703125e+02
1.267590637207031250e+02 1.314731445312500000e+02 1.127202072143554688e+02
1.268188705444335938e+02 1.315306701660156250e+02 1.125286407470703125e+02
