1.451552124023437500e+02 1.333269042968750000e+02 1.652662353515625000e+02
1.451053924560546875e+02 1.333361053466796875e+02 1.652302398681640625e+02
1.449747924804687500e+02 1.333612823486328125e+02 1.651342010498046875e+02
1.447916564941406250e+02 1.333987731933593750e+02 1.649959564208984375e+02
1.445842742919921875e+02 1.334448852539062500e+02 1.648334350585937500e+02
1.443809051513671875e+02 1.334959716796875000e+02 1.646644897460937500e+02
1.442062835693359375e+02 1.335483856201171875e+02 1.645044250488281250e+02
1.440632629394531250e+02 1.335984191894531250e+02 1.643528289794921875e+02
1.439464569091796875e+02 1.336424255371093750e+02 1.642032928466796875e+02
1.438504791259765625e+02 1.336767272949218750e+02 1.640494079589843750e+02
1.437698974609375000e+02 1.336976470947265625e+02 1.638847503662109375e+02
1.436996612548828125e+02 1.337032623291015625e+02 1.637047882080078125e+02
1.436362304687500000e+02 1.336994171142578125e+02 1.635132446289062500e+02
1.435764770507812500e+02 1.336940612792968750e+02 1.633161621093750000e+02
1.435177154541015625e+02 1.336942291259765625e+02 1.631188812255859375e+02
1.434595947265625000e+02 1.337013549804687500e+02 1.629227294921875000e+02
1.434026031494140625e+02 1.337147827148437500e+02 1.627276000976562500e+02
1.433473052978515625e+02 1.337339019775390625e+02 1.625333557128906250e+02
1.432942047119140625e+02 1.337580413818359375e+02 1.623398437500000000e+02
1.432438201904296875e+02 1.337865905761718750e+02 1.621469573974609375e+02
1.431966705322265625e+02 1.338189086914062500e+02 1.619545593261718750e+02
1.431533050537109375e+02 1.338543243408203125e+02 1.617625122070312500e+02
1.431142272949218750e+02 1.338922424316406250e+02 1.615706787109375000e+02
1.430799713134765625e+02 1.339319915771484375e+02 1.613789367675781250e+02
1.430510406494140625e+02 1.339729614257812500e+02 1.611871643066406250e+02
1.430279693603515625e+02 1.340144805908203125e+02 1.609951934814453125e+02
1.430109710693359375e+02 1.340559539794921875e+02 1.608029022216796875e+02
1.429996185302734375e+02 1.340967864990234375e+02 1.606100769042968750e+02
1.429934082031250000e+02 1.341363677978515625e+02 1.604164733886718750e+02
1.429918670654296875e+02 1.341741027832031250e+02 1.602219085693359375e+02
1.429944610595703125e+02 1.342094421386718750e+02 1.600261688232421875e+02
1.430007324218750000e+02 1.342417449951171875e+02 1.598290100097656250e+02
1.430101623535156250e+02 1.342704620361328125e+02 1.596302490234375000e+02
1.430222778320312500e+02 1.342949829101562500e+02 1.594296417236328125e+02
1.430365600585937500e+02 1.343147125244140625e+02 1.592269897460937500e+02
1.430525207519531250e+02 1.343290710449218750e+02 1.590220947265625000e+02
1.430696716308593750e+02 1.343374633789062500e+02 1.588146972656250000e+02
1.430871124267578125e+02 1.343391876220703125e+02 1.586048583984375000e+02
1.430977172851562500e+02 1.343317108154296875e+02 1.583962707519531250e+02
1.430892639160156250e+02 1.343110351562500000e+02 1.581956176757812500e+02
1.430494384765625000e+02 1.342731170654296875e+02 1.580096893310546875e+02
1.429694519042968750e+02 1.342153167724609375e+02 1.578433227539062500e+02
1.428618621826171875e+02 1.341434020996093750e+02 1.576896209716796875e+02
1.427471160888671875e+02 1.340663146972656250e+02 1.575374298095703125e+02
1.426449127197265625e+02 1.339926757812500000e+02 1.573759613037109375e+02
1.425603790283203125e+02 1.339259338378906250e+02 1.572030792236328125e+02
1.424850463867187500e+02 1.338646850585937500e+02 1.570246276855468750e+02
1.424099578857421875e+02 1.338073577880859375e+02 1.568467864990234375e+02
1.423261413574218750e+02 1.337523498535156250e+02 1.566757049560546875e+02
1.422246246337890625e+02 1.336980895996093750e+02 1.565175323486328125e+02
1.420997772216796875e+02 1.336436767578125000e+02 1.563761291503906250e+02
1.419542236328125000e+02 1.335898742675781250e+02 1.562496948242187500e+02
1.417919158935546875e+02 1.335377349853515625e+02 1.561355285644531250e+02
1.416167602539062500e+02 1.334882812500000000e+02 1.560309143066406250e+02
1.414324493408203125e+02 1.334425659179687500e+02 1.559332733154296875e+02
1.412422943115234375e+02 1.334015808105468750e+02 1.558401336669921875e+02
1.410495452880859375e+02 1.333663787841796875e+02 1.557490997314453125e+02
1.408574981689453125e+02 1.333379821777343750e+02 1.556577606201171875e+02
1.406693878173828125e+02 1.333174133300781250e+02 1.555636749267578125e+02
1.404884796142578125e+02 1.333056945800781250e+02 1.554644317626953125e+02
1.403180541992187500e+02 1.333038635253906250e+02 1.553576049804687500e+02
1.401613616943359375e+02 1.333129272460937500e+02 1.552407836914062500e+02
1.400216674804687500e+02 1.333339233398437500e+02 1.551115417480468750e+02
1.399022369384765625e+02 1.333678741455078125e+02 1.549674530029296875e+02
1.398061065673828125e+02 1.334155426025390625e+02 1.548062744140625000e+02
1.397298889160156250e+02 1.334709930419921875e+02 1.546298065185546875e+02
1.396635284423828125e+02 1.335211944580078125e+02 1.544441833496093750e+02
1.395966796875000000e+02 1.335528717041015625e+02 1.542557373046875000e+02
1.395241088867187500e+02 1.335642700195312500e+02 1.540685272216796875e+02
1.394497680664062500e+02 1.335741729736328125e+02 1.538826141357421875e+02
1.393785705566406250e+02 1.336033935546875000e+02 1.536976165771484375e+02
1.393207244873046875e+02 1.336466979980468750e+02 1.535099182128906250e+02
1.392859191894531250e+02 1.336549224853515625e+02 1.533130950927734375e+02
1.392338256835937500e+02 1.336540374755859375e+02 1.531204223632812500e+02
1.391651611328125000e+02 1.336512603759765625e+02 1.529321441650390625e+02
1.390888519287109375e+02 1.336465759277343750e+02 1.527456970214843750e+02
1.390137786865234375e+02 1.336399536132812500e+02 1.525584869384765625e+02
1.389488220214843750e+02 1.336313629150390625e+02 1.523679504394531250e+02
1.389084625244140625e+02 1.336168365478515625e+02 1.521723632812500000e+02
1.389200744628906250e+02 1.335820312500000000e+02 1.519751586914062500e+02
1.389467315673828125e+02 1.335554046630859375e+02 1.517773132324218750e+02
1.389617004394531250e+02 1.335554504394531250e+02 1.515790405273437500e+02
1.389657440185546875e+02 1.335784301757812500e+02 1.513807525634765625e+02
1.389612426757812500e+02 1.336193847656250000e+02 1.511828155517578125e+02
1.389504852294921875e+02 1.336733551025390625e+02 1.509856567382812500e+02
1.389358367919921875e+02 1.337353668212890625e+02 1.507896728515625000e+02
1.389196014404296875e+02 1.338004913330078125e+02 1.505952453613281250e+02
1.389041748046875000e+02 1.338637695312500000e+02 1.504028015136718750e+02
1.388976440429687500e+02 1.339261016845703125e+02 1.502127380371093750e+02
1.389078369140625000e+02 1.339845123291015625e+02 1.500206451416015625e+02
1.388972930908203125e+02 1.340237426757812500e+02 1.498253784179687500e+02
1.388142700195312500e+02 1.340682373046875000e+02 1.496484680175781250e+02
1.387113952636718750e+02 1.341131744384765625e+02 1.494769897460937500e+02
1.386145477294921875e+02 1.341538238525390625e+02 1.493039398193359375e+02
1.385207672119140625e+02 1.341897735595703125e+02 1.491303405761718750e+02
1.384266510009765625e+02 1.342206268310546875e+02 1.489573364257812500e+02
1.383287811279296875e+02 1.342460174560546875e+02 1.487860870361328125e+02
1.382237548828125000e+02 1.342655792236328125e+02 1.486177520751953125e+02
1.381081695556640625e+02 1.342789001464843750e+02 1.484534606933593750e+02
1.379786376953125000e+02 1.342856445312500000e+02 1.482943572998046875e+02
1.378340301513671875e+02 1.342888031005859375e+02 1.481423034667968750e+02
1.376839294433593750e+02 1.343073425292968750e+02 1.480023651123046875e+02
1.375410156250000000e+02 1.343647918701171875e+02 1.478805236816406250e+02
1.374154815673828125e+02 1.344790496826171875e+02 1.477809448242187500e+02
1.372933959960937500e+02 1.346123352050781250e+02 1.476894836425781250e+02
1.371587219238281250e+02 1.347221832275390625e+02 1.475904541015625000e+02
1.370146179199218750e+02 1.348104705810546875e+02 1.474826507568359375e+02
1.368660278320312500e+02 1.348832092285156250e+02 1.473661499023437500e+02
1.367178955078125000e+02 1.349463958740234375e+02 1.472411041259765625e+02
1.365751647949218750e+02 1.350060424804687500e+02 1.471076202392578125e+02
1.364427795410156250e+02 1.350681457519531250e+02 1.469658203125000000e+02
1.363256378173828125e+02 1.351385955810546875e+02 1.468158569335937500e+02
1.362273559570312500e+02 1.352198181152343750e+02 1.466587677001953125e+02
1.361500549316406250e+02 1.353100433349609375e+02 1.464966583251953125e+02
1.360955963134765625e+02 1.354073486328125000e+02 1.463316650390625000e+02
1.360619659423828125e+02 1.355103454589843750e+02 1.461652832031250000e+02
1.360432128906250000e+02 1.356183013916015625e+02 1.459983367919921875e+02
1.360331726074218750e+02 1.357304992675781250e+02 1.458316802978515625e+02
1.360256958007812500e+02 1.358462219238281250e+02 1.456660766601562500e+02
1.360146331787109375e+02 1.359647369384765625e+02 1.455023498535156250e+02
1.359938049316406250e+02 1.360853576660156250e+02 1.453413238525390625e+02
1.359570770263671875e+02 1.362073364257812500e+02 1.451838073730468750e+02
1.358991088867187500e+02 1.363295440673828125e+02 1.450302886962890625e+02
1.358251037597656250e+02 1.364453735351562500e+02 1.448774719238281250e+02
1.357475738525390625e+02 1.365444183349609375e+02 1.447194213867187500e+02
1.356791534423828125e+02 1.366162109375000000e+02 1.445501251220703125e+02
1.356296844482421875e+02 1.366534729003906250e+02 1.443651733398437500e+02
1.355949401855468750e+02 1.366649169921875000e+02 1.441681823730468750e+02
1.355662841796875000e+02 1.366642456054687500e+02 1.439652404785156250e+02
1.355351104736328125e+02 1.366651306152343750e+02 1.437624816894531250e+02
1.354956359863281250e+02 1.366768951416015625e+02 1.435640411376953125e+02
1.354481353759765625e+02 1.366994476318359375e+02 1.433699035644531250e+02
1.353936614990234375e+02 1.367315063476562500e+02 1.431795349121093750e+02
1.353332824707031250e+02 1.367717742919921875e+02 1.429923858642578125e+02
1.352680206298828125e+02 1.368189849853515625e+02 1.428079528808593750e+02
1.351989898681640625e+02 1.368717803955078125e+02 1.426256256103515625e+02
1.351283416748046875e+02 1.369272003173828125e+02 1.424443817138671875e+02
1.350591735839843750e+02 1.369808044433593750e+02 1.422626953125000000e+02
1.349946289062500000e+02 1.370280761718750000e+02 1.420790405273437500e+02
1.349378662109375000e+02 1.370644989013671875e+02 1.418918914794921875e+02
1.348916168212890625e+02 1.370861663818359375e+02 1.416999511718750000e+02
1.348556060791015625e+02 1.370932312011718750e+02 1.415037384033203125e+02
1.348282928466796875e+02 1.370876007080078125e+02 1.413044586181640625e+02
1.348081207275390625e+02 1.370711822509765625e+02 1.411033477783203125e+02
1.347935791015625000e+02 1.370458984375000000e+02 1.409016571044921875e+02
1.347830963134765625e+02 1.370136566162109375e+02 1.407006225585937500e+02
1.347751617431640625e+02 1.369763488769531250e+02 1.405014648437500000e+02
1.347675170898437500e+02 1.369358062744140625e+02 1.403049468994140625e+02
1.347551727294921875e+02 1.368933410644531250e+02 1.401097869873046875e+02
1.347361145019531250e+02 1.368494720458984375e+02 1.399152832031250000e+02
1.347106933593750000e+02 1.368043365478515625e+02 1.397215270996093750e+02
1.346792602539062500e+02 1.367580871582031250e+02 1.395286102294921875e+02
1.346421813964843750e+02 1.367108459472656250e+02 1.393366241455078125e+02
1.345998382568359375e+02 1.366627502441406250e+02 1.391456451416015625e+02
1.345526123046875000e+02 1.366139373779296875e+02 1.389557800292968750e+02
1.345008697509765625e+02 1.365645141601562500e+02 1.387671051025390625e+02
1.344449615478515625e+02 1.365146331787109375e+02 1.385797271728515625e+02
1.343852691650390625e+02 1.364644317626953125e+02 1.383937072753906250e+02
1.343233489990234375e+02 1.364131927490234375e+02 1.382091369628906250e+02
1.342769317626953125e+02 1.363489685058593750e+02 1.380256500244140625e+02
1.342593231201171875e+02 1.362642822265625000e+02 1.378426971435546875e+02
1.342651672363281250e+02 1.361663513183593750e+02 1.376598052978515625e+02
1.342881164550781250e+02 1.360631561279296875e+02 1.374765167236328125e+02
1.343218536376953125e+02 1.359626617431640625e+02 1.372923431396484375e+02
1.343600158691406250e+02 1.358728790283203125e+02 1.371068267822265625e+02
1.343962707519531250e+02 1.358017730712890625e+02 1.369195098876953125e+02
1.344242553710937500e+02 1.357573394775390625e+02 1.367299041748046875e+02
1.344376525878906250e+02 1.357475433349609375e+02 1.365375671386718750e+02
1.344315490722656250e+02 1.357771606445312500e+02 1.363422698974609375e+02
1.344107666015625000e+02 1.358292846679687500e+02 1.361455078125000000e+02
1.343840789794921875e+02 1.358782348632812500e+02 1.359494781494140625e+02
1.343602447509765625e+02 1.358982696533203125e+02 1.357563476562500000e+02
1.343457489013671875e+02 1.358728790283203125e+02 1.355674591064453125e+02
1.343407440185546875e+02 1.358103942871093750e+02 1.353817291259765625e+02
1.343443603515625000e+02 1.357233276367187500e+02 1.351977386474609375e+02
1.343556976318359375e+02 1.356242218017578125e+02 1.350140228271484375e+02
1.343739013671875000e+02 1.355255737304687500e+02 1.348291320800781250e+02
1.343980560302734375e+02 1.354398956298828125e+02 1.346416320800781250e+02
1.344273223876953125e+02 1.353784027099609375e+02 1.344502716064453125e+02
1.344608154296875000e+02 1.353376007080078125e+02 1.342560729980468750e+02
1.344977416992187500e+02 1.353050994873046875e+02 1.340614318847656250e+02
1.345372619628906250e+02 1.352682800292968750e+02 1.338688049316406250e+02
1.345785217285156250e+02 1.352146453857421875e+02 1.336806030273437500e+02
1.346111145019531250e+02 1.351445312500000000e+02 1.334964141845703125e+02
1.346223144531250000e+02 1.350728759765625000e+02 1.333124237060546875e+02
1.346208343505859375e+02 1.349995422363281250e+02 1.331279449462890625e+02
1.346167907714843750e+02 1.349233245849609375e+02 1.329424438476562500e+02
1.346202545166015625e+02 1.348430023193359375e+02 1.327554626464843750e+02
1.346409759521484375e+02 1.347575683593750000e+02 1.325665130615234375e+02
1.346757354736328125e+02 1.346742706298828125e+02 1.323755798339843750e+02
1.347044830322265625e+02 1.346109771728515625e+02 1.321832885742187500e+02
1.347060394287109375e+02 1.345863037109375000e+02 1.319903259277343750e+02
1.346634826660156250e+02 1.346098632812500000e+02 1.317977905273437500e+02
1.345941467285156250e+02 1.346282653808593750e+02 1.316093750000000000e+02
1.345137329101562500e+02 1.346326751708984375e+02 1.314245300292968750e+02
1.344318847656250000e+02 1.346377716064453125e+02 1.312409515380859375e+02
1.343582763671875000e+02 1.346582489013671875e+02 1.310563507080078125e+02
1.342915496826171875e+02 1.346981201171875000e+02 1.308716888427734375e+02
1.342115173339843750e+02 1.346868896484375000e+02 1.306886291503906250e+02
1.341336669921875000e+02 1.346857299804687500e+02 1.305049743652343750e+02
1.340516052246093750e+02 1.347001190185546875e+02 1.303229980468750000e+02
1.339729919433593750e+02 1.347218017578125000e+02 1.301387786865234375e+02
1.339055023193359375e+02 1.347425231933593750e+02 1.299484252929687500e+02
1.338530273437500000e+02 1.347574462890625000e+02 1.297503662109375000e+02
1.338027801513671875e+02 1.347769012451171875e+02 1.295537109375000000e+02
1.337372283935546875e+02 1.348155059814453125e+02 1.293705139160156250e+02
1.336413421630859375e+02 1.348860473632812500e+02 1.292114410400390625e+02
1.335349731445312500e+02 1.349751434326171875e+02 1.290658111572265625e+02
1.334342803955078125e+02 1.350690155029296875e+02 1.289202728271484375e+02
1.333450164794921875e+02 1.351607513427734375e+02 1.287666168212890625e+02
1.332668609619140625e+02 1.352484893798828125e+02 1.286037902832031250e+02
1.331962432861328125e+02 1.353329925537109375e+02 1.284345092773437500e+02
1.331295623779296875e+02 1.354150848388671875e+02 1.282615203857421875e+02
1.330632171630859375e+02 1.354955444335937500e+02 1.280875549316406250e+02
1.329936218261718750e+02 1.355751800537109375e+02 1.279153671264648438e+02
1.329171600341796875e+02 1.356548156738281250e+02 1.277477188110351562e+02
1.328302459716796875e+02 1.357352447509765625e+02 1.275873413085937500e+02
1.327292785644531250e+02 1.358172760009765625e+02 1.274369888305664062e+02
1.326129302978515625e+02 1.359002380371093750e+02 1.272969131469726562e+02
1.324886016845703125e+02 1.359780120849609375e+02 1.271579895019531250e+02
1.323636627197265625e+02 1.360472564697265625e+02 1.270134887695312500e+02
1.322431640625000000e+02 1.361094055175781250e+02 1.268620834350585938e+02
1.321319580078125000e+02 1.361661376953125000e+02 1.267027282714843750e+02
1.320349426269531250e+02 1.362191162109375000e+02 1.265343704223632812e+02
1.319570159912109375e+02 1.362700195312500000e+02 1.263559875488281250e+02
1.319026489257812500e+02 1.363201293945312500e+02 1.261667022705078125e+02
1.318686370849609375e+02 1.363628387451171875e+02 1.259690170288085938e+02
1.318449249267578125e+02 1.363846588134765625e+02 1.257684097290039062e+02
1.318212738037109375e+02 1.363718566894531250e+02 1.255704727172851562e+02
1.317911224365234375e+02 1.363262939453125000e+02 1.253775329589843750e+02
1.317602996826171875e+02 1.362849121093750000e+02 1.251834182739257812e+02
1.317303924560546875e+02 1.362499694824218750e+02 1.249877700805664062e+02
1.317025451660156250e+02 1.362210998535156250e+02 1.247907409667968750e+02
1.316778717041015625e+02 1.361979980468750000e+02 1.245924682617187500e+02
1.316575164794921875e+02 1.361803131103515625e+02 1.243930969238281250e+02
1.316425781250000000e+02 1.361677398681640625e+02 1.241927795410156250e+02
1.316341705322265625e+02 1.361599426269531250e+02 1.239916534423828125e+02
1.316321868896484375e+02 1.361571502685546875e+02 1.237900085449218750e+02
1.316352539062500000e+02 1.361601409912109375e+02 1.235882873535156250e+02
1.316418762207031250e+02 1.361697692871093750e+02 1.233869476318359375e+02
1.316505889892578125e+02 1.361868591308593750e+02 1.231864242553710938e+02
1.316598968505859375e+02 1.362122650146484375e+02 1.229871902465820312e+02
1.316683197021484375e+02 1.362467956542968750e+02 1.227896804809570312e+02
1.316743927001953125e+02 1.362913055419921875e+02 1.225943450927734375e+02
1.316747894287109375e+02 1.363432006835937500e+02 1.224004745483398438e+02
1.316640625000000000e+02 1.363948516845703125e+02 1.222058334350585938e+02
1.316414031982421875e+02 1.364447479248046875e+02 1.220109100341796875e+02
1.316069335937500000e+02 1.364925842285156250e+02 1.218167114257812500e+02
1.315607604980468750e+02 1.365380249023437500e+02 1.216242446899414062e+02
1.315029602050781250e+02 1.365807952880859375e+02 1.214345245361328125e+02
1.314336700439453125e+02 1.366205596923828125e+02 1.212485580444335938e+02
1.313529663085937500e+02 1.366570129394531250e+02 1.210673446655273438e+02
1.312609100341796875e+02 1.366899108886718750e+02 1.208919143676757812e+02
1.311568756103515625e+02 1.367200622558593750e+02 1.207234802246093750e+02
1.310395355224609375e+02 1.367492828369140625e+02 1.205634613037109375e+02
1.309075775146484375e+02 1.367794036865234375e+02 1.204132766723632812e+02
1.307597351074218750e+02 1.368122711181640625e+02 1.202743072509765625e+02
1.306000976562500000e+02 1.368499908447265625e+02 1.201449890136718750e+02
1.304414825439453125e+02 1.368950653076171875e+02 1.200189590454101562e+02
1.302975158691406250e+02 1.369500579833984375e+02 1.198893966674804688e+02
1.301818389892578125e+02 1.370175476074218750e+02 1.197494888305664062e+02
1.301067047119140625e+02 1.370997009277343750e+02 1.195930252075195312e+02
1.300671234130859375e+02 1.371938323974609375e+02 1.194214935302734375e+02
1.300464172363281250e+02 1.372940216064453125e+02 1.192415695190429688e+02
1.300276794433593750e+02 1.373942260742187500e+02 1.190600357055664062e+02
1.299940185546875000e+02 1.374884338378906250e+02 1.188836669921875000e+02
1.299285430908203125e+02 1.375706481933593750e+02 1.187192535400390625e+02
1.298214569091796875e+02 1.376364746093750000e+02 1.185704269409179688e+02
1.296846466064453125e+02 1.376864624023437500e+02 1.184312515258789062e+02
1.295341339111328125e+02 1.377221221923828125e+02 1.182939529418945312e+02
1.293861846923828125e+02 1.377453918457031250e+02 1.181509246826171875e+02
1.292766418457031250e+02 1.377958374023437500e+02 1.180061492919921875e+02
1.292265625000000000e+02 1.379051971435546875e+02 1.178535842895507812e+02
1.292159729003906250e+02 1.380447998046875000e+02 1.176617507934570312e+02
1.292257537841796875e+02 1.381836853027343750e+02 1.174305114746093750e+02
1.292416229248046875e+02 1.382902526855468750e+02 1.172317962646484375e+02
1.292499389648437500e+02 1.383328247070312500e+02 1.171473922729492188e+02
