9.359308332204818726e-02 4.430330172181129456e-02 7.869949936866760254e-01
1.496589742600917816e-02 2.509243553504347801e-03 9.626585841178894043e-01
-2.626797882840037346e-03 4.842203576117753983e-03 1.162927031517028809e+00
-1.490534632466733456e-03 4.497687797993421555e-03 1.363794445991516113e+00
-2.884580753743648529e-03 5.965859629213809967e-03 1.564476013183593750e+00
3.512630239129066467e-03 -7.066586054861545563e-03 1.764578342437744141e+00
-4.044597502797842026e-03 -7.222531829029321671e-03 1.965948462486267090e+00
3.190153045579791069e-03 -9.304237551987171173e-03 2.165862798690795898e+00
-1.318824104964733124e-02 -2.155776694416999817e-02 2.367405414581298828e+00
-6.098171230405569077e-03 -7.491998840123414993e-03 2.567594289779663086e+00
-5.978399422019720078e-03 4.696371888712747023e-06 2.767204046249389648e+00
-9.923544712364673615e-03 7.526589906774461269e-04 2.968272447586059570e+00
8.484141901135444641e-03 6.649207323789596558e-03 3.167780637741088867e+00
-2.117720665410161018e-03 8.798591792583465576e-03 3.368569135665893555e+00
-6.211025756783783436e-04 4.380341619253158569e-03 3.569277048110961914e+00
2.635943936184048653e-03 8.128921501338481903e-03 3.770109653472900391e+00
-3.563612699508666992e-03 1.012117369100451469e-03 3.970618963241577148e+00
6.395936477929353714e-03 5.536660552024841309e-03 4.170809268951416016e+00
-3.192434320226311684e-03 5.931309424340724945e-03 4.371379375457763672e+00
-4.543240182101726532e-03 3.789373440667986870e-03 4.572527885437011719e+00
-7.503639906644821167e-03 1.690227165818214417e-02 4.772117137908935547e+00
-7.514242082834243774e-03 2.751084044575691223e-03 4.972900390625000000e+00
-2.110187197104096413e-03 -8.174416143447160721e-04 5.173355102539062500e+00
-7.811190560460090637e-03 -2.993181813508272171e-03 5.373942852020263672e+00
6.593748694285750389e-04 9.260823571821674705e-05 5.574481010437011719e+00
5.026009865105152130e-03 7.616430521011352539e-03 5.774990081787109375e+00
-1.546456944197416306e-03 6.129341665655374527e-03 5.975314617156982422e+00
8.839797228574752808e-03 7.196255028247833252e-04 6.175663948059082031e+00
1.702379900962114334e-03 2.922456478700041771e-03 6.376203536987304688e+00
3.573743393644690514e-03 -3.665477270260453224e-03 6.577022075653076172e+00
4.288976080715656281e-03 5.950450897216796875e-03 6.776959419250488281e+00
-1.688525197096168995e-03 1.598398783244192600e-03 6.978001117706298828e+00
3.556235926225781441e-03 2.427163999527692795e-03 7.178369998931884766e+00
-4.566090181469917297e-03 -1.551489913254044950e-05 7.378975391387939453e+00
-1.261533237993717194e-03 2.353438409045338631e-03 7.579568386077880859e+00
1.008254243060946465e-03 9.856467368081212044e-04 7.780133724212646484e+00
-5.331056192517280579e-03 -3.790772985666990280e-03 7.980912685394287109e+00
1.751059200614690781e-03 4.018079780507832766e-04 8.181154251098632812e+00
5.157649051398038864e-03 -4.048143164254724979e-04 8.381836891174316406e+00
3.047430887818336487e-03 -1.446595066227018833e-03 8.582703590393066406e+00
1.219775993376970291e-02 8.022019639611244202e-03 8.782554626464843750e+00
7.691302336752414703e-03 1.602418837137520313e-03 8.983659744262695312e+00
-7.992642931640148163e-03 9.549381211400032043e-03 9.183465003967285156e+00
-9.449760429561138153e-03 4.081441555172204971e-03 9.384065628051757812e+00
-9.910673834383487701e-03 5.501278676092624664e-03 9.584829330444335938e+00
-7.327890489250421524e-03 6.677026394754648209e-03 9.785562515258789062e+00
-1.078281924128532410e-02 1.452951808460056782e-03 9.986465454101562500e+00
-2.599138766527175903e-03 6.432272959500551224e-03 1.018636131286621094e+01
-1.067548152059316635e-02 7.306119892746210098e-03 1.038690567016601562e+01
-7.052677217870950699e-03 -4.842232912778854370e-03 1.058763599395751953e+01
-3.671353682875633240e-03 -8.420287631452083588e-04 1.078810024261474609e+01
-1.103682816028594971e-02 3.220056649297475815e-03 1.098860836029052734e+01
1.166356014437042177e-04 9.573367424309253693e-03 1.118887329101562500e+01
-4.786818288266658783e-03 1.104552112519741058e-02 1.138936233520507812e+01
-2.746541984379291534e-03 1.586259901523590088e-02 1.159015274047851562e+01
-5.740167573094367981e-03 5.406895652413368225e-03 1.179040813446044922e+01
-2.867747098207473755e-03 2.968161832541227341e-03 1.199114799499511719e+01
1.091487574740312994e-04 5.360292736440896988e-03 1.219172763824462891e+01
-2.442341065034270287e-03 7.347316481173038483e-03 1.239240169525146484e+01
4.297775216400623322e-03 4.574766382575035095e-03 1.259299278259277344e+01
2.284132642671465874e-03 1.650019176304340363e-02 1.279349803924560547e+01
-5.651382729411125183e-03 1.570876687765121460e-02 1.299502563476562500e+01
1.259927824139595032e-02 1.342509500682353973e-02 1.319415760040283203e+01
1.539654564112424850e-02 2.002561092376708984e-02 1.339526748657226562e+01
9.860530495643615723e-03 1.175644248723983765e-02 1.359558582305908203e+01
2.470480045303702354e-03 3.570147557184100151e-03 1.379555416107177734e+01
2.133871195837855339e-03 1.050878595560789108e-02 1.399618434906005859e+01
-6.507535581476986408e-04 6.918407976627349854e-03 1.419678306579589844e+01
4.927806090563535690e-03 1.388459000736474991e-02 1.439778995513916016e+01
5.787196569144725800e-03 1.135563105344772339e-02 1.459803485870361328e+01
-1.243210630491375923e-03 7.961533032357692719e-03 1.479797554016113281e+01
-2.661269856616854668e-03 4.369276575744152069e-03 1.499848270416259766e+01
3.564590588212013245e-04 6.114653777331113815e-03 1.519929599761962891e+01
-2.796466462314128876e-03 5.570082925260066986e-03 1.539995670318603516e+01
1.139389700256288052e-03 3.364888951182365417e-03 1.560060596466064453e+01
1.816037460230290890e-03 3.620208473876118660e-03 1.580130958557128906e+01
2.712723799049854279e-03 6.440646830014884472e-04 1.600201225280761719e+01
1.099261548370122910e-02 2.425662009045481682e-03 1.620243453979492188e+01
5.366856697946786880e-03 2.128145657479763031e-03 1.640299224853515625e+01
4.723103251308202744e-03 7.553992327302694321e-03 1.660407066345214844e+01
-1.020844373852014542e-02 -1.022632233798503876e-02 1.680341911315917969e+01
-9.719188325107097626e-03 -2.653718460351228714e-03 1.700493621826171875e+01
8.529022336006164551e-03 5.196454469114542007e-03 1.720417594909667969e+01
-3.688796190544962883e-03 2.681241312529891729e-04 1.740517997741699219e+01
4.044942092150449753e-03 -6.272394675761461258e-03 1.760560989379882812e+01
-3.148093586787581444e-03 -1.073921681381762028e-03 1.780615043640136719e+01
-4.522694274783134460e-03 1.393884303979575634e-03 1.800672531127929688e+01
-2.959802281111478806e-03 3.661526832729578018e-03 1.820741844177246094e+01
-6.220062263309955597e-03 9.633846580982208252e-03 1.840797805786132812e+01
-2.970908069983124733e-03 1.014121156185865402e-02 1.860866546630859375e+01
-4.207332618534564972e-03 1.045428309589624405e-02 1.880942153930664062e+01
2.863597357645630836e-03 1.512678060680627823e-02 1.901015281677246094e+01
5.789974820800125599e-04 2.544857095927000046e-03 1.921021842956542969e+01
-6.209281273186206818e-03 6.897154729813337326e-03 1.941095161437988281e+01
9.258810896426439285e-04 5.680202972143888474e-03 1.961155891418457031e+01
-6.617823150008916855e-03 8.371520787477493286e-03 1.981206130981445312e+01
-9.102989919483661652e-03 1.163304783403873444e-02 2.001270103454589844e+01
-7.746228482574224472e-03 -4.555027466267347336e-03 2.021229171752929688e+01
-1.489755697548389435e-02 -3.456351812928915024e-03 2.041306495666503906e+01
-4.200209863483905792e-03 -1.076380489394068718e-03 2.061336898803710938e+01
-4.497236106544733047e-03 -1.083304267376661301e-02 2.081389808654785156e+01
-9.558033198118209839e-03 -1.066963560879230499e-02 2.101516532897949219e+01
5.606142338365316391e-03 -2.244442002847790718e-03 2.121507263183593750e+01
1.434986572712659836e-02 4.735730588436126709e-03 2.141707038879394531e+01
-1.834091381169855595e-03 -4.788848105818033218e-03 2.161603355407714844e+01
-1.206112839281558990e-02 -4.875849932432174683e-03 2.181591796875000000e+01
-3.538177115842700005e-03 -4.196776077151298523e-03 2.201731681823730469e+01
8.438709191977977753e-03 -1.161239575594663620e-03 2.221709442138671875e+01
-1.921946997754275799e-03 1.709088566713035107e-03 2.241813278198242188e+01
3.751287236809730530e-03 3.165776433888822794e-04 2.261883544921875000e+01
7.896652445197105408e-03 1.540775783360004425e-02 2.281837272644042969e+01
8.733621216379106045e-04 7.397853769361972809e-03 2.302000045776367188e+01
2.343381568789482117e-02 2.808575518429279327e-03 2.321871757507324219e+01
6.373704411089420319e-03 8.401950821280479431e-03 2.342106437683105469e+01
9.559458121657371521e-03 2.907413057982921600e-03 2.362051391601562500e+01
2.300830744206905365e-02 -1.041224412620067596e-02 2.382577133178710938e+01
6.578243523836135864e-02 -2.208234928548336029e-02 2.401590156555175781e+01
